  0.00000000E+00 -0.15718639E+01
  0.81821151E-02 -0.15906726E+01
  0.16364230E-01 -0.16170352E+01
  0.24546345E-01 -0.16461828E+01
  0.32728461E-01 -0.16764136E+01
  0.40910576E-01 -0.17070510E+01
  0.49092691E-01 -0.17377768E+01
  0.57274806E-01 -0.17684182E+01
  0.65456921E-01 -0.17988705E+01
  0.73639036E-01 -0.18290643E+01
  0.81821151E-01 -0.18589509E+01
  0.90003267E-01 -0.18884950E+01
  0.98185382E-01 -0.19176704E+01
  0.10636750E+00 -0.19464580E+01
  0.11454961E+00 -0.19748443E+01
  0.12273173E+00 -0.20028207E+01
  0.13091384E+00 -0.20303826E+01
  0.13909596E+00 -0.20575297E+01
  0.14727807E+00 -0.20842648E+01
  0.15546019E+00 -0.21105942E+01
  0.16364230E+00 -0.21365274E+01
  0.17182442E+00 -0.21620765E+01
  0.18000653E+00 -0.21872565E+01
  0.18818865E+00 -0.22120848E+01
  0.19637076E+00 -0.22365807E+01
  0.20455288E+00 -0.22607658E+01
  0.21273499E+00 -0.22846633E+01
  0.22091711E+00 -0.23082975E+01
  0.22909922E+00 -0.23316940E+01
  0.23728134E+00 -0.23548791E+01
  0.24546345E+00 -0.23778793E+01
  0.25364557E+00 -0.24007215E+01
  0.26182768E+00 -0.24234320E+01
  0.27000980E+00 -0.24460364E+01
  0.27819191E+00 -0.24685596E+01
  0.28637403E+00 -0.24910249E+01
  0.29455615E+00 -0.25134540E+01
  0.30273826E+00 -0.25358667E+01
  0.31092038E+00 -0.25582805E+01
  0.31910249E+00 -0.25807105E+01
  0.32728461E+00 -0.26031689E+01
  0.33546672E+00 -0.26256652E+01
  0.34364884E+00 -0.26482060E+01
  0.35183095E+00 -0.26707944E+01
  0.36001307E+00 -0.26934307E+01
  0.36819518E+00 -0.27161118E+01
  0.37637730E+00 -0.27388316E+01
  0.38455941E+00 -0.27615807E+01
  0.39274153E+00 -0.27843469E+01
  0.40092364E+00 -0.28071151E+01
  0.40910576E+00 -0.28298675E+01
  0.41728787E+00 -0.28525838E+01
  0.42546999E+00 -0.28752416E+01
  0.43365210E+00 -0.28978164E+01
  0.44183422E+00 -0.29202819E+01
  0.45001633E+00 -0.29426105E+01
  0.45819845E+00 -0.29647734E+01
  0.46638056E+00 -0.29867407E+01
  0.47456268E+00 -0.30084823E+01
  0.48274479E+00 -0.30299674E+01
  0.49092691E+00 -0.30511654E+01
  0.49910902E+00 -0.30720457E+01
  0.50729114E+00 -0.30925783E+01
  0.51547325E+00 -0.31127339E+01
  0.52365537E+00 -0.31324841E+01
  0.53183748E+00 -0.31518014E+01
  0.54001960E+00 -0.31706597E+01
  0.54820171E+00 -0.31890345E+01
  0.55638383E+00 -0.32069025E+01
  0.56456595E+00 -0.32242422E+01
  0.57274806E+00 -0.32410339E+01
  0.58093018E+00 -0.32572596E+01
  0.58911229E+00 -0.32729032E+01
  0.59729441E+00 -0.32879503E+01
  0.60547652E+00 -0.33023886E+01
  0.61365864E+00 -0.33162075E+01
  0.62184075E+00 -0.33293984E+01
  0.63002287E+00 -0.33419543E+01
  0.63820498E+00 -0.33538699E+01
  0.64638710E+00 -0.33651419E+01
  0.65456921E+00 -0.33757684E+01
  0.66275133E+00 -0.33857489E+01
  0.67093344E+00 -0.33950845E+01
  0.67911556E+00 -0.34037777E+01
  0.68729767E+00 -0.34118321E+01
  0.69547979E+00 -0.34192526E+01
  0.70366190E+00 -0.34260450E+01
  0.71184402E+00 -0.34322163E+01
  0.72002613E+00 -0.34377741E+01
  0.72820825E+00 -0.34427269E+01
  0.73639036E+00 -0.34470840E+01
  0.74457248E+00 -0.34508549E+01
  0.75275459E+00 -0.34540501E+01
  0.76093671E+00 -0.34566801E+01
  0.76911882E+00 -0.34587560E+01
  0.77730094E+00 -0.34602890E+01
  0.78548305E+00 -0.34612905E+01
  0.79366517E+00 -0.34617721E+01
  0.80184728E+00 -0.34617454E+01
  0.81002940E+00 -0.34612220E+01
  0.81824334E+00 -0.34602133E+01
  0.82645727E+00 -0.34617175E+01
  0.83467121E+00 -0.34646307E+01
  0.84288515E+00 -0.34689342E+01
  0.85109909E+00 -0.34746073E+01
  0.85931302E+00 -0.34816270E+01
  0.86752696E+00 -0.34899689E+01
  0.87574090E+00 -0.34996075E+01
  0.88395484E+00 -0.35105158E+01
  0.89216877E+00 -0.35226667E+01
  0.90038271E+00 -0.35360321E+01
  0.90859665E+00 -0.35505839E+01
  0.91681058E+00 -0.35662937E+01
  0.92502452E+00 -0.35831330E+01
  0.93323846E+00 -0.36010733E+01
  0.94145240E+00 -0.36200861E+01
  0.94966633E+00 -0.36401427E+01
  0.95788027E+00 -0.36612144E+01
  0.96609421E+00 -0.36832721E+01
  0.97430815E+00 -0.37062862E+01
  0.98252208E+00 -0.37302266E+01
  0.99073602E+00 -0.37550626E+01
  0.99894996E+00 -0.37807622E+01
  0.10071639E+01 -0.38072927E+01
  0.10153778E+01 -0.38346198E+01
  0.10235918E+01 -0.38627079E+01
  0.10318057E+01 -0.38915198E+01
  0.10400196E+01 -0.39210165E+01
  0.10482336E+01 -0.39511573E+01
  0.10564475E+01 -0.39818996E+01
  0.10646615E+01 -0.40131987E+01
  0.10728754E+01 -0.40450082E+01
  0.10810893E+01 -0.40772795E+01
  0.10893033E+01 -0.41099625E+01
  0.10975172E+01 -0.41430049E+01
  0.11057311E+01 -0.41763533E+01
  0.11139451E+01 -0.42099525E+01
  0.11221590E+01 -0.42437461E+01
  0.11303730E+01 -0.42776769E+01
  0.11385869E+01 -0.43116869E+01
  0.11468008E+01 -0.43457175E+01
  0.11550148E+01 -0.43797102E+01
  0.11632287E+01 -0.44136066E+01
  0.11714426E+01 -0.44473490E+01
  0.11796566E+01 -0.44808804E+01
  0.11878705E+01 -0.45141453E+01
  0.11960845E+01 -0.45470898E+01
  0.12042984E+01 -0.45796620E+01
  0.12125123E+01 -0.46118124E+01
  0.12207263E+01 -0.46434942E+01
  0.12289402E+01 -0.46746637E+01
  0.12371541E+01 -0.47052804E+01
  0.12453681E+01 -0.47353075E+01
  0.12535820E+01 -0.47647120E+01
  0.12617960E+01 -0.47934650E+01
  0.12700099E+01 -0.48215417E+01
  0.12782238E+01 -0.48489219E+01
  0.12864378E+01 -0.48755894E+01
  0.12946517E+01 -0.49015330E+01
  0.13028656E+01 -0.49267456E+01
  0.13110796E+01 -0.49512246E+01
  0.13192935E+01 -0.49749719E+01
  0.13275075E+01 -0.49979936E+01
  0.13357214E+01 -0.50202998E+01
  0.13439353E+01 -0.50419044E+01
  0.13521493E+01 -0.50628251E+01
  0.13603632E+01 -0.50830827E+01
  0.13685771E+01 -0.51027012E+01
  0.13767911E+01 -0.51217072E+01
  0.13850050E+01 -0.51401297E+01
  0.13932190E+01 -0.51579994E+01
  0.14014329E+01 -0.51753489E+01
  0.14096468E+01 -0.51922116E+01
  0.14178608E+01 -0.52086219E+01
  0.14260747E+01 -0.52246144E+01
  0.14342886E+01 -0.52402237E+01
  0.14425026E+01 -0.52554838E+01
  0.14507165E+01 -0.52704279E+01
  0.14589304E+01 -0.52850883E+01
  0.14671444E+01 -0.52994953E+01
  0.14753583E+01 -0.53136776E+01
  0.14835723E+01 -0.53276619E+01
  0.14917862E+01 -0.53414723E+01
  0.15000001E+01 -0.53551304E+01
  0.15082141E+01 -0.53686552E+01
  0.15164280E+01 -0.53820626E+01
  0.15246419E+01 -0.53953657E+01
  0.15328559E+01 -0.54085745E+01
  0.15410698E+01 -0.54216958E+01
  0.15492838E+01 -0.54347335E+01
  0.15574977E+01 -0.54476885E+01
  0.15657116E+01 -0.54605588E+01
  0.15739256E+01 -0.54733394E+01
  0.15821395E+01 -0.54860227E+01
  0.15903534E+01 -0.54985988E+01
  0.15985674E+01 -0.55110553E+01
  0.16067813E+01 -0.55233776E+01
  0.16149953E+01 -0.55355493E+01
  0.16232092E+01 -0.55475522E+01
  0.16314231E+01 -0.55593670E+01
  0.16396371E+01 -0.55709728E+01
  0.16478510E+01 -0.55823479E+01
  0.16560649E+01 -0.55934698E+01
  0.16642789E+01 -0.56043157E+01
  0.16724928E+01 -0.56148623E+01
  0.16807068E+01 -0.56250863E+01
  0.16889207E+01 -0.56349647E+01
  0.16971346E+01 -0.56444747E+01
  0.17053486E+01 -0.56535940E+01
  0.17135625E+01 -0.56623009E+01
  0.17217764E+01 -0.56705747E+01
  0.17299904E+01 -0.56783955E+01
  0.17382043E+01 -0.56857444E+01
  0.17464183E+01 -0.56926037E+01
  0.17546322E+01 -0.56989569E+01
  0.17628461E+01 -0.57047887E+01
  0.17710601E+01 -0.57100850E+01
  0.17792740E+01 -0.57148332E+01
  0.17874879E+01 -0.57190220E+01
  0.17957019E+01 -0.57226413E+01
  0.18039158E+01 -0.57256823E+01
  0.18121298E+01 -0.57281378E+01
  0.18203363E+01 -0.57300015E+01
  0.18285429E+01 -0.57224243E+01
  0.18367495E+01 -0.57141873E+01
  0.18449560E+01 -0.57053254E+01
  0.18531626E+01 -0.56958749E+01
  0.18613692E+01 -0.56858734E+01
  0.18695757E+01 -0.56753591E+01
  0.18777823E+01 -0.56643710E+01
  0.18859889E+01 -0.56529484E+01
  0.18941954E+01 -0.56411307E+01
  0.19024020E+01 -0.56289571E+01
  0.19106085E+01 -0.56164664E+01
  0.19188151E+01 -0.56036968E+01
  0.19270217E+01 -0.55906856E+01
  0.19352282E+01 -0.55774690E+01
  0.19434348E+01 -0.55640817E+01
  0.19516414E+01 -0.55505572E+01
  0.19598479E+01 -0.55369272E+01
  0.19680545E+01 -0.55232215E+01
  0.19762611E+01 -0.55094680E+01
  0.19844676E+01 -0.54956928E+01
  0.19926742E+01 -0.54819194E+01
  0.20008808E+01 -0.54681694E+01
  0.20090873E+01 -0.54544622E+01
  0.20172939E+01 -0.54408149E+01
  0.20255005E+01 -0.54272422E+01
  0.20337070E+01 -0.54137569E+01
  0.20419136E+01 -0.54003694E+01
  0.20501202E+01 -0.53870880E+01
  0.20583267E+01 -0.53739190E+01
  0.20665333E+01 -0.53608669E+01
  0.20747399E+01 -0.53479340E+01
  0.20829464E+01 -0.53351211E+01
  0.20911530E+01 -0.53224272E+01
  0.20993596E+01 -0.53098496E+01
  0.21075661E+01 -0.52973841E+01
  0.21157727E+01 -0.52850253E+01
  0.21239793E+01 -0.52727659E+01
  0.21321858E+01 -0.52605978E+01
  0.21403924E+01 -0.52485112E+01
  0.21485990E+01 -0.52364951E+01
  0.21568055E+01 -0.52245371E+01
  0.21650121E+01 -0.52126237E+01
  0.21732187E+01 -0.52007399E+01
  0.21814252E+01 -0.51888693E+01
  0.21896318E+01 -0.51769939E+01
  0.21978384E+01 -0.51650946E+01
  0.22060449E+01 -0.51531503E+01
  0.22142515E+01 -0.51411385E+01
  0.22224581E+01 -0.51290348E+01
  0.22306646E+01 -0.51168131E+01
  0.22388712E+01 -0.51044455E+01
  0.22470778E+01 -0.50919021E+01
  0.22552843E+01 -0.50791514E+01
  0.22634909E+01 -0.50661596E+01
  0.22716975E+01 -0.50528915E+01
  0.22799040E+01 -0.50393098E+01
  0.22881106E+01 -0.50253758E+01
  0.22963172E+01 -0.50110490E+01
  0.23045237E+01 -0.49962877E+01
  0.23127303E+01 -0.49810490E+01
  0.23209369E+01 -0.49652891E+01
  0.23291434E+01 -0.49489634E+01
  0.23373500E+01 -0.49320272E+01
  0.23455566E+01 -0.49144356E+01
  0.23537631E+01 -0.48961440E+01
  0.23619697E+01 -0.48771086E+01
  0.23701763E+01 -0.48572867E+01
  0.23783828E+01 -0.48366368E+01
  0.23865894E+01 -0.48151196E+01
  0.23947959E+01 -0.47926978E+01
  0.24030025E+01 -0.47693369E+01
  0.24112091E+01 -0.47450051E+01
  0.24194156E+01 -0.47196741E+01
  0.24276222E+01 -0.46933191E+01
  0.24358288E+01 -0.46659192E+01
  0.24440353E+01 -0.46374577E+01
  0.24522419E+01 -0.46079219E+01
  0.24604485E+01 -0.45773037E+01
  0.24686550E+01 -0.45455995E+01
  0.24768616E+01 -0.45128102E+01
  0.24850682E+01 -0.44789413E+01
  0.24932747E+01 -0.44440028E+01
  0.25014813E+01 -0.44080088E+01
  0.25096879E+01 -0.43709780E+01
  0.25178944E+01 -0.43329328E+01
  0.25261010E+01 -0.42938996E+01
  0.25343076E+01 -0.42539079E+01
  0.25425141E+01 -0.42129907E+01
  0.25507207E+01 -0.41711836E+01
  0.25589273E+01 -0.41285246E+01
  0.25671338E+01 -0.40850539E+01
  0.25753404E+01 -0.40408131E+01
  0.25835470E+01 -0.39958450E+01
  0.25917535E+01 -0.39501933E+01
  0.25999601E+01 -0.39039019E+01
  0.26081667E+01 -0.38570148E+01
  0.26163732E+01 -0.38095756E+01
  0.26245798E+01 -0.37616269E+01
  0.26327864E+01 -0.37132105E+01
  0.26409929E+01 -0.36643667E+01
  0.26491995E+01 -0.36151339E+01
  0.26574061E+01 -0.35655491E+01
  0.26656126E+01 -0.35156468E+01
  0.26738192E+01 -0.34654594E+01
  0.26820258E+01 -0.34150172E+01
  0.26902323E+01 -0.33643478E+01
  0.26984389E+01 -0.33134767E+01
  0.27066455E+01 -0.32624267E+01
  0.27148520E+01 -0.32112185E+01
  0.27230586E+01 -0.31598703E+01
  0.27312652E+01 -0.31083983E+01
  0.27394717E+01 -0.30568165E+01
  0.27476783E+01 -0.30051370E+01
  0.27558849E+01 -0.29533702E+01
  0.27640914E+01 -0.29015245E+01
  0.27722980E+01 -0.28496073E+01
  0.27805046E+01 -0.27976243E+01
  0.27887111E+01 -0.27455803E+01
  0.27969177E+01 -0.26934787E+01
  0.28051243E+01 -0.26413224E+01
  0.28133308E+01 -0.25891133E+01
  0.28215374E+01 -0.25368529E+01
  0.28297440E+01 -0.24845421E+01
  0.28379505E+01 -0.24321813E+01
  0.28461571E+01 -0.23797709E+01
  0.28543637E+01 -0.23273111E+01
  0.28625702E+01 -0.22748021E+01
  0.28707768E+01 -0.22222445E+01
  0.28789833E+01 -0.21696395E+01
  0.28871899E+01 -0.21169891E+01
  0.28953965E+01 -0.20642972E+01
  0.29036030E+01 -0.20115704E+01
  0.29118096E+01 -0.19588202E+01
  0.29200162E+01 -0.19060666E+01
  0.29282227E+01 -0.18533456E+01
  0.29364293E+01 -0.18007258E+01
  0.29446359E+01 -0.17483512E+01
  0.29528424E+01 -0.16965685E+01
  0.29610490E+01 -0.16464323E+01
  0.29692556E+01 -0.16026604E+01
  0.29774043E+01 -0.15909239E+01
  0.29855531E+01 -0.15914246E+01
  0.29937019E+01 -0.15919653E+01
  0.30018507E+01 -0.15925249E+01
  0.30099994E+01 -0.15930826E+01
  0.30181482E+01 -0.15936180E+01
  0.30262970E+01 -0.15941118E+01
  0.30344458E+01 -0.15945452E+01
  0.30425945E+01 -0.15949008E+01
  0.30507433E+01 -0.15951621E+01
  0.30588921E+01 -0.15953139E+01
  0.30670409E+01 -0.15953425E+01
  0.30751896E+01 -0.15952351E+01
  0.30833384E+01 -0.15949807E+01
  0.30914872E+01 -0.15945696E+01
  0.30996360E+01 -0.15939936E+01
  0.31077847E+01 -0.15932462E+01
  0.31159335E+01 -0.15923223E+01
  0.31240823E+01 -0.15912188E+01
  0.31322310E+01 -0.15899341E+01
  0.31403798E+01 -0.15884685E+01
  0.31485286E+01 -0.15868241E+01
  0.31566774E+01 -0.15850052E+01
  0.31648261E+01 -0.15830180E+01
  0.31729749E+01 -0.15808708E+01
  0.31811237E+01 -0.15785745E+01
  0.31892725E+01 -0.15761427E+01
  0.31974212E+01 -0.15735921E+01
  0.32055700E+01 -0.15709436E+01
  0.32137188E+01 -0.15682228E+01
  0.32218676E+01 -0.15654624E+01
  0.32300163E+01 -0.15627044E+01
  0.32381651E+01 -0.15600053E+01
  0.32463139E+01 -0.15574424E+01
  0.32544626E+01 -0.15551255E+01
  0.32626114E+01 -0.15532105E+01
  0.32707602E+01 -0.15519112E+01
  0.32789090E+01 -0.15514883E+01
  0.32870577E+01 -0.15521791E+01
  0.32952065E+01 -0.15540762E+01
  0.33033553E+01 -0.15570637E+01
  0.33115041E+01 -0.15608861E+01
  0.33196528E+01 -0.15652674E+01
  0.33278016E+01 -0.15699753E+01
  0.33359504E+01 -0.15748320E+01
  0.33440992E+01 -0.15797028E+01
  0.33522479E+01 -0.15844836E+01
  0.33603967E+01 -0.15890905E+01
  0.33685455E+01 -0.15934540E+01
  0.33766942E+01 -0.15975149E+01
  0.33848430E+01 -0.16012222E+01
  0.33929918E+01 -0.16045311E+01
  0.34011406E+01 -0.16074030E+01
  0.34092893E+01 -0.16098047E+01
  0.34174381E+01 -0.16117083E+01
  0.34255869E+01 -0.16130912E+01
  0.34337357E+01 -0.16139361E+01
  0.34418844E+01 -0.16142315E+01
  0.34500332E+01 -0.16139715E+01
  0.34581820E+01 -0.16131566E+01
  0.34663308E+01 -0.16117938E+01
  0.34744795E+01 -0.16098972E+01
  0.34826283E+01 -0.16074889E+01
  0.34907771E+01 -0.16045995E+01
  0.34989258E+01 -0.16012693E+01
  0.35070746E+01 -0.15975500E+01
  0.35152234E+01 -0.15935062E+01
  0.35233722E+01 -0.15892176E+01
  0.35315209E+01 -0.15847816E+01
  0.35396697E+01 -0.15803154E+01
  0.35478185E+01 -0.15759569E+01
  0.35560006E+01 -0.15718639E+01
  0.35641827E+01 -0.15906743E+01
  0.35723648E+01 -0.16095856E+01
  0.35805469E+01 -0.16280614E+01
  0.35887291E+01 -0.16459107E+01
  0.35969112E+01 -0.16630566E+01
  0.36050933E+01 -0.16794688E+01
  0.36132754E+01 -0.16951390E+01
  0.36214575E+01 -0.17100711E+01
  0.36296396E+01 -0.17242765E+01
  0.36378218E+01 -0.17377711E+01
  0.36460039E+01 -0.17505746E+01
  0.36541860E+01 -0.17627090E+01
  0.36623681E+01 -0.17741984E+01
  0.36705502E+01 -0.17850681E+01
  0.36787323E+01 -0.17953450E+01
  0.36869144E+01 -0.18050565E+01
  0.36950966E+01 -0.18142307E+01
  0.37032787E+01 -0.18228961E+01
  0.37114608E+01 -0.18310815E+01
  0.37196429E+01 -0.18388154E+01
  0.37278250E+01 -0.18461262E+01
  0.37360071E+01 -0.18530420E+01
  0.37441893E+01 -0.18595902E+01
  0.37523714E+01 -0.18657974E+01
  0.37605535E+01 -0.18716897E+01
  0.37687356E+01 -0.18772918E+01
  0.37769177E+01 -0.18826275E+01
  0.37850998E+01 -0.18877192E+01
  0.37932819E+01 -0.18925883E+01
  0.38014641E+01 -0.18972544E+01
  0.38096462E+01 -0.19017359E+01
  0.38178283E+01 -0.19060493E+01
  0.38260104E+01 -0.19102100E+01
  0.38341925E+01 -0.19142313E+01
  0.38423746E+01 -0.19181249E+01
  0.38505567E+01 -0.19219011E+01
  0.38587389E+01 -0.19255683E+01
  0.38669210E+01 -0.19291333E+01
  0.38751031E+01 -0.19326012E+01
  0.38832852E+01 -0.19359756E+01
  0.38914673E+01 -0.19392587E+01
  0.38996494E+01 -0.19424509E+01
  0.39078316E+01 -0.19455517E+01
  0.39160137E+01 -0.19485590E+01
  0.39241958E+01 -0.19514697E+01
  0.39323779E+01 -0.19542795E+01
  0.39405600E+01 -0.19569834E+01
  0.39487421E+01 -0.19595752E+01
  0.39569242E+01 -0.19620484E+01
  0.39651064E+01 -0.19643954E+01
  
  0.00000000E+00 -0.14694305E+01
  0.81821151E-02 -0.14523504E+01
  0.16364230E-01 -0.14276055E+01
  0.24546345E-01 -0.13999556E+01
  0.32728461E-01 -0.13710970E+01
  0.40910576E-01 -0.13417054E+01
  0.49092691E-01 -0.13121017E+01
  0.57274806E-01 -0.12824658E+01
  0.65456921E-01 -0.12529138E+01
  0.73639036E-01 -0.12235303E+01
  0.81821151E-01 -0.11943836E+01
  0.90003267E-01 -0.11655324E+01
  0.98185382E-01 -0.11370299E+01
  0.10636750E+00 -0.11089261E+01
  0.11454961E+00 -0.10812684E+01
  0.12273173E+00 -0.10541026E+01
  0.13091384E+00 -0.10274729E+01
  0.13909596E+00 -0.10014217E+01
  0.14727807E+00 -0.97599015E+00
  0.15546019E+00 -0.95121710E+00
  0.16364230E+00 -0.92713950E+00
  0.17182442E+00 -0.90379180E+00
  0.18000653E+00 -0.88120576E+00
  0.18818865E+00 -0.85941011E+00
  0.19637076E+00 -0.83843038E+00
  0.20455288E+00 -0.81828858E+00
  0.21273499E+00 -0.79900307E+00
  0.22091711E+00 -0.78058842E+00
  0.22909922E+00 -0.76305531E+00
  0.23728134E+00 -0.74641051E+00
  0.24546345E+00 -0.73065688E+00
  0.25364557E+00 -0.71579350E+00
  0.26182768E+00 -0.70181574E+00
  0.27000980E+00 -0.68871549E+00
  0.27819191E+00 -0.67648129E+00
  0.28637403E+00 -0.66509865E+00
  0.29455615E+00 -0.65455025E+00
  0.30273826E+00 -0.64481624E+00
  0.31092038E+00 -0.63587453E+00
  0.31910249E+00 -0.62770107E+00
  0.32728461E+00 -0.62027011E+00
  0.33546672E+00 -0.61355453E+00
  0.34364884E+00 -0.60752605E+00
  0.35183095E+00 -0.60215553E+00
  0.36001307E+00 -0.59741317E+00
  0.36819518E+00 -0.59326874E+00
  0.37637730E+00 -0.58969181E+00
  0.38455941E+00 -0.58665192E+00
  0.39274153E+00 -0.58411873E+00
  0.40092364E+00 -0.58206224E+00
  0.40910576E+00 -0.58045287E+00
  0.41728787E+00 -0.57926160E+00
  0.42546999E+00 -0.57846011E+00
  0.43365210E+00 -0.57802087E+00
  0.44183422E+00 -0.57791721E+00
  0.45001633E+00 -0.57812338E+00
  0.45819845E+00 -0.57861466E+00
  0.46638056E+00 -0.57936737E+00
  0.47456268E+00 -0.58035890E+00
  0.48274479E+00 -0.58156776E+00
  0.49092691E+00 -0.58297358E+00
  0.49910902E+00 -0.58455711E+00
  0.50729114E+00 -0.58630022E+00
  0.51547325E+00 -0.58818590E+00
  0.52365537E+00 -0.59019820E+00
  0.53183748E+00 -0.59232223E+00
  0.54001960E+00 -0.59454413E+00
  0.54820171E+00 -0.59685100E+00
  0.55638383E+00 -0.59923087E+00
  0.56456595E+00 -0.60167265E+00
  0.57274806E+00 -0.60416608E+00
  0.58093018E+00 -0.60670167E+00
  0.58911229E+00 -0.60927062E+00
  0.59729441E+00 -0.61186480E+00
  0.60547652E+00 -0.61447668E+00
  0.61365864E+00 -0.61709924E+00
  0.62184075E+00 -0.61972594E+00
  0.63002287E+00 -0.62235066E+00
  0.63820498E+00 -0.62496762E+00
  0.64638710E+00 -0.62757135E+00
  0.65456921E+00 -0.63015663E+00
  0.66275133E+00 -0.63271841E+00
  0.67093344E+00 -0.63525181E+00
  0.67911556E+00 -0.63775203E+00
  0.68729767E+00 -0.64021432E+00
  0.69547979E+00 -0.64263394E+00
  0.70366190E+00 -0.64500614E+00
  0.71184402E+00 -0.64732610E+00
  0.72002613E+00 -0.64958890E+00
  0.72820825E+00 -0.65178952E+00
  0.73639036E+00 -0.65392282E+00
  0.74457248E+00 -0.65598348E+00
  0.75275459E+00 -0.65796604E+00
  0.76093671E+00 -0.65986486E+00
  0.76911882E+00 -0.66167416E+00
  0.77730094E+00 -0.66338797E+00
  0.78548305E+00 -0.66500020E+00
  0.79366517E+00 -0.66650460E+00
  0.80184728E+00 -0.66789485E+00
  0.81002940E+00 -0.66916451E+00
  0.81824334E+00 -0.67030715E+00
  0.82645727E+00 -0.66946742E+00
  0.83467121E+00 -0.66635185E+00
  0.84288515E+00 -0.66096701E+00
  0.85109909E+00 -0.65332363E+00
  0.85931302E+00 -0.64343635E+00
  0.86752696E+00 -0.63132347E+00
  0.87574090E+00 -0.61700668E+00
  0.88395484E+00 -0.60051079E+00
  0.89216877E+00 -0.58186350E+00
  0.90038271E+00 -0.56109520E+00
  0.90859665E+00 -0.53823871E+00
  0.91681058E+00 -0.51332914E+00
  0.92502452E+00 -0.48640373E+00
  0.93323846E+00 -0.45750174E+00
  0.94145240E+00 -0.42666427E+00
  0.94966633E+00 -0.39393428E+00
  0.95788027E+00 -0.35935642E+00
  0.96609421E+00 -0.32297700E+00
  0.97430815E+00 -0.28484395E+00
  0.98252208E+00 -0.24500674E+00
  0.99073602E+00 -0.20351630E+00
  0.99894996E+00 -0.16042495E+00
  0.10071639E+01 -0.11578633E+00
  0.10153778E+01 -0.69655265E-01
  0.10235918E+01 -0.22087644E-01
  0.10318057E+01  0.26859738E-01
  0.10400196E+01  0.77129364E-01
  0.10482336E+01  0.12866320E+00
  0.10564475E+01  0.18140293E+00
  0.10646615E+01  0.23529022E+00
  0.10728754E+01  0.29026703E+00
  0.10810893E+01  0.34627587E+00
  0.10893033E+01  0.40326020E+00
  0.10975172E+01  0.46116473E+00
  0.11057311E+01  0.51993581E+00
  0.11139451E+01  0.57952178E+00
  0.11221590E+01  0.63987337E+00
  0.11303730E+01  0.70094402E+00
  0.11385869E+01  0.76269030E+00
  0.11468008E+01  0.82507216E+00
  0.11550148E+01  0.88805334E+00
  0.11632287E+01  0.95160155E+00
  0.11714426E+01  0.10156888E+01
  0.11796566E+01  0.10802914E+01
  0.11878705E+01  0.11453905E+01
  0.11960845E+01  0.12109715E+01
  0.12042984E+01  0.12770249E+01
  0.12125123E+01  0.13435455E+01
  0.12207263E+01  0.14105326E+01
  0.12289402E+01  0.14779899E+01
  0.12371541E+01  0.15459250E+01
  0.12453681E+01  0.16143492E+01
  0.12535820E+01  0.16832771E+01
  0.12617960E+01  0.17527261E+01
  0.12700099E+01  0.18227160E+01
  0.12782238E+01  0.18932683E+01
  0.12864378E+01  0.19644058E+01
  0.12946517E+01  0.20361516E+01
  0.13028656E+01  0.21085291E+01
  0.13110796E+01  0.21815606E+01
  0.13192935E+01  0.22552674E+01
  0.13275075E+01  0.23296687E+01
  0.13357214E+01  0.24047809E+01
  0.13439353E+01  0.24806174E+01
  0.13521493E+01  0.25571878E+01
  0.13603632E+01  0.26344974E+01
  0.13685771E+01  0.27125466E+01
  0.13767911E+01  0.27913307E+01
  0.13850050E+01  0.28708396E+01
  0.13932190E+01  0.29510570E+01
  0.14014329E+01  0.30319607E+01
  0.14096468E+01  0.31135219E+01
  0.14178608E+01  0.31957056E+01
  0.14260747E+01  0.32784701E+01
  0.14342886E+01  0.33617670E+01
  0.14425026E+01  0.34455416E+01
  0.14507165E+01  0.35297326E+01
  0.14589304E+01  0.36142725E+01
  0.14671444E+01  0.36990877E+01
  0.14753583E+01  0.37840989E+01
  0.14835723E+01  0.38692213E+01
  0.14917862E+01  0.39543648E+01
  0.15000001E+01  0.40394347E+01
  0.15082141E+01  0.41243320E+01
  0.15164280E+01  0.42089538E+01
  0.15246419E+01  0.42931937E+01
  0.15328559E+01  0.43769427E+01
  0.15410698E+01  0.44600892E+01
  0.15492838E+01  0.45425198E+01
  0.15574977E+01  0.46241199E+01
  0.15657116E+01  0.47047743E+01
  0.15739256E+01  0.47843675E+01
  0.15821395E+01  0.48627842E+01
  0.15903534E+01  0.49399104E+01
  0.15985674E+01  0.50156332E+01
  0.16067813E+01  0.50898420E+01
  0.16149953E+01  0.51624283E+01
  0.16232092E+01  0.52332870E+01
  0.16314231E+01  0.53023160E+01
  0.16396371E+01  0.53694175E+01
  0.16478510E+01  0.54344978E+01
  0.16560649E+01  0.54974679E+01
  0.16642789E+01  0.55582442E+01
  0.16724928E+01  0.56167483E+01
  0.16807068E+01  0.56729080E+01
  0.16889207E+01  0.57266571E+01
  0.16971346E+01  0.57779361E+01
  0.17053486E+01  0.58266922E+01
  0.17135625E+01  0.58728802E+01
  0.17217764E+01  0.59164621E+01
  0.17299904E+01  0.59574078E+01
  0.17382043E+01  0.59956956E+01
  0.17464183E+01  0.60313120E+01
  0.17546322E+01  0.60642527E+01
  0.17628461E+01  0.60945223E+01
  0.17710601E+01  0.61221348E+01
  0.17792740E+01  0.61471144E+01
  0.17874879E+01  0.61694950E+01
  0.17957019E+01  0.61893211E+01
  0.18039158E+01  0.62066480E+01
  0.18121298E+01  0.62215418E+01
  0.18203363E+01  0.62340796E+01
  0.18285429E+01  0.62186857E+01
  0.18367495E+01  0.62016678E+01
  0.18449560E+01  0.61830617E+01
  0.18531626E+01  0.61629061E+01
  0.18613692E+01  0.61412420E+01
  0.18695757E+01  0.61181126E+01
  0.18777823E+01  0.60935630E+01
  0.18859889E+01  0.60676395E+01
  0.18941954E+01  0.60403893E+01
  0.19024020E+01  0.60118599E+01
  0.19106085E+01  0.59820986E+01
  0.19188151E+01  0.59511519E+01
  0.19270217E+01  0.59190646E+01
  0.19352282E+01  0.58858797E+01
  0.19434348E+01  0.58516372E+01
  0.19516414E+01  0.58163740E+01
  0.19598479E+01  0.57801228E+01
  0.19680545E+01  0.57429116E+01
  0.19762611E+01  0.57047635E+01
  0.19844676E+01  0.56656959E+01
  0.19926742E+01  0.56257202E+01
  0.20008808E+01  0.55848415E+01
  0.20090873E+01  0.55430586E+01
  0.20172939E+01  0.55003641E+01
  0.20255005E+01  0.54567444E+01
  0.20337070E+01  0.54121806E+01
  0.20419136E+01  0.53666490E+01
  0.20501202E+01  0.53201221E+01
  0.20583267E+01  0.52725699E+01
  0.20665333E+01  0.52239613E+01
  0.20747399E+01  0.51742658E+01
  0.20829464E+01  0.51234551E+01
  0.20911530E+01  0.50715048E+01
  0.20993596E+01  0.50183961E+01
  0.21075661E+01  0.49641172E+01
  0.21157727E+01  0.49086645E+01
  0.21239793E+01  0.48520435E+01
  0.21321858E+01  0.47942693E+01
  0.21403924E+01  0.47353669E+01
  0.21485990E+01  0.46753707E+01
  0.21568055E+01  0.46143241E+01
  0.21650121E+01  0.45522789E+01
  0.21732187E+01  0.44892942E+01
  0.21814252E+01  0.44254349E+01
  0.21896318E+01  0.43607712E+01
  0.21978384E+01  0.42953767E+01
  0.22060449E+01  0.42293276E+01
  0.22142515E+01  0.41627012E+01
  0.22224581E+01  0.40955751E+01
  0.22306646E+01  0.40280264E+01
  0.22388712E+01  0.39601301E+01
  0.22470778E+01  0.38919591E+01
  0.22552843E+01  0.38235830E+01
  0.22634909E+01  0.37550679E+01
  0.22716975E+01  0.36864757E+01
  0.22799040E+01  0.36178639E+01
  0.22881106E+01  0.35492852E+01
  0.22963172E+01  0.34807874E+01
  0.23045237E+01  0.34124133E+01
  0.23127303E+01  0.33442007E+01
  0.23209369E+01  0.32761822E+01
  0.23291434E+01  0.32083857E+01
  0.23373500E+01  0.31408343E+01
  0.23455566E+01  0.30735464E+01
  0.23537631E+01  0.30065362E+01
  0.23619697E+01  0.29398140E+01
  0.23701763E+01  0.28733864E+01
  0.23783828E+01  0.28072566E+01
  0.23865894E+01  0.27414247E+01
  0.23947959E+01  0.26758886E+01
  0.24030025E+01  0.26106435E+01
  0.24112091E+01  0.25456831E+01
  0.24194156E+01  0.24809995E+01
  0.24276222E+01  0.24165837E+01
  0.24358288E+01  0.23524258E+01
  0.24440353E+01  0.22885154E+01
  0.24522419E+01  0.22248420E+01
  0.24604485E+01  0.21613951E+01
  0.24686550E+01  0.20981642E+01
  0.24768616E+01  0.20351395E+01
  0.24850682E+01  0.19723117E+01
  0.24932747E+01  0.19096720E+01
  0.25014813E+01  0.18472124E+01
  0.25096879E+01  0.17849258E+01
  0.25178944E+01  0.17228058E+01
  0.25261010E+01  0.16608468E+01
  0.25343076E+01  0.15990441E+01
  0.25425141E+01  0.15373935E+01
  0.25507207E+01  0.14758917E+01
  0.25589273E+01  0.14145357E+01
  0.25671338E+01  0.13533234E+01
  0.25753404E+01  0.12922527E+01
  0.25835470E+01  0.12313222E+01
  0.25917535E+01  0.11705305E+01
  0.25999601E+01  0.11098765E+01
  0.26081667E+01  0.10493592E+01
  0.26163732E+01  0.98897756E+00
  0.26245798E+01  0.92873058E+00
  0.26327864E+01  0.86861717E+00
  0.26409929E+01  0.80863613E+00
  0.26491995E+01  0.74878612E+00
  0.26574061E+01  0.68906562E+00
  0.26656126E+01  0.62947297E+00
  0.26738192E+01  0.57000631E+00
  0.26820258E+01  0.51066360E+00
  0.26902323E+01  0.45144265E+00
  0.26984389E+01  0.39234114E+00
  0.27066455E+01  0.33335658E+00
  0.27148520E+01  0.27448644E+00
  0.27230586E+01  0.21572806E+00
  0.27312652E+01  0.15707879E+00
  0.27394717E+01  0.98535957E-01
  0.27476783E+01  0.40096917E-01
  0.27558849E+01 -0.18240893E-01
  0.27640914E+01 -0.76479921E-01
  0.27722980E+01 -0.13462246E+00
  0.27805046E+01 -0.19267061E+00
  0.27887111E+01 -0.25062620E+00
  0.27969177E+01 -0.30849077E+00
  0.28051243E+01 -0.36626553E+00
  0.28133308E+01 -0.42395125E+00
  0.28215374E+01 -0.48154823E+00
  0.28297440E+01 -0.53905625E+00
  0.28379505E+01 -0.59647444E+00
  0.28461571E+01 -0.65380124E+00
  0.28543637E+01 -0.71103424E+00
  0.28625702E+01 -0.76817004E+00
  0.28707768E+01 -0.82520406E+00
  0.28789833E+01 -0.88213024E+00
  0.28871899E+01 -0.93894059E+00
  0.28953965E+01 -0.99562456E+00
  0.29036030E+01 -0.10521679E+01
  0.29118096E+01 -0.11085505E+01
  0.29200162E+01 -0.11647430E+01
  0.29282227E+01 -0.12206993E+01
  0.29364293E+01 -0.12763394E+01
  0.29446359E+01 -0.13315077E+01
  0.29528424E+01 -0.13858447E+01
  0.29610490E+01 -0.14382827E+01
  0.29692556E+01 -0.14840900E+01
  0.29774043E+01 -0.14975811E+01
  0.29855531E+01 -0.14955892E+01
  0.29937019E+01 -0.14934573E+01
  0.30018507E+01 -0.14912114E+01
  0.30099994E+01 -0.14888789E+01
  0.30181482E+01 -0.14864879E+01
  0.30262970E+01 -0.14840676E+01
  0.30344458E+01 -0.14816473E+01
  0.30425945E+01 -0.14792571E+01
  0.30507433E+01 -0.14769270E+01
  0.30588921E+01 -0.14746871E+01
  0.30670409E+01 -0.14725673E+01
  0.30751896E+01 -0.14705970E+01
  0.30833384E+01 -0.14688052E+01
  0.30914872E+01 -0.14672197E+01
  0.30996360E+01 -0.14658675E+01
  0.31077847E+01 -0.14647740E+01
  0.31159335E+01 -0.14639628E+01
  0.31240823E+01 -0.14634558E+01
  0.31322310E+01 -0.14632722E+01
  0.31403798E+01 -0.14634289E+01
  0.31485286E+01 -0.14639397E+01
  0.31566774E+01 -0.14648151E+01
  0.31648261E+01 -0.14660620E+01
  0.31729749E+01 -0.14676833E+01
  0.31811237E+01 -0.14696773E+01
  0.31892725E+01 -0.14720375E+01
  0.31974212E+01 -0.14747518E+01
  0.32055700E+01 -0.14778015E+01
  0.32137188E+01 -0.14811605E+01
  0.32218676E+01 -0.14847927E+01
  0.32300163E+01 -0.14886500E+01
  0.32381651E+01 -0.14926671E+01
  0.32463139E+01 -0.14967547E+01
  0.32544626E+01 -0.15007889E+01
  0.32626114E+01 -0.15045966E+01
  0.32707602E+01 -0.15079441E+01
  0.32789090E+01 -0.15105489E+01
  0.32870577E+01 -0.15121496E+01
  0.32952065E+01 -0.15126272E+01
  0.33033553E+01 -0.15120701E+01
  0.33115041E+01 -0.15107041E+01
  0.33196528E+01 -0.15087752E+01
  0.33278016E+01 -0.15064842E+01
  0.33359504E+01 -0.15039775E+01
  0.33440992E+01 -0.15013576E+01
  0.33522479E+01 -0.14986975E+01
  0.33603967E+01 -0.14960496E+01
  0.33685455E+01 -0.14934535E+01
  0.33766942E+01 -0.14909392E+01
  0.33848430E+01 -0.14885308E+01
  0.33929918E+01 -0.14862473E+01
  0.34011406E+01 -0.14841043E+01
  0.34092893E+01 -0.14821143E+01
  0.34174381E+01 -0.14802873E+01
  0.34255869E+01 -0.14786312E+01
  0.34337357E+01 -0.14771514E+01
  0.34418844E+01 -0.14758514E+01
  0.34500332E+01 -0.14747323E+01
  0.34581820E+01 -0.14737928E+01
  0.34663308E+01 -0.14730288E+01
  0.34744795E+01 -0.14724327E+01
  0.34826283E+01 -0.14719929E+01
  0.34907771E+01 -0.14716930E+01
  0.34989258E+01 -0.14715103E+01
  0.35070746E+01 -0.14714145E+01
  0.35152234E+01 -0.14713655E+01
  0.35233722E+01 -0.14713111E+01
  0.35315209E+01 -0.14711842E+01
  0.35396697E+01 -0.14709003E+01
  0.35478185E+01 -0.14703562E+01
  0.35560006E+01 -0.14694305E+01
  0.35641827E+01 -0.14487255E+01
  0.35723648E+01 -0.14278450E+01
  0.35805469E+01 -0.14073521E+01
  0.35887291E+01 -0.13874636E+01
  0.35969112E+01 -0.13682810E+01
  0.36050933E+01 -0.13498578E+01
  0.36132754E+01 -0.13322238E+01
  0.36214575E+01 -0.13153948E+01
  0.36296396E+01 -0.12993774E+01
  0.36378218E+01 -0.12841712E+01
  0.36460039E+01 -0.12697704E+01
  0.36541860E+01 -0.12561644E+01
  0.36623681E+01 -0.12433387E+01
  0.36705502E+01 -0.12312752E+01
  0.36787323E+01 -0.12199524E+01
  0.36869144E+01 -0.12093461E+01
  0.36950966E+01 -0.11994296E+01
  0.37032787E+01 -0.11901740E+01
  0.37114608E+01 -0.11815484E+01
  0.37196429E+01 -0.11735202E+01
  0.37278250E+01 -0.11660556E+01
  0.37360071E+01 -0.11591197E+01
  0.37441893E+01 -0.11526766E+01
  0.37523714E+01 -0.11466898E+01
  0.37605535E+01 -0.11411225E+01
  0.37687356E+01 -0.11359376E+01
  0.37769177E+01 -0.11310981E+01
  0.37850998E+01 -0.11265671E+01
  0.37932819E+01 -0.11223081E+01
  0.38014641E+01 -0.11182852E+01
  0.38096462E+01 -0.11144633E+01
  0.38178283E+01 -0.11108083E+01
  0.38260104E+01 -0.11072869E+01
  0.38341925E+01 -0.11038676E+01
  0.38423746E+01 -0.11005201E+01
  0.38505567E+01 -0.10972159E+01
  0.38587389E+01 -0.10939284E+01
  0.38669210E+01 -0.10906329E+01
  0.38751031E+01 -0.10873073E+01
  0.38832852E+01 -0.10839315E+01
  0.38914673E+01 -0.10804883E+01
  0.38996494E+01 -0.10769630E+01
  0.39078316E+01 -0.10733438E+01
  0.39160137E+01 -0.10696218E+01
  0.39241958E+01 -0.10657912E+01
  0.39323779E+01 -0.10618493E+01
  0.39405600E+01 -0.10577964E+01
  0.39487421E+01 -0.10536361E+01
  0.39569242E+01 -0.10493750E+01
  0.39651064E+01 -0.10450230E+01
  
  0.00000000E+00  0.23516986E+01
  0.81821151E-02  0.23478306E+01
  0.16364230E-01  0.23380576E+01
  0.24546345E-01  0.23244431E+01
  0.32728461E-01  0.23087116E+01
  0.40910576E-01  0.22920129E+01
  0.49092691E-01  0.22750677E+01
  0.57274806E-01  0.22583327E+01
  0.65456921E-01  0.22421104E+01
  0.73639036E-01  0.22266120E+01
  0.81821151E-01  0.22119940E+01
  0.90003267E-01  0.21983777E+01
  0.98185382E-01  0.21858623E+01
  0.10636750E+00  0.21745312E+01
  0.11454961E+00  0.21644568E+01
  0.12273173E+00  0.21557035E+01
  0.13091384E+00  0.21483288E+01
  0.13909596E+00  0.21423849E+01
  0.14727807E+00  0.21379193E+01
  0.15546019E+00  0.21349749E+01
  0.16364230E+00  0.21335906E+01
  0.17182442E+00  0.21338013E+01
  0.18000653E+00  0.21356380E+01
  0.18818865E+00  0.21391280E+01
  0.19637076E+00  0.21442946E+01
  0.20455288E+00  0.21511575E+01
  0.21273499E+00  0.21597328E+01
  0.22091711E+00  0.21700331E+01
  0.22909922E+00  0.21820676E+01
  0.23728134E+00  0.21958420E+01
  0.24546345E+00  0.22113592E+01
  0.25364557E+00  0.22286189E+01
  0.26182768E+00  0.22476183E+01
  0.27000980E+00  0.22683517E+01
  0.27819191E+00  0.22908109E+01
  0.28637403E+00  0.23149854E+01
  0.29455615E+00  0.23408623E+01
  0.30273826E+00  0.23684265E+01
  0.31092038E+00  0.23976605E+01
  0.31910249E+00  0.24285445E+01
  0.32728461E+00  0.24610563E+01
  0.33546672E+00  0.24951709E+01
  0.34364884E+00  0.25308611E+01
  0.35183095E+00  0.25680965E+01
  0.36001307E+00  0.26068439E+01
  0.36819518E+00  0.26470668E+01
  0.37637730E+00  0.26887257E+01
  0.38455941E+00  0.27317774E+01
  0.39274153E+00  0.27761752E+01
  0.40092364E+00  0.28218690E+01
  0.40910576E+00  0.28688049E+01
  0.41728787E+00  0.29169254E+01
  0.42546999E+00  0.29661694E+01
  0.43365210E+00  0.30164724E+01
  0.44183422E+00  0.30677663E+01
  0.45001633E+00  0.31199801E+01
  0.45819845E+00  0.31730394E+01
  0.46638056E+00  0.32268673E+01
  0.47456268E+00  0.32813844E+01
  0.48274479E+00  0.33365089E+01
  0.49092691E+00  0.33921572E+01
  0.49910902E+00  0.34482439E+01
  0.50729114E+00  0.35046827E+01
  0.51547325E+00  0.35613859E+01
  0.52365537E+00  0.36182657E+01
  0.53183748E+00  0.36752337E+01
  0.54001960E+00  0.37322017E+01
  0.54820171E+00  0.37890819E+01
  0.55638383E+00  0.38457872E+01
  0.56456595E+00  0.39022315E+01
  0.57274806E+00  0.39583300E+01
  0.58093018E+00  0.40139996E+01
  0.58911229E+00  0.40691587E+01
  0.59729441E+00  0.41237278E+01
  0.60547652E+00  0.41776297E+01
  0.61365864E+00  0.42307894E+01
  0.62184075E+00  0.42831342E+01
  0.63002287E+00  0.43345943E+01
  0.63820498E+00  0.43851022E+01
  0.64638710E+00  0.44345931E+01
  0.65456921E+00  0.44830049E+01
  0.66275133E+00  0.45302781E+01
  0.67093344E+00  0.45763556E+01
  0.67911556E+00  0.46211828E+01
  0.68729767E+00  0.46647073E+01
  0.69547979E+00  0.47068787E+01
  0.70366190E+00  0.47476483E+01
  0.71184402E+00  0.47869685E+01
  0.72002613E+00  0.48247923E+01
  0.72820825E+00  0.48610723E+01
  0.73639036E+00  0.48957588E+01
  0.74457248E+00  0.49287974E+01
  0.75275459E+00  0.49601233E+01
  0.76093671E+00  0.49896518E+01
  0.76911882E+00  0.50172561E+01
  0.77730094E+00  0.50427160E+01
  0.78548305E+00  0.50655781E+01
  0.79366517E+00  0.50847489E+01
  0.80184728E+00  0.50974649E+01
  0.81002940E+00  0.50994711E+01
  0.81824334E+00  0.50911663E+01
  0.82645727E+00  0.50913434E+01
  0.83467121E+00  0.50914748E+01
  0.84288515E+00  0.50915636E+01
  0.85109909E+00  0.50916161E+01
  0.85931302E+00  0.50916412E+01
  0.86752696E+00  0.50916510E+01
  0.87574090E+00  0.50916597E+01
  0.88395484E+00  0.50916839E+01
  0.89216877E+00  0.50917422E+01
  0.90038271E+00  0.50918546E+01
  0.90859665E+00  0.50920430E+01
  0.91681058E+00  0.50923299E+01
  0.92502452E+00  0.50927391E+01
  0.93323846E+00  0.50932946E+01
  0.94145240E+00  0.50940212E+01
  0.94966633E+00  0.50949433E+01
  0.95788027E+00  0.50960856E+01
  0.96609421E+00  0.50974723E+01
  0.97430815E+00  0.50991270E+01
  0.98252208E+00  0.51010726E+01
  0.99073602E+00  0.51033312E+01
  0.99894996E+00  0.51059234E+01
  0.10071639E+01  0.51088691E+01
  0.10153778E+01  0.51121862E+01
  0.10235918E+01  0.51113043E+01
  0.10318057E+01  0.51075838E+01
  0.10400196E+01  0.51040833E+01
  0.10482336E+01  0.51008546E+01
  0.10564475E+01  0.50979502E+01
  0.10646615E+01  0.50954229E+01
  0.10728754E+01  0.50933251E+01
  0.10810893E+01  0.50917088E+01
  0.10893033E+01  0.50906245E+01
  0.10975172E+01  0.50901218E+01
  0.11057311E+01  0.50902478E+01
  0.11139451E+01  0.50910476E+01
  0.11221590E+01  0.50925636E+01
  0.11303730E+01  0.50948348E+01
  0.11385869E+01  0.50978970E+01
  0.11468008E+01  0.51017821E+01
  0.11550148E+01  0.51065178E+01
  0.11632287E+01  0.51121274E+01
  0.11714426E+01  0.51186299E+01
  0.11796566E+01  0.51260393E+01
  0.11878705E+01  0.51343646E+01
  0.11960845E+01  0.51436101E+01
  0.12042984E+01  0.51537752E+01
  0.12125123E+01  0.51648541E+01
  0.12207263E+01  0.51768365E+01
  0.12289402E+01  0.51897074E+01
  0.12371541E+01  0.52034472E+01
  0.12453681E+01  0.52180325E+01
  0.12535820E+01  0.52334359E+01
  0.12617960E+01  0.52496264E+01
  0.12700099E+01  0.52665701E+01
  0.12782238E+01  0.52842304E+01
  0.12864378E+01  0.53025682E+01
  0.12946517E+01  0.53215429E+01
  0.13028656E+01  0.53411121E+01
  0.13110796E+01  0.53612327E+01
  0.13192935E+01  0.53818609E+01
  0.13275075E+01  0.54029525E+01
  0.13357214E+01  0.54244637E+01
  0.13439353E+01  0.54463509E+01
  0.13521493E+01  0.54685714E+01
  0.13603632E+01  0.54910834E+01
  0.13685771E+01  0.55138462E+01
  0.13767911E+01  0.55368204E+01
  0.13850050E+01  0.55599681E+01
  0.13932190E+01  0.55832527E+01
  0.14014329E+01  0.56066393E+01
  0.14096468E+01  0.56300942E+01
  0.14178608E+01  0.56535855E+01
  0.14260747E+01  0.56687213E+01
  0.14342886E+01  0.56817236E+01
  0.14425026E+01  0.56946861E+01
  0.14507165E+01  0.57076172E+01
  0.14589304E+01  0.57205260E+01
  0.14671444E+01  0.57334220E+01
  0.14753583E+01  0.57463143E+01
  0.14835723E+01  0.57592124E+01
  0.14917862E+01  0.57721253E+01
  0.15000001E+01  0.57850613E+01
  0.15082141E+01  0.57980285E+01
  0.15164280E+01  0.58110336E+01
  0.15246419E+01  0.58240827E+01
  0.15328559E+01  0.58371805E+01
  0.15410698E+01  0.58503304E+01
  0.15492838E+01  0.58635342E+01
  0.15574977E+01  0.58767923E+01
  0.15657116E+01  0.58901031E+01
  0.15739256E+01  0.59034632E+01
  0.15821395E+01  0.59168675E+01
  0.15903534E+01  0.59303087E+01
  0.15985674E+01  0.59437775E+01
  0.16067813E+01  0.59572624E+01
  0.16149953E+01  0.59707501E+01
  0.16232092E+01  0.59842249E+01
  0.16314231E+01  0.59976692E+01
  0.16396371E+01  0.60110633E+01
  0.16478510E+01  0.60243854E+01
  0.16560649E+01  0.60376120E+01
  0.16642789E+01  0.60507177E+01
  0.16724928E+01  0.60636753E+01
  0.16807068E+01  0.60764561E+01
  0.16889207E+01  0.60890297E+01
  0.16971346E+01  0.61013646E+01
  0.17053486E+01  0.61134281E+01
  0.17135625E+01  0.61251864E+01
  0.17217764E+01  0.61366049E+01
  0.17299904E+01  0.61476482E+01
  0.17382043E+01  0.61582805E+01
  0.17464183E+01  0.61684659E+01
  0.17546322E+01  0.61781679E+01
  0.17628461E+01  0.61873503E+01
  0.17710601E+01  0.61959771E+01
  0.17792740E+01  0.62040123E+01
  0.17874879E+01  0.62114203E+01
  0.17957019E+01  0.62181660E+01
  0.18039158E+01  0.62242143E+01
  0.18121298E+01  0.62295306E+01
  0.18203363E+01  0.62340796E+01
  0.18285429E+01  0.62277316E+01
  0.18367495E+01  0.62200149E+01
  0.18449560E+01  0.62109507E+01
  0.18531626E+01  0.62005624E+01
  0.18613692E+01  0.61888753E+01
  0.18695757E+01  0.61759169E+01
  0.18777823E+01  0.61617164E+01
  0.18859889E+01  0.61463045E+01
  0.18941954E+01  0.61297135E+01
  0.19024020E+01  0.61119771E+01
  0.19106085E+01  0.60931304E+01
  0.19188151E+01  0.60732093E+01
  0.19270217E+01  0.60522511E+01
  0.19352282E+01  0.60302940E+01
  0.19434348E+01  0.60073772E+01
  0.19516414E+01  0.59835408E+01
  0.19598479E+01  0.59588259E+01
  0.19680545E+01  0.59332746E+01
  0.19762611E+01  0.59069296E+01
  0.19844676E+01  0.58798351E+01
  0.19926742E+01  0.58520359E+01
  0.20008808E+01  0.58235780E+01
  0.20090873E+01  0.57945084E+01
  0.20172939E+01  0.57648752E+01
  0.20255005E+01  0.57347272E+01
  0.20337070E+01  0.57041145E+01
  0.20419136E+01  0.56730874E+01
  0.20501202E+01  0.56416969E+01
  0.20583267E+01  0.56099941E+01
  0.20665333E+01  0.55780299E+01
  0.20747399E+01  0.55458545E+01
  0.20829464E+01  0.55135166E+01
  0.20911530E+01  0.54810636E+01
  0.20993596E+01  0.54485405E+01
  0.21075661E+01  0.54159894E+01
  0.21157727E+01  0.53834493E+01
  0.21239793E+01  0.53509557E+01
  0.21321858E+01  0.53185402E+01
  0.21403924E+01  0.52862302E+01
  0.21485990E+01  0.52540492E+01
  0.21568055E+01  0.52220168E+01
  0.21650121E+01  0.51901483E+01
  0.21732187E+01  0.51584557E+01
  0.21814252E+01  0.51269476E+01
  0.21896318E+01  0.50956294E+01
  0.21978384E+01  0.50645040E+01
  0.22060449E+01  0.50335719E+01
  0.22142515E+01  0.50028318E+01
  0.22224581E+01  0.49722806E+01
  0.22306646E+01  0.49419142E+01
  0.22388712E+01  0.49117275E+01
  0.22470778E+01  0.48817145E+01
  0.22552843E+01  0.48518691E+01
  0.22634909E+01  0.48221849E+01
  0.22716975E+01  0.47926552E+01
  0.22799040E+01  0.47632738E+01
  0.22881106E+01  0.47292753E+01
  0.22963172E+01  0.46923891E+01
  0.23045237E+01  0.46558359E+01
  0.23127303E+01  0.46196294E+01
  0.23209369E+01  0.45837842E+01
  0.23291434E+01  0.45483151E+01
  0.23373500E+01  0.45132379E+01
  0.23455566E+01  0.44785688E+01
  0.23537631E+01  0.44443246E+01
  0.23619697E+01  0.44105225E+01
  0.23701763E+01  0.43771803E+01
  0.23783828E+01  0.43443159E+01
  0.23865894E+01  0.43119476E+01
  0.23947959E+01  0.42800935E+01
  0.24030025E+01  0.42487719E+01
  0.24112091E+01  0.42180006E+01
  0.24194156E+01  0.41877975E+01
  0.24276222E+01  0.41581795E+01
  0.24358288E+01  0.41291633E+01
  0.24440353E+01  0.41007645E+01
  0.24522419E+01  0.40729982E+01
  0.24604485E+01  0.40458783E+01
  0.24686550E+01  0.40194178E+01
  0.24768616E+01  0.39936284E+01
  0.24850682E+01  0.39685209E+01
  0.24932747E+01  0.39441048E+01
  0.25014813E+01  0.39203885E+01
  0.25096879E+01  0.38973792E+01
  0.25178944E+01  0.38750831E+01
  0.25261010E+01  0.38535053E+01
  0.25343076E+01  0.38326502E+01
  0.25425141E+01  0.38125211E+01
  0.25507207E+01  0.37931210E+01
  0.25589273E+01  0.37744518E+01
  0.25671338E+01  0.37565156E+01
  0.25753404E+01  0.37393136E+01
  0.25835470E+01  0.37228472E+01
  0.25917535E+01  0.37071175E+01
  0.25999601E+01  0.36921256E+01
  0.26081667E+01  0.36778724E+01
  0.26163732E+01  0.36643588E+01
  0.26245798E+01  0.36515856E+01
  0.26327864E+01  0.36395533E+01
  0.26409929E+01  0.36282617E+01
  0.26491995E+01  0.36177101E+01
  0.26574061E+01  0.36078968E+01
  0.26656126E+01  0.35988189E+01
  0.26738192E+01  0.35904717E+01
  0.26820258E+01  0.35828492E+01
  0.26902323E+01  0.35759428E+01
  0.26984389E+01  0.35697421E+01
  0.27066455E+01  0.35642338E+01
  0.27148520E+01  0.35594025E+01
  0.27230586E+01  0.35552298E+01
  0.27312652E+01  0.35516949E+01
  0.27394717E+01  0.35487745E+01
  0.27476783E+01  0.35454991E+01
  0.27558849E+01  0.35389700E+01
  0.27640914E+01  0.35329133E+01
  0.27722980E+01  0.35273107E+01
  0.27805046E+01  0.35221439E+01
  0.27887111E+01  0.35173955E+01
  0.27969177E+01  0.35130482E+01
  0.28051243E+01  0.35090852E+01
  0.28133308E+01  0.35054900E+01
  0.28215374E+01  0.35022468E+01
  0.28297440E+01  0.34993399E+01
  0.28379505E+01  0.34967541E+01
  0.28461571E+01  0.34944745E+01
  0.28543637E+01  0.34924866E+01
  0.28625702E+01  0.34907762E+01
  0.28707768E+01  0.34893293E+01
  0.28789833E+01  0.34881324E+01
  0.28871899E+01  0.34871720E+01
  0.28953965E+01  0.34864353E+01
  0.29036030E+01  0.34859095E+01
  0.29118096E+01  0.34855821E+01
  0.29200162E+01  0.34854411E+01
  0.29282227E+01  0.34854746E+01
  0.29364293E+01  0.34856712E+01
  0.29446359E+01  0.34860199E+01
  0.29528424E+01  0.34865101E+01
  0.29610490E+01  0.34871315E+01
  0.29692556E+01  0.34878745E+01
  0.29774043E+01  0.34887300E+01
  0.29855531E+01  0.34863369E+01
  0.29937019E+01  0.34825876E+01
  0.30018507E+01  0.34775177E+01
  0.30099994E+01  0.34711680E+01
  0.30181482E+01  0.34635833E+01
  0.30262970E+01  0.34548115E+01
  0.30344458E+01  0.34449025E+01
  0.30425945E+01  0.34339081E+01
  0.30507433E+01  0.34218813E+01
  0.30588921E+01  0.34088760E+01
  0.30670409E+01  0.33949472E+01
  0.30751896E+01  0.33801505E+01
  0.30833384E+01  0.33645422E+01
  0.30914872E+01  0.33481787E+01
  0.30996360E+01  0.33311171E+01
  0.31077847E+01  0.33134142E+01
  0.31159335E+01  0.32951270E+01
  0.31240823E+01  0.32763120E+01
  0.31322310E+01  0.32570253E+01
  0.31403798E+01  0.32373222E+01
  0.31485286E+01  0.32172569E+01
  0.31566774E+01  0.31968824E+01
  0.31648261E+01  0.31762504E+01
  0.31729749E+01  0.31554105E+01
  0.31811237E+01  0.31344105E+01
  0.31892725E+01  0.31132959E+01
  0.31974212E+01  0.30921096E+01
  0.32055700E+01  0.30708918E+01
  0.32137188E+01  0.30496798E+01
  0.32218676E+01  0.30285073E+01
  0.32300163E+01  0.30074049E+01
  0.32381651E+01  0.29863991E+01
  0.32463139E+01  0.29655122E+01
  0.32544626E+01  0.29447623E+01
  0.32626114E+01  0.29241622E+01
  0.32707602E+01  0.29037197E+01
  0.32789090E+01  0.28834366E+01
  0.32870577E+01  0.28633085E+01
  0.32952065E+01  0.28433240E+01
  0.33033553E+01  0.28234652E+01
  0.33115041E+01  0.28037071E+01
  0.33196528E+01  0.27840195E+01
  0.33278016E+01  0.27643689E+01
  0.33359504E+01  0.27447222E+01
  0.33440992E+01  0.27250524E+01
  0.33522479E+01  0.27053442E+01
  0.33603967E+01  0.26855998E+01
  0.33685455E+01  0.26658418E+01
  0.33766942E+01  0.26461131E+01
  0.33848430E+01  0.26264733E+01
  0.33929918E+01  0.26069938E+01
  0.34011406E+01  0.25877517E+01
  0.34092893E+01  0.25688253E+01
  0.34174381E+01  0.25502911E+01
  0.34255869E+01  0.25322217E+01
  0.34337357E+01  0.25146850E+01
  0.34418844E+01  0.24977448E+01
  0.34500332E+01  0.24814605E+01
  0.34581820E+01  0.24658879E+01
  0.34663308E+01  0.24510798E+01
  0.34744795E+01  0.24370866E+01
  0.34826283E+01  0.24239562E+01
  0.34907771E+01  0.24117348E+01
  0.34989258E+01  0.24004670E+01
  0.35070746E+01  0.23901959E+01
  0.35152234E+01  0.23809627E+01
  0.35233722E+01  0.23728076E+01
  0.35315209E+01  0.23657684E+01
  0.35396697E+01  0.23598816E+01
  0.35478185E+01  0.23551812E+01
  0.35560006E+01  0.23516986E+01
  0.35641827E+01  0.23540510E+01
  0.35723648E+01  0.23534452E+01
  0.35805469E+01  0.23494822E+01
  0.35887291E+01  0.23423083E+01
  0.35969112E+01  0.23324451E+01
  0.36050933E+01  0.23205120E+01
  0.36132754E+01  0.23070515E+01
  0.36214575E+01  0.22924807E+01
  0.36296396E+01  0.22771038E+01
  0.36378218E+01  0.22611409E+01
  0.36460039E+01  0.22447538E+01
  0.36541860E+01  0.22280642E+01
  0.36623681E+01  0.22111677E+01
  0.36705502E+01  0.21941417E+01
  0.36787323E+01  0.21770515E+01
  0.36869144E+01  0.21599540E+01
  0.36950966E+01  0.21429006E+01
  0.37032787E+01  0.21259383E+01
  0.37114608E+01  0.21091114E+01
  0.37196429E+01  0.20924618E+01
  0.37278250E+01  0.20760296E+01
  0.37360071E+01  0.20598535E+01
  0.37441893E+01  0.20439707E+01
  0.37523714E+01  0.20284171E+01
  0.37605535E+01  0.20132272E+01
  0.37687356E+01  0.19984341E+01
  0.37769177E+01  0.19840692E+01
  0.37850998E+01  0.19701624E+01
  0.37932819E+01  0.19567419E+01
  0.38014641E+01  0.19438339E+01
  0.38096462E+01  0.19314628E+01
  0.38178283E+01  0.19196509E+01
  0.38260104E+01  0.19084185E+01
  0.38341925E+01  0.18977839E+01
  0.38423746E+01  0.18877630E+01
  0.38505567E+01  0.18783699E+01
  0.38587389E+01  0.18696166E+01
  0.38669210E+01  0.18615129E+01
  0.38751031E+01  0.18540669E+01
  0.38832852E+01  0.18472847E+01
  0.38914673E+01  0.18411708E+01
  0.38996494E+01  0.18357279E+01
  0.39078316E+01  0.18309573E+01
  0.39160137E+01  0.18268589E+01
  0.39241958E+01  0.18234314E+01
  0.39323779E+01  0.18206721E+01
  0.39405600E+01  0.18185776E+01
  0.39487421E+01  0.18171435E+01
  0.39569242E+01  0.18163645E+01
  0.39651064E+01  0.18162347E+01
  
  0.00000000E+00  0.25240778E+01
  0.81821151E-02  0.25302718E+01
  0.16364230E-01  0.25434553E+01
  0.24546345E-01  0.25615582E+01
  0.32728461E-01  0.25828544E+01
  0.40910576E-01  0.26061982E+01
  0.49092691E-01  0.26308789E+01
  0.57274806E-01  0.26564548E+01
  0.65456921E-01  0.26826446E+01
  0.73639036E-01  0.27092629E+01
  0.81821151E-01  0.27361850E+01
  0.90003267E-01  0.27633258E+01
  0.98185382E-01  0.27906275E+01
  0.10636750E+00  0.28180523E+01
  0.11454961E+00  0.28455772E+01
  0.12273173E+00  0.28731913E+01
  0.13091384E+00  0.29008932E+01
  0.13909596E+00  0.29286898E+01
  0.14727807E+00  0.29565945E+01
  0.15546019E+00  0.29846266E+01
  0.16364230E+00  0.30128103E+01
  0.17182442E+00  0.30411736E+01
  0.18000653E+00  0.30697481E+01
  0.18818865E+00  0.30985678E+01
  0.19637076E+00  0.31276683E+01
  0.20455288E+00  0.31570864E+01
  0.21273499E+00  0.31868594E+01
  0.22091711E+00  0.32170238E+01
  0.22909922E+00  0.32476154E+01
  0.23728134E+00  0.32786680E+01
  0.24546345E+00  0.33102132E+01
  0.25364557E+00  0.33422793E+01
  0.26182768E+00  0.33748914E+01
  0.27000980E+00  0.34080702E+01
  0.27819191E+00  0.34418323E+01
  0.28637403E+00  0.34761891E+01
  0.29455615E+00  0.35111472E+01
  0.30273826E+00  0.35467078E+01
  0.31092038E+00  0.35828665E+01
  0.31910249E+00  0.36196139E+01
  0.32728461E+00  0.36569348E+01
  0.33546672E+00  0.36948091E+01
  0.34364884E+00  0.37332113E+01
  0.35183095E+00  0.37721112E+01
  0.36001307E+00  0.38114741E+01
  0.36819518E+00  0.38512609E+01
  0.37637730E+00  0.38914290E+01
  0.38455941E+00  0.39319317E+01
  0.39274153E+00  0.39727198E+01
  0.40092364E+00  0.40137410E+01
  0.40910576E+00  0.40549408E+01
  0.41728787E+00  0.40962626E+01
  0.42546999E+00  0.41376484E+01
  0.43365210E+00  0.41790387E+01
  0.44183422E+00  0.42203731E+01
  0.45001633E+00  0.42615906E+01
  0.45819845E+00  0.43026297E+01
  0.46638056E+00  0.43434287E+01
  0.47456268E+00  0.43839259E+01
  0.48274479E+00  0.44240597E+01
  0.49092691E+00  0.44637689E+01
  0.49910902E+00  0.45029928E+01
  0.50729114E+00  0.45416712E+01
  0.51547325E+00  0.45797444E+01
  0.52365537E+00  0.46171535E+01
  0.53183748E+00  0.46538403E+01
  0.54001960E+00  0.46897474E+01
  0.54820171E+00  0.47248181E+01
  0.55638383E+00  0.47589964E+01
  0.56456595E+00  0.47922275E+01
  0.57274806E+00  0.48244572E+01
  0.58093018E+00  0.48556319E+01
  0.58911229E+00  0.48856993E+01
  0.59729441E+00  0.49146079E+01
  0.60547652E+00  0.49423069E+01
  0.61365864E+00  0.49687467E+01
  0.62184075E+00  0.49938787E+01
  0.63002287E+00  0.50176556E+01
  0.63820498E+00  0.50400312E+01
  0.64638710E+00  0.50609605E+01
  0.65456921E+00  0.50804004E+01
  0.66275133E+00  0.50983092E+01
  0.67093344E+00  0.51146472E+01
  0.67911556E+00  0.51293768E+01
  0.68729767E+00  0.51424627E+01
  0.69547979E+00  0.51538725E+01
  0.70366190E+00  0.51635769E+01
  0.71184402E+00  0.51715502E+01
  0.72002613E+00  0.51777714E+01
  0.72820825E+00  0.51822246E+01
  0.73639036E+00  0.51849018E+01
  0.74457248E+00  0.51858046E+01
  0.75275459E+00  0.51849503E+01
  0.76093671E+00  0.51823815E+01
  0.76911882E+00  0.51781882E+01
  0.77730094E+00  0.51725597E+01
  0.78548305E+00  0.51659231E+01
  0.79366517E+00  0.51593521E+01
  0.80184728E+00  0.51555951E+01
  0.81002940E+00  0.51588982E+01
  0.81824334E+00  0.51688589E+01
  0.82645727E+00  0.51696262E+01
  0.83467121E+00  0.51701333E+01
  0.84288515E+00  0.51703687E+01
  0.85109909E+00  0.51703224E+01
  0.85931302E+00  0.51699855E+01
  0.86752696E+00  0.51693512E+01
  0.87574090E+00  0.51684144E+01
  0.88395484E+00  0.51671725E+01
  0.89216877E+00  0.51656254E+01
  0.90038271E+00  0.51637756E+01
  0.90859665E+00  0.51616286E+01
  0.91681058E+00  0.51591932E+01
  0.92502452E+00  0.51564813E+01
  0.93323846E+00  0.51535082E+01
  0.94145240E+00  0.51502928E+01
  0.94966633E+00  0.51468571E+01
  0.95788027E+00  0.51432267E+01
  0.96609421E+00  0.51394308E+01
  0.97430815E+00  0.51355015E+01
  0.98252208E+00  0.51314742E+01
  0.99073602E+00  0.51273874E+01
  0.99894996E+00  0.51232822E+01
  0.10071639E+01  0.51192022E+01
  0.10153778E+01  0.51151936E+01
  0.10235918E+01  0.51158914E+01
  0.10318057E+01  0.51199995E+01
  0.10400196E+01  0.51245236E+01
  0.10482336E+01  0.51294749E+01
  0.10564475E+01  0.51348625E+01
  0.10646615E+01  0.51406935E+01
  0.10728754E+01  0.51469729E+01
  0.10810893E+01  0.51537034E+01
  0.10893033E+01  0.51608856E+01
  0.10975172E+01  0.51685181E+01
  0.11057311E+01  0.51765971E+01
  0.11139451E+01  0.51851168E+01
  0.11221590E+01  0.51940693E+01
  0.11303730E+01  0.52034447E+01
  0.11385869E+01  0.52132313E+01
  0.11468008E+01  0.52234153E+01
  0.11550148E+01  0.52339816E+01
  0.11632287E+01  0.52449133E+01
  0.11714426E+01  0.52561921E+01
  0.11796566E+01  0.52677987E+01
  0.11878705E+01  0.52797123E+01
  0.11960845E+01  0.52919117E+01
  0.12042984E+01  0.53043745E+01
  0.12125123E+01  0.53170781E+01
  0.12207263E+01  0.53299994E+01
  0.12289402E+01  0.53431151E+01
  0.12371541E+01  0.53564020E+01
  0.12453681E+01  0.53698371E+01
  0.12535820E+01  0.53833979E+01
  0.12617960E+01  0.53970623E+01
  0.12700099E+01  0.54108089E+01
  0.12782238E+01  0.54246175E+01
  0.12864378E+01  0.54384686E+01
  0.12946517E+01  0.54523441E+01
  0.13028656E+01  0.54662272E+01
  0.13110796E+01  0.54801023E+01
  0.13192935E+01  0.54939555E+01
  0.13275075E+01  0.55077745E+01
  0.13357214E+01  0.55215486E+01
  0.13439353E+01  0.55352688E+01
  0.13521493E+01  0.55489277E+01
  0.13603632E+01  0.55625198E+01
  0.13685771E+01  0.55760412E+01
  0.13767911E+01  0.55894897E+01
  0.13850050E+01  0.56028647E+01
  0.13932190E+01  0.56161672E+01
  0.14014329E+01  0.56293997E+01
  0.14096468E+01  0.56425660E+01
  0.14178608E+01  0.56556712E+01
  0.14260747E+01  0.56770823E+01
  0.14342886E+01  0.57005551E+01
  0.14425026E+01  0.57239756E+01
  0.14507165E+01  0.57473163E+01
  0.14589304E+01  0.57705506E+01
  0.14671444E+01  0.57936524E+01
  0.14753583E+01  0.58165962E+01
  0.14835723E+01  0.58393567E+01
  0.14917862E+01  0.58619088E+01
  0.15000001E+01  0.58842272E+01
  0.15082141E+01  0.59062864E+01
  0.15164280E+01  0.59280605E+01
  0.15246419E+01  0.59495233E+01
  0.15328559E+01  0.59706477E+01
  0.15410698E+01  0.59914060E+01
  0.15492838E+01  0.60117698E+01
  0.15574977E+01  0.60317097E+01
  0.15657116E+01  0.60511954E+01
  0.15739256E+01  0.60701959E+01
  0.15821395E+01  0.60886791E+01
  0.15903534E+01  0.61066122E+01
  0.15985674E+01  0.61239613E+01
  0.16067813E+01  0.61406919E+01
  0.16149953E+01  0.61567688E+01
  0.16232092E+01  0.61721561E+01
  0.16314231E+01  0.61868172E+01
  0.16396371E+01  0.62007151E+01
  0.16478510E+01  0.62138124E+01
  0.16560649E+01  0.62260714E+01
  0.16642789E+01  0.62374540E+01
  0.16724928E+01  0.62479221E+01
  0.16807068E+01  0.62574370E+01
  0.16889207E+01  0.62659604E+01
  0.16971346E+01  0.62734533E+01
  0.17053486E+01  0.62798769E+01
  0.17135625E+01  0.62851919E+01
  0.17217764E+01  0.62893587E+01
  0.17299904E+01  0.62923372E+01
  0.17382043E+01  0.62940867E+01
  0.17464183E+01  0.62945655E+01
  0.17546322E+01  0.62937309E+01
  0.17628461E+01  0.62915387E+01
  0.17710601E+01  0.62879433E+01
  0.17792740E+01  0.62828970E+01
  0.17874879E+01  0.62763502E+01
  0.17957019E+01  0.62682507E+01
  0.18039158E+01  0.62585442E+01
  0.18121298E+01  0.62471736E+01
  0.18203363E+01  0.62340796E+01
  0.18285429E+01  0.62461190E+01
  0.18367495E+01  0.62562428E+01
  0.18449560E+01  0.62644373E+01
  0.18531626E+01  0.62706904E+01
  0.18613692E+01  0.62749916E+01
  0.18695757E+01  0.62773330E+01
  0.18777823E+01  0.62777087E+01
  0.18859889E+01  0.62761154E+01
  0.18941954E+01  0.62725526E+01
  0.19024020E+01  0.62670232E+01
  0.19106085E+01  0.62595335E+01
  0.19188151E+01  0.62500935E+01
  0.19270217E+01  0.62387177E+01
  0.19352282E+01  0.62254249E+01
  0.19434348E+01  0.62102391E+01
  0.19516414E+01  0.61931893E+01
  0.19598479E+01  0.61743102E+01
  0.19680545E+01  0.61536425E+01
  0.19762611E+01  0.61312329E+01
  0.19844676E+01  0.61071342E+01
  0.19926742E+01  0.60814060E+01
  0.20008808E+01  0.60541138E+01
  0.20090873E+01  0.60253297E+01
  0.20172939E+01  0.59951316E+01
  0.20255005E+01  0.59636030E+01
  0.20337070E+01  0.59308326E+01
  0.20419136E+01  0.58969132E+01
  0.20501202E+01  0.58619412E+01
  0.20583267E+01  0.58260150E+01
  0.20665333E+01  0.57892346E+01
  0.20747399E+01  0.57516996E+01
  0.20829464E+01  0.57135083E+01
  0.20911530E+01  0.56747563E+01
  0.20993596E+01  0.56355353E+01
  0.21075661E+01  0.55959320E+01
  0.21157727E+01  0.55560274E+01
  0.21239793E+01  0.55158958E+01
  0.21321858E+01  0.54756049E+01
  0.21403924E+01  0.54352151E+01
  0.21485990E+01  0.53947802E+01
  0.21568055E+01  0.53543473E+01
  0.21650121E+01  0.53139573E+01
  0.21732187E+01  0.52736455E+01
  0.21814252E+01  0.52334423E+01
  0.21896318E+01  0.51933740E+01
  0.21978384E+01  0.51534631E+01
  0.22060449E+01  0.51137292E+01
  0.22142515E+01  0.50741894E+01
  0.22224581E+01  0.50348589E+01
  0.22306646E+01  0.49957517E+01
  0.22388712E+01  0.49568805E+01
  0.22470778E+01  0.49182576E+01
  0.22552843E+01  0.48798946E+01
  0.22634909E+01  0.48418031E+01
  0.22716975E+01  0.48039947E+01
  0.22799040E+01  0.47664814E+01
  0.22881106E+01  0.47340346E+01
  0.22963172E+01  0.47049319E+01
  0.23045237E+01  0.46759604E+01
  0.23127303E+01  0.46471154E+01
  0.23209369E+01  0.46183930E+01
  0.23291434E+01  0.45897899E+01
  0.23373500E+01  0.45613036E+01
  0.23455566E+01  0.45329324E+01
  0.23537631E+01  0.45046759E+01
  0.23619697E+01  0.44765344E+01
  0.23701763E+01  0.44485095E+01
  0.23783828E+01  0.44206040E+01
  0.23865894E+01  0.43928219E+01
  0.23947959E+01  0.43651688E+01
  0.24030025E+01  0.43376516E+01
  0.24112091E+01  0.43102789E+01
  0.24194156E+01  0.42830609E+01
  0.24276222E+01  0.42560095E+01
  0.24358288E+01  0.42291384E+01
  0.24440353E+01  0.42024629E+01
  0.24522419E+01  0.41760004E+01
  0.24604485E+01  0.41497699E+01
  0.24686550E+01  0.41237920E+01
  0.24768616E+01  0.40980891E+01
  0.24850682E+01  0.40726852E+01
  0.24932747E+01  0.40476055E+01
  0.25014813E+01  0.40228765E+01
  0.25096879E+01  0.39985258E+01
  0.25178944E+01  0.39745814E+01
  0.25261010E+01  0.39510722E+01
  0.25343076E+01  0.39280268E+01
  0.25425141E+01  0.39054739E+01
  0.25507207E+01  0.38834414E+01
  0.25589273E+01  0.38619563E+01
  0.25671338E+01  0.38410443E+01
  0.25753404E+01  0.38207294E+01
  0.25835470E+01  0.38010334E+01
  0.25917535E+01  0.37819757E+01
  0.25999601E+01  0.37635730E+01
  0.26081667E+01  0.37458391E+01
  0.26163732E+01  0.37287844E+01
  0.26245798E+01  0.37124163E+01
  0.26327864E+01  0.36967387E+01
  0.26409929E+01  0.36817523E+01
  0.26491995E+01  0.36674546E+01
  0.26574061E+01  0.36538403E+01
  0.26656126E+01  0.36409010E+01
  0.26738192E+01  0.36286263E+01
  0.26820258E+01  0.36170032E+01
  0.26902323E+01  0.36060173E+01
  0.26984389E+01  0.35956525E+01
  0.27066455E+01  0.35858916E+01
  0.27148520E+01  0.35767166E+01
  0.27230586E+01  0.35681089E+01
  0.27312652E+01  0.35600495E+01
  0.27394717E+01  0.35525192E+01
  0.27476783E+01  0.35464426E+01
  0.27558849E+01  0.35446713E+01
  0.27640914E+01  0.35434302E+01
  0.27722980E+01  0.35426875E+01
  0.27805046E+01  0.35424095E+01
  0.27887111E+01  0.35425611E+01
  0.27969177E+01  0.35431065E+01
  0.28051243E+01  0.35440088E+01
  0.28133308E+01  0.35452306E+01
  0.28215374E+01  0.35467343E+01
  0.28297440E+01  0.35484824E+01
  0.28379505E+01  0.35504375E+01
  0.28461571E+01  0.35525626E+01
  0.28543637E+01  0.35548214E+01
  0.28625702E+01  0.35571785E+01
  0.28707768E+01  0.35595994E+01
  0.28789833E+01  0.35620509E+01
  0.28871899E+01  0.35645011E+01
  0.28953965E+01  0.35669193E+01
  0.29036030E+01  0.35692768E+01
  0.29118096E+01  0.35715463E+01
  0.29200162E+01  0.35737023E+01
  0.29282227E+01  0.35757214E+01
  0.29364293E+01  0.35775819E+01
  0.29446359E+01  0.35792644E+01
  0.29528424E+01  0.35807516E+01
  0.29610490E+01  0.35820284E+01
  0.29692556E+01  0.35830821E+01
  0.29774043E+01  0.35839021E+01
  0.29855531E+01  0.35837052E+01
  0.29937019E+01  0.35825694E+01
  0.30018507E+01  0.35804713E+01
  0.30099994E+01  0.35773885E+01
  0.30181482E+01  0.35733012E+01
  0.30262970E+01  0.35681926E+01
  0.30344458E+01  0.35620499E+01
  0.30425945E+01  0.35548649E+01
  0.30507433E+01  0.35466334E+01
  0.30588921E+01  0.35373564E+01
  0.30670409E+01  0.35270389E+01
  0.30751896E+01  0.35156907E+01
  0.30833384E+01  0.35033257E+01
  0.30914872E+01  0.34899619E+01
  0.30996360E+01  0.34756210E+01
  0.31077847E+01  0.34603287E+01
  0.31159335E+01  0.34441139E+01
  0.31240823E+01  0.34270088E+01
  0.31322310E+01  0.34090486E+01
  0.31403798E+01  0.33902713E+01
  0.31485286E+01  0.33707175E+01
  0.31566774E+01  0.33504302E+01
  0.31648261E+01  0.33294545E+01
  0.31729749E+01  0.33078378E+01
  0.31811237E+01  0.32856290E+01
  0.31892725E+01  0.32628787E+01
  0.31974212E+01  0.32396393E+01
  0.32055700E+01  0.32159643E+01
  0.32137188E+01  0.31919088E+01
  0.32218676E+01  0.31675289E+01
  0.32300163E+01  0.31428822E+01
  0.32381651E+01  0.31180276E+01
  0.32463139E+01  0.30930256E+01
  0.32544626E+01  0.30679380E+01
  0.32626114E+01  0.30428292E+01
  0.32707602E+01  0.30177653E+01
  0.32789090E+01  0.29928157E+01
  0.32870577E+01  0.29680529E+01
  0.32952065E+01  0.29435534E+01
  0.33033553E+01  0.29193973E+01
  0.33115041E+01  0.28956692E+01
  0.33196528E+01  0.28724561E+01
  0.33278016E+01  0.28498460E+01
  0.33359504E+01  0.28279241E+01
  0.33440992E+01  0.28067676E+01
  0.33522479E+01  0.27864400E+01
  0.33603967E+01  0.27669858E+01
  0.33685455E+01  0.27484277E+01
  0.33766942E+01  0.27307669E+01
  0.33848430E+01  0.27139870E+01
  0.33929918E+01  0.26980592E+01
  0.34011406E+01  0.26829485E+01
  0.34092893E+01  0.26686184E+01
  0.34174381E+01  0.26550344E+01
  0.34255869E+01  0.26421658E+01
  0.34337357E+01  0.26299868E+01
  0.34418844E+01  0.26184763E+01
  0.34500332E+01  0.26076182E+01
  0.34581820E+01  0.25974003E+01
  0.34663308E+01  0.25878141E+01
  0.34744795E+01  0.25788543E+01
  0.34826283E+01  0.25705184E+01
  0.34907771E+01  0.25628061E+01
  0.34989258E+01  0.25557192E+01
  0.35070746E+01  0.25492612E+01
  0.35152234E+01  0.25434370E+01
  0.35233722E+01  0.25382529E+01
  0.35315209E+01  0.25337163E+01
  0.35396697E+01  0.25298353E+01
  0.35478185E+01  0.25266192E+01
  0.35560006E+01  0.25240778E+01
  0.35641827E+01  0.25206313E+01
  0.35723648E+01  0.25216477E+01
  0.35805469E+01  0.25275177E+01
  0.35887291E+01  0.25380814E+01
  0.35969112E+01  0.25527986E+01
  0.36050933E+01  0.25710261E+01
  0.36132754E+01  0.25921921E+01
  0.36214575E+01  0.26158449E+01
  0.36296396E+01  0.26416403E+01
  0.36378218E+01  0.26693127E+01
  0.36460039E+01  0.26986499E+01
  0.36541860E+01  0.27294743E+01
  0.36623681E+01  0.27616299E+01
  0.36705502E+01  0.27949740E+01
  0.36787323E+01  0.28293718E+01
  0.36869144E+01  0.28646924E+01
  0.36950966E+01  0.29008071E+01
  0.37032787E+01  0.29375877E+01
  0.37114608E+01  0.29749057E+01
  0.37196429E+01  0.30126322E+01
  0.37278250E+01  0.30506375E+01
  0.37360071E+01  0.30887911E+01
  0.37441893E+01  0.31269625E+01
  0.37523714E+01  0.31650208E+01
  0.37605535E+01  0.32028354E+01
  0.37687356E+01  0.32402764E+01
  0.37769177E+01  0.32772152E+01
  0.37850998E+01  0.33135245E+01
  0.37932819E+01  0.33490792E+01
  0.38014641E+01  0.33837567E+01
  0.38096462E+01  0.34174374E+01
  0.38178283E+01  0.34500049E+01
  0.38260104E+01  0.34813468E+01
  0.38341925E+01  0.35113551E+01
  0.38423746E+01  0.35399262E+01
  0.38505567E+01  0.35669618E+01
  0.38587389E+01  0.35923689E+01
  0.38669210E+01  0.36160605E+01
  0.38751031E+01  0.36379555E+01
  0.38832852E+01  0.36579794E+01
  0.38914673E+01  0.36760644E+01
  0.38996494E+01  0.36921495E+01
  0.39078316E+01  0.37061813E+01
  0.39160137E+01  0.37181135E+01
  0.39241958E+01  0.37279075E+01
  0.39323779E+01  0.37355325E+01
  0.39405600E+01  0.37409655E+01
  0.39487421E+01  0.37441916E+01
  0.39569242E+01  0.37452038E+01
  0.39651064E+01  0.37440032E+01
  
