 # Column 1: omega
 # Column 2: eps2(omega)
 # Column 3: eps1(omega)
 # Column 4: JDOS(omega)
     0.000000000    -0.000000000     2.152977309     0.000000000
     0.010000000     0.000000000     2.152991068     0.000000000
     0.020000000     0.000000000     2.153032350     0.000000000
     0.030000000     0.000000000     2.153101165     0.000000000
     0.040000000     0.000000000     2.153197530     0.000000000
     0.050000000     0.000000000     2.153321468     0.000000000
     0.060000000     0.000000000     2.153473011     0.000000000
     0.070000000     0.000000000     2.153652195     0.000000000
     0.080000000     0.000000000     2.153859066     0.000000000
     0.090000000     0.000000000     2.154093674     0.000000000
     0.100000000     0.000000000     2.154356078     0.000000000
     0.110000000     0.000000000     2.154646344     0.000000000
     0.120000000     0.000000000     2.154964544     0.000000000
     0.130000000     0.000000000     2.155310757     0.000000000
     0.140000000     0.000000000     2.155685070     0.000000000
     0.150000000     0.000000000     2.156087578     0.000000000
     0.160000000     0.000000000     2.156518382     0.000000000
     0.170000000     0.000000000     2.156977590     0.000000000
     0.180000000     0.000000000     2.157465320     0.000000000
     0.190000000     0.000000000     2.157981695     0.000000000
     0.200000000     0.000000000     2.158526847     0.000000000
     0.210000000     0.000000000     2.159100917     0.000000000
     0.220000000     0.000000000     2.159704051     0.000000000
     0.230000000     0.000000000     2.160336405     0.000000000
     0.240000000     0.000000000     2.160998145     0.000000000
     0.250000000     0.000000000     2.161689441     0.000000000
     0.260000000     0.000000000     2.162410475     0.000000000
     0.270000000     0.000000000     2.163161437     0.000000000
     0.280000000     0.000000000     2.163942526     0.000000000
     0.290000000     0.000000000     2.164753948     0.000000000
     0.300000000     0.000000000     2.165595922     0.000000000
     0.310000000     0.000000000     2.166468673     0.000000000
     0.320000000     0.000000000     2.167372438     0.000000000
     0.330000000     0.000000000     2.168307463     0.000000000
     0.340000000     0.000000000     2.169274003     0.000000000
     0.350000000     0.000000000     2.170272326     0.000000000
     0.360000000     0.000000000     2.171302708     0.000000000
     0.370000000     0.000000000     2.172365437     0.000000000
     0.380000000     0.000000000     2.173460814     0.000000000
     0.390000000     0.000000000     2.174589147     0.000000000
     0.400000000     0.000000000     2.175750761     0.000000000
     0.410000000     0.000000000     2.176945990     0.000000000
     0.420000000     0.000000000     2.178175180     0.000000000
     0.430000000     0.000000000     2.179438692     0.000000000
     0.440000000     0.000000000     2.180736900     0.000000000
     0.450000000     0.000000000     2.182070189     0.000000000
     0.460000000     0.000000000     2.183438962     0.000000000
     0.470000000     0.000000000     2.184843632     0.000000000
     0.480000000     0.000000000     2.186284632     0.000000000
     0.490000000     0.000000000     2.187762406     0.000000000
     0.500000000     0.000000000     2.189277417     0.000000000
     0.510000000     0.000000000     2.190830142     0.000000000
     0.520000000     0.000000000     2.192421077     0.000000000
     0.530000000     0.000000000     2.194050735     0.000000000
     0.540000000     0.000000000     2.195719646     0.000000000
     0.550000000     0.000000000     2.197428362     0.000000000
     0.560000000     0.000000000     2.199177451     0.000000000
     0.570000000     0.000000000     2.200967503     0.000000000
     0.580000000     0.000000000     2.202799130     0.000000000
     0.590000000     0.000000000     2.204672964     0.000000000
     0.600000000     0.000000000     2.206589661     0.000000000
     0.610000000     0.000000000     2.208549899     0.000000000
     0.620000000     0.000000000     2.210554382     0.000000000
     0.630000000     0.000000000     2.212603840     0.000000000
     0.640000000     0.000000000     2.214699028     0.000000000
     0.650000000     0.000000000     2.216840728     0.000000000
     0.660000000     0.000000000     2.219029753     0.000000000
     0.670000000     0.000000000     2.221266944     0.000000000
     0.680000000     0.000000000     2.223553175     0.000000000
     0.690000000     0.000000000     2.225889350     0.000000000
     0.700000000     0.000000000     2.228276409     0.000000000
     0.710000000     0.000000000     2.230715327     0.000000000
     0.720000000     0.000000000     2.233207115     0.000000000
     0.730000000     0.000000000     2.235752825     0.000000000
     0.740000000     0.000000000     2.238353548     0.000000000
     0.750000000     0.000000000     2.241010416     0.000000000
     0.760000000     0.000000000     2.243724608     0.000000000
     0.770000000     0.000000000     2.246497348     0.000000000
     0.780000000     0.000000000     2.249329910     0.000000000
     0.790000000     0.000000000     2.252223616     0.000000000
     0.800000000     0.000000000     2.255179845     0.000000000
     0.810000000     0.000000000     2.258200032     0.000000000
     0.820000000     0.000000000     2.261285668     0.000000000
     0.830000000     0.000000000     2.264438311     0.000000000
     0.840000000     0.000000000     2.267659579     0.000000000
     0.850000000     0.000000000     2.270951164     0.000000000
     0.860000000     0.000000000     2.274314827     0.000000000
     0.870000000     0.000000000     2.277752407     0.000000000
     0.880000000     0.000000000     2.281265824     0.000000000
     0.890000000     0.000000000     2.284857081     0.000000000
     0.900000000     0.000000000     2.288528273     0.000000000
     0.910000000     0.000000000     2.292281589     0.000000000
     0.920000000     0.000000000     2.296119319     0.000000000
     0.930000000     0.000000000     2.300043859     0.000000000
     0.940000000     0.000000000     2.304057716     0.000000000
     0.950000000     0.000000000     2.308163520     0.000000000
     0.960000000     0.000000000     2.312364025     0.000000000
     0.970000000     0.000000000     2.316662119     0.000000000
     0.980000000     0.000000000     2.321060833     0.000000000
     0.990000000     0.000000000     2.325563352     0.000000000
     1.000000000     0.000000000     2.330173019     0.000000000
     1.010000000     0.000000000     2.334893352     0.000000000
     1.020000000     0.000000000     2.339728051     0.000000000
     1.030000000     0.000000000     2.344681011     0.000000000
     1.040000000     0.000000000     2.349756337     0.000000000
     1.050000000     0.000000000     2.354958357     0.000000000
     1.060000000     0.000000000     2.360291638     0.000000000
     1.070000000     0.000000000     2.365761002     0.000000000
     1.080000000     0.000000000     2.371371546     0.000000000
     1.090000000     0.000000000     2.377128662     0.000000000
     1.100000000     0.000000000     2.383038056     0.000000000
     1.110000000     0.000000000     2.389105775     0.000000000
     1.120000000     0.000000000     2.395338233     0.000000000
     1.130000000     0.000000000     2.401742238     0.000000000
     1.140000000     0.000000000     2.408325022     0.000000000
     1.150000000     0.000000000     2.415094277     0.000000000
     1.160000000     0.000000000     2.422058196     0.000000000
     1.170000000     0.000000000     2.429225505     0.000000000
     1.180000000     0.000000000     2.436605518     0.000000000
     1.190000000     0.000000000     2.444208180     0.000000000
     1.200000000     0.000000000     2.452044130     0.000000000
     1.210000000     0.000000000     2.460124752     0.000000000
     1.220000000     0.000000000     2.468462252     0.000000000
     1.230000000     0.000000000     2.477069730     0.000000000
     1.240000000     0.000000000     2.485961261     0.000000000
     1.250000000     0.000000000     2.495151993     0.000000000
     1.260000000     0.000000000     2.504658246     0.000000000
     1.270000000     0.000000000     2.514497634     0.000000000
     1.280000000     0.000000000     2.524689190     0.000000000
     1.290000000     0.000000000     2.535253514     0.000000000
     1.300000000     0.000000000     2.546212937     0.000000000
     1.310000000     0.000000000     2.557591706     0.000000000
     1.320000000     0.000000000     2.569416193     0.000000000
     1.330000000     0.000000000     2.581715128     0.000000000
     1.340000000     0.000000000     2.594519870     0.000000000
     1.350000000     0.000000000     2.607864709     0.000000000
     1.360000000     0.000000000     2.621787210     0.000000000
     1.370000000     0.000000000     2.636328608     0.000000000
     1.380000000     0.000000000     2.651534259     0.000000000
     1.390000000     0.000000000     2.667454154     0.000000000
     1.400000000     0.000000001     2.684143509     0.000000000
     1.410000000     0.000000002     2.701663449     0.000000000
     1.420000000     0.000000009     2.720081788     0.000000000
     1.430000000     0.000000031     2.739473932     0.000000000
     1.440000000     0.000000103     2.759923923     0.000000001
     1.450000000     0.000000330     2.781525643     0.000000003
     1.460000000     0.000001016     2.804384210     0.000000009
     1.470000000     0.000003005     2.828617585     0.000000026
     1.480000000     0.000008540     2.854358429     0.000000074
     1.490000000     0.000023317     2.881756240     0.000000203
     1.500000000     0.000061166     2.910979783     0.000000532
     1.510000000     0.000154162     2.942219854     0.000001340
     1.520000000     0.000373312     2.975692348     0.000003245
     1.530000000     0.000868549     3.011641589     0.000007549
     1.540000000     0.001941533     3.050343790     0.000016875
     1.550000000     0.004169879     3.092110355     0.000036242
     1.560000000     0.008604591     3.137290466     0.000074786
     1.570000000     0.017059459     3.186271931     0.000148270
     1.580000000     0.032495894     3.239478434     0.000282434
     1.590000000     0.059473015     3.297359830     0.000516902
     1.600000000     0.104577834     3.360369516     0.000908925
     1.610000000     0.176680064     3.428918193     0.001535592
     1.620000000     0.286789783     3.503284926     0.002492596
     1.630000000     0.447268203     3.583451329     0.003887374
     1.640000000     0.670194091     3.668797999     0.005824905
     1.650000000     0.964853518     3.757556212     0.008385900
     1.660000000     1.334597772     3.845833535     0.011599484
     1.670000000     1.773648791     3.925931139     0.015415439
     1.680000000     2.264712513     3.983604597     0.019683456
     1.690000000     2.778348708     3.994161973     0.024147658
     1.700000000     3.274829143     3.918664883     0.028462754
     1.710000000     3.708674867     3.705524848     0.032233468
     1.720000000     4.035311792     3.309054041     0.035072390
     1.730000000     4.218554386     2.732714221     0.036665020
     1.740000000     4.237194786     2.067602128     0.036827030
     1.750000000     4.089040638     1.460927396     0.035539368
     1.760000000     3.791339232     1.022160756     0.032951934
     1.770000000     3.377474539     0.772238438     0.029354883
     1.780000000     2.890811299     0.671898320     0.025125112
     1.790000000     2.377254203     0.668394534     0.020661597
     1.800000000     1.878277365     0.719491057     0.016324805
     1.810000000     1.425844113     0.797618187     0.012392540
     1.820000000     1.039950311     0.886598203     0.009038594
     1.830000000     0.728754673     0.977569683     0.006333877
     1.840000000     0.490657381     1.065979453     0.004264485
     1.850000000     0.317397529     1.149696519     0.002758620
     1.860000000     0.197268148     1.227909506     0.001714531
     1.870000000     0.117798189     1.300503240     0.001023828
     1.880000000     0.067584714     1.367712544     0.000587404
     1.890000000     0.037255172     1.429932548     0.000323799
     1.900000000     0.019731172     1.487616459     0.000171491
     1.910000000     0.010040317     1.541221964     0.000087264
     1.920000000     0.004908741     1.591184555     0.000042664
     1.930000000     0.002305797     1.637905633     0.000020041
     1.940000000     0.001040640     1.681748604     0.000009045
     1.950000000     0.000451240     1.723039153     0.000003922
     1.960000000     0.000187994     1.762067595     0.000001634
     1.970000000     0.000075250     1.799092101     0.000000654
     1.980000000     0.000028940     1.834342190     0.000000252
     1.990000000     0.000010693     1.868022138     0.000000093
     2.000000000     0.000003796     1.900314157     0.000000033
     2.010000000     0.000001295     1.931381258     0.000000011
     2.020000000     0.000000424     1.961369817     0.000000004
     2.030000000     0.000000134     1.990411817     0.000000001
     2.040000000     0.000000040     2.018626827     0.000000000
     2.050000000     0.000000012     2.046123724     0.000000000
     2.060000000     0.000000003     2.073002209     0.000000000
     2.070000000     0.000000001     2.099354125     0.000000000
     2.080000000     0.000000000     2.125264625     0.000000000
     2.090000000     0.000000000     2.150813202     0.000000000
     2.100000000     0.000000000     2.176074602     0.000000000
     2.110000000     0.000000000     2.201119649     0.000000000
     2.120000000     0.000000000     2.226015990     0.000000000
     2.130000000     0.000000000     2.250828773     0.000000000
     2.140000000     0.000000000     2.275621283     0.000000000
     2.150000000     0.000000000     2.300455535     0.000000000
     2.160000000     0.000000000     2.325392840     0.000000000
     2.170000000     0.000000000     2.350494357     0.000000000
     2.180000000     0.000000000     2.375821637     0.000000000
     2.190000000     0.000000000     2.401437168     0.000000000
     2.200000000     0.000000000     2.427404935     0.000000000
     2.210000000     0.000000000     2.453790996     0.000000000
     2.220000000     0.000000000     2.480664097     0.000000000
     2.230000000     0.000000000     2.508096326     0.000000000
     2.240000000     0.000000000     2.536163818     0.000000000
     2.250000000     0.000000000     2.564947541     0.000000000
     2.260000000     0.000000000     2.594534148     0.000000000
     2.270000000     0.000000001     2.625016946     0.000000000
     2.280000000     0.000000005     2.656496976     0.000000000
     2.290000000     0.000000020     2.689084239     0.000000001
     2.300000000     0.000000067     2.722899089     0.000000003
     2.310000000     0.000000220     2.758073831     0.000000008
     2.320000000     0.000000695     2.794754543     0.000000026
     2.330000000     0.000002109     2.833103175     0.000000079
     2.340000000     0.000006146     2.873299957     0.000000231
     2.350000000     0.000017214     2.915546161     0.000000646
     2.360000000     0.000046318     2.960067261     0.000001739
     2.370000000     0.000119742     3.007116521     0.000004495
     2.380000000     0.000297425     3.056979029     0.000011165
     2.390000000     0.000709801     3.109976146     0.000026644
     2.400000000     0.001627511     3.166470262     0.000061088
     2.410000000     0.003585417     3.226869624     0.000134568
     2.420000000     0.007588984     3.291632701     0.000284811
     2.430000000     0.015433202     3.361271145     0.000579164
     2.440000000     0.030154824     3.436349555     0.001131552
     2.450000000     0.056609058     3.517478828     0.002124105
     2.460000000     0.102104158     3.605297362     0.003830946
     2.470000000     0.176941338     3.700429817     0.006638417
     2.480000000     0.294607337     3.803405087     0.011052269
     2.490000000     0.471287783     3.914500632     0.017679375
     2.500000000     0.724364533     4.033454454     0.027171325
     2.510000000     1.069686578     4.158940450     0.040122060
     2.520000000     1.517694245     4.287625686     0.056922517
     2.530000000     2.068904292     4.412508944     0.077591374
     2.540000000     2.709722929     4.520098731     0.101618146
     2.550000000     3.409869391     4.585981952     0.127866733
     2.560000000     4.122673814     4.569052904     0.154586778
     2.570000000     4.789041246     4.407663269     0.179562481
     2.580000000     5.344985758     4.028218354     0.200395206
     2.590000000     5.731560742     3.383764218     0.214875813
     2.600000000     5.905104920     2.520651195     0.221368700
     2.610000000     5.845352547     1.605986169     0.219115637
     2.620000000     5.559326396     0.840685803     0.208381426
     2.630000000     5.079980065     0.333538397     0.190402705
     2.640000000     4.459952313     0.075113134     0.167153586
     2.650000000     3.762069324    -0.002292639     0.140989496
     2.660000000     3.048960127     0.031283034     0.114257915
     2.670000000     2.374133125     0.124712835     0.088964001
     2.680000000     1.776179126     0.246123863     0.066553483
     2.690000000     1.276723428     0.377324710     0.047836099
     2.700000000     0.881729285     0.508576008     0.033034610
     2.710000000     0.585062247     0.635018028     0.021918514
     2.720000000     0.372990058     0.754501349     0.013972737
     2.730000000     0.228465595     0.866337505     0.008558159
     2.740000000     0.134453692     0.970597978     0.005036255
     2.750000000     0.076024404     1.067726895     0.002847498
     2.760000000     0.041301107     1.158329984     0.001546849
     2.770000000     0.021557517     1.243061829     0.000807348
     2.780000000     0.010810957     1.322567708     0.000404857
     2.790000000     0.005209043     1.397455583     0.000195061
     2.800000000     0.002411460     1.468284573     0.000090296
     2.810000000     0.001072582     1.535562274     0.000040160
     2.820000000     0.000458363     1.599746642     0.000017161
     2.830000000     0.000188199     1.661250060     0.000007046
     2.840000000     0.000074242     1.720444283     0.000002779
     2.850000000     0.000028140     1.777665567     0.000001053
     2.860000000     0.000010247     1.833219633     0.000000384
     2.870000000     0.000003585     1.887386296     0.000000134
     2.880000000     0.000001205     1.940423710     0.000000045
     2.890000000     0.000000389     1.992572243     0.000000015
     2.900000000     0.000000121     2.044058005     0.000000005
     2.910000000     0.000000038     2.095096094     0.000000001
     2.920000000     0.000000019     2.145893605     0.000000001
     2.930000000     0.000000033     2.196652464     0.000000002
     2.940000000     0.000000102     2.247572153     0.000000006
     2.950000000     0.000000325     2.298852371     0.000000018
     2.960000000     0.000000999     2.350695697     0.000000056
     2.970000000     0.000002950     2.403310307     0.000000164
     2.980000000     0.000008368     2.456912801     0.000000466
     2.990000000     0.000022805     2.511731174     0.000001271
     3.000000000     0.000059716     2.568008011     0.000003327
     3.010000000     0.000150239     2.626003891     0.000008371
     3.020000000     0.000363159     2.686001050     0.000020235
     3.030000000     0.000843414     2.748307239     0.000046996
     3.040000000     0.001881972     2.813259671     0.000104865
     3.050000000     0.004034720     2.881228791     0.000224817
     3.060000000     0.008310782     2.952621353     0.000463082
     3.070000000     0.016447453     3.027881815     0.000916462
     3.080000000     0.031274015     3.107490298     0.001742607
     3.090000000     0.057134291     3.191953877     0.003183558
     3.100000000     0.100285526     3.281785503     0.005587971
     3.110000000     0.169125034     3.377460299     0.009423750
     3.120000000     0.274034826     3.479330903     0.015269388
     3.130000000     0.426610797     3.587469062     0.023771014
     3.140000000     0.638096189     3.701375034     0.035555110
     3.150000000     0.916998632     3.819452217     0.051095725
     3.160000000     1.266133404     3.938073469     0.070549729
     3.170000000     1.679648917     4.049970746     0.093591071
     3.180000000     2.140848308     4.141622912     0.119289398
     3.190000000     2.621692581     4.189568618     0.146082375
     3.200000000     3.084654181     4.156933008     0.171878992
     3.210000000     3.487071883     3.995364925     0.194302253
     3.220000000     3.787451030     3.663401887     0.211040330
     3.230000000     3.952479328     3.167731833     0.220237689
     3.240000000     3.963144100     2.597568095     0.220836367
     3.250000000     3.818425787     2.091426583     0.212782592
     3.260000000     3.535623369     1.748826925     0.197046418
     3.270000000     3.147269324     1.586337850     0.175452433
     3.280000000     2.695512423     1.566312178     0.150370997
     3.290000000     2.225473418     1.640081867     0.124354432
     3.300000000     1.779213580     1.769343539     0.099809892
     3.310000000     1.391587764     1.929502410     0.078779596
     3.320000000     1.088546706     2.106458845     0.062858721
     3.330000000     0.887667521     2.292763863     0.053236042
     3.340000000     0.800077322     2.484742497     0.050806541
     3.350000000     0.832652125     2.680556864     0.056288190
     3.360000000     0.989459020     2.878811393     0.070279645
     3.370000000     1.271795460     3.077285352     0.093218825
     3.380000000     1.676731480     3.271389532     0.125237087
     3.390000000     2.194621800     3.451929292     0.165941081
     3.400000000     2.806477678     3.601841160     0.214184705
     3.410000000     3.482259924     3.692206511     0.267908613
     3.420000000     4.181019248     3.680000817     0.324118914
     3.430000000     4.853389393     3.514222508     0.379049547
     3.440000000     5.446335926     3.158551417     0.428509981
     3.450000000     5.909444542     2.624655143     0.468372274
     3.460000000     6.201576971     1.983998374     0.495112483
     3.470000000     6.296564384     1.331247871     0.506302427
     3.480000000     6.186790356     0.726855167     0.500954280
     3.490000000     5.883976743     0.185179715     0.479650634
     3.500000000     5.417088454    -0.280414967     0.444437746
     3.510000000     4.827854018    -0.630951390     0.398507926
     3.520000000     4.164821954    -0.833997975     0.345736709
     3.530000000     3.477061636    -0.896215037     0.290163402
     3.540000000     2.808561857    -0.853855686     0.235506283
     3.550000000     2.194125137    -0.747557749     0.184787601
     3.560000000     1.657179995    -0.608507071     0.140113956
     3.570000000     1.209528950    -0.456570624     0.102622513
     3.580000000     0.852703704    -0.303063790     0.072571158
     3.590000000     0.580374897    -0.153875123     0.049528119
     3.600000000     0.381191348    -0.011733385     0.032607370
     3.610000000     0.241492407     0.122379819     0.020700129
     3.620000000     0.147503479     0.248408112     0.012666339
     3.630000000     0.086828906     0.366758668     0.007467743
     3.640000000     0.049241206     0.478048689     0.004240728
     3.650000000     0.026893604     0.582969229     0.002318839
     3.660000000     0.014141442     0.682214355     0.001220561
     3.670000000     0.007157237     0.776446398     0.000618300
     3.680000000     0.003485781     0.866280944     0.000301367
     3.690000000     0.001633302     0.952282442     0.000141307
     3.700000000     0.000736147     1.034965346     0.000063728
     3.710000000     0.000319098     1.114797973     0.000027640
     3.720000000     0.000133010     1.192207546     0.000011527
     3.730000000     0.000053308     1.267585577     0.000004622
     3.740000000     0.000020540     1.341293185     0.000001782
     3.750000000     0.000007608     1.413666141     0.000000660
     3.760000000     0.000002709     1.485019582     0.000000235
     3.770000000     0.000000927     1.555652384     0.000000081
     3.780000000     0.000000305     1.625851234     0.000000027
     3.790000000     0.000000097     1.695894459     0.000000008
     3.800000000     0.000000032     1.766055682     0.000000003
     3.810000000     0.000000018     1.836607356     0.000000002
     3.820000000     0.000000037     1.907824274     0.000000004
     3.830000000     0.000000117     1.979987103     0.000000011
     3.840000000     0.000000375     2.053386033     0.000000036
     3.850000000     0.000001163     2.128324617     0.000000113
     3.860000000     0.000003467     2.205123870     0.000000337
     3.870000000     0.000009940     2.284126721     0.000000966
     3.880000000     0.000027393     2.365702900     0.000002661
     3.890000000     0.000072581     2.450254325     0.000007050
     3.900000000     0.000184898     2.538221072     0.000017960
     3.910000000     0.000452890     2.630087954     0.000043991
     3.920000000     0.001066658     2.726391687     0.000103609
     3.930000000     0.002415744     2.827728513     0.000234651
     3.940000000     0.005261293     2.934761943     0.000511052
     3.950000000     0.011019769     3.048229902     0.001070397
     3.960000000     0.022198021     3.168949918     0.002156187
     3.970000000     0.043007229     3.297819847     0.004177473
     3.980000000     0.080145298     3.435809538     0.007784850
     3.990000000     0.143664056     3.583935252     0.013954695
     4.000000000     0.247728371     3.743202131     0.024062900
     4.010000000     0.410946020     3.914488443     0.039916917
     4.020000000     0.655841182     4.098324595     0.063704616
     4.030000000     1.007025183     4.294483076     0.097816596
     4.040000000     1.487756249     4.501231303     0.144512030
     4.050000000     2.114920651     4.713993160     0.205431150
     4.060000000     2.892990595     4.923010213     0.281008365
     4.070000000     3.808105662     5.109443617     0.369897360
     4.080000000     4.823882967     5.239497432     0.468564127
     4.090000000     5.880651315     5.257492561     0.571212594
     4.100000000     6.899354096     5.083264883     0.670163758
     4.110000000     7.790367157     4.627286424     0.756712275
     4.120000000     8.466145548     3.837294287     0.822355033
     4.130000000     8.855349187     2.757842935     0.860163513
     4.140000000     8.915361117     1.542699017     0.866000227
     4.150000000     8.640234180     0.399485899     0.839291442
     4.160000000     8.062128662    -0.490814249     0.783168115
     4.170000000     7.245946498    -1.043230497     0.703946560
     4.180000000     6.278597796    -1.282067547     0.610088277
     4.190000000     5.255584598    -1.290588551     0.510899533
     4.200000000     4.267969813    -1.155069393     0.415268076
     4.210000000     3.392256520    -0.939656509     0.330681253
     4.220000000     2.684504979    -0.684869716     0.262653064
     4.230000000     2.178635293    -0.414191484     0.214553605
     4.240000000     1.887785682    -0.140896450     0.187730065
     4.250000000     1.807136086     0.126762113     0.181764908
     4.260000000     1.916820538     0.381640439     0.194739388
     4.270000000     2.184246333     0.614190258     0.223440035
     4.280000000     2.565966832     0.808530043     0.263527809
     4.290000000     3.009854971     0.937832325     0.309748137
     4.300000000     3.458449169     0.960661993     0.356270466
     4.310000000     3.853946504     0.824709711     0.397203845
     4.320000000     4.144568561     0.490344146     0.427257667
     4.330000000     4.291241078    -0.022475944     0.442436396
     4.340000000     4.273051443    -0.604202827     0.440608753
     4.350000000     4.090004776    -1.104938866     0.421798437
     4.360000000     3.762204019    -1.429681728     0.388106335
     4.370000000     3.325525218    -1.572447280     0.343271812
     4.380000000     2.824803794    -1.578304638     0.291977807
     4.390000000     2.306157851    -1.499143626     0.239066709
     4.400000000     1.810160591    -1.374304971     0.188841871
     4.410000000     1.367154576    -1.228699337     0.144585393
     4.420000000     0.995274208    -1.076601530     0.108347305
     4.430000000     0.700986710    -0.925622111     0.080983789
     4.440000000     0.481414996    -0.779516605     0.062367685
     4.450000000     0.327487342    -0.639928478     0.051675623
     4.460000000     0.227051417    -0.507424643     0.047670351
     4.470000000     0.167379694    -0.382121014     0.048930668
     4.480000000     0.136834643    -0.264090790     0.054017950
     4.490000000     0.125738677    -0.153647673     0.061593393
     4.500000000     0.126647633    -0.051464968     0.070507424
     4.510000000     0.134258943     0.041703011     0.079873882
     4.520000000     0.145136376     0.125993635     0.089124673
     4.530000000     0.157354847     0.203692558     0.098026277
     4.540000000     0.170104241     0.279064906     0.106636428
     4.550000000     0.183263050     0.355984778     0.115191074
     4.560000000     0.196960545     0.435797762     0.123934941
     4.570000000     0.211173351     0.517404340     0.132934426
     4.580000000     0.225425435     0.598372841     0.141927793
     4.590000000     0.238660242     0.675626652     0.150265758
     4.600000000     0.249323207     0.745823495     0.156973338
     4.610000000     0.255640008     0.806425639     0.160927584
     4.620000000     0.256020270     0.858051200     0.161107964
     4.630000000     0.249480839     0.906351210     0.156851057
     4.640000000     0.235983286     0.959861304     0.148038695
     4.650000000     0.216619487     1.024752326     0.135170052
     4.660000000     0.193643693     1.102352543     0.119305761
     4.670000000     0.170415459     1.190911183     0.101911887
     4.680000000     0.151358463     1.288121495     0.084659460
     4.690000000     0.142035418     1.392338865     0.069241965
     4.700000000     0.149381513     1.502747620     0.057257574
     4.710000000     0.182036441     1.619141564     0.050171569
     4.720000000     0.250592267     1.741645988     0.049338440
     4.730000000     0.367469492     1.870449226     0.056034713
     4.740000000     0.546094544     2.005501999     0.071442034
     4.750000000     0.799125178     2.146091870     0.096530509
     4.760000000     1.135683629     2.290147591     0.131824203
     4.770000000     1.557895634     2.433046565     0.177077502
     4.780000000     2.057421969     2.565591596     0.230940272
     4.790000000     2.612975307     2.670780553     0.290724883
     4.800000000     3.189884086     2.719381379     0.352392732
     4.810000000     3.742482288     2.666162128     0.410841837
     4.820000000     4.219465694     2.453494684     0.460503464
     4.830000000     4.571506336     2.035269171     0.496162789
     4.840000000     4.759627433     1.425945355     0.513836811
     4.850000000     4.762413728     0.736211646     0.511503484
     4.860000000     4.580273550     0.128772609     0.489498875
     4.870000000     4.235685980    -0.283241759     0.450481540
     4.880000000     3.769440958    -0.483342481     0.398979453
     4.890000000     3.233945592    -0.517049991     0.340645063
     4.900000000     2.685358000    -0.442061229     0.281410785
     4.910000000     2.176400437    -0.303708536     0.226739612
     4.920000000     1.751207303    -0.131233301     0.181107751
     4.930000000     1.442706692     0.058335219     0.147763534
     4.940000000     1.272154734     0.255538612     0.128715234
     4.950000000     1.249855488     0.454908416     0.124841472
     4.960000000     1.375986069     0.652346767     0.136008813
     4.970000000     1.640802243     0.842897618     0.161119728
     4.980000000     2.024150579     1.018275939     0.198081757
     4.990000000     2.494885997     1.163564808     0.243757510
     5.000000000     3.011209369     1.252839151     0.293997360
     5.010000000     3.522909643     1.245003195     0.343854018
     5.020000000     3.975990370     1.085476574     0.388028385
     5.030000000     4.319336440     0.726077343     0.421514744
     5.040000000     4.512228751     0.171302393     0.440329758
     5.050000000     4.530975646    -0.480676266     0.442156526
     5.060000000     4.372938436    -1.072015421     0.426735466
     5.070000000     4.056822393    -1.485554109     0.395891619
     5.080000000     3.619094325    -1.698801238     0.353184544
     5.090000000     3.107426949    -1.753457812     0.303268432
     5.100000000     2.572796797    -1.705534459     0.251120971
     5.110000000     2.062047206    -1.599810051     0.201317589
     5.120000000     1.612358795    -1.465461862     0.157491661
     5.130000000     1.248338713    -1.319627942     0.122049971
     5.140000000     0.981644775    -1.171858605     0.096135162
     5.150000000     0.812475208    -1.027505011     0.079769911
     5.160000000     0.732027226    -0.890047124     0.072095481
     5.170000000     0.725145958    -0.762807033     0.071629091
     5.180000000     0.772712465    -0.650456391     0.076496575
     5.190000000     0.853671402    -0.560475877     0.084631297
     5.200000000     0.946824856    -0.504057942     0.093952404
     5.210000000     1.032554659    -0.494498430     0.102539024
     5.220000000     1.094512506    -0.539804865     0.108805155
     5.230000000     1.121133452    -0.630107373     0.111662301
     5.240000000     1.106696392    -0.732885825     0.110644253
     5.250000000     1.051651565    -0.809862980     0.105968050
     5.260000000     0.962070192    -0.840585046     0.098517363
     5.270000000     0.848289845    -0.826809732     0.089753263
     5.280000000     0.723039543    -0.781026072     0.081573154
     5.290000000     0.599446626    -0.716034178     0.076143532
     5.300000000     0.489311683    -0.641075748     0.075723823
     5.310000000     0.401905128    -0.561841761     0.082481668
     5.320000000     0.343351482    -0.481573183     0.098284910
     5.330000000     0.316502254    -0.402120752     0.124453445
     5.340000000     0.321114053    -0.324755688     0.161471518
     5.350000000     0.354162657    -0.250825285     0.208695419
     5.360000000     0.410210280    -0.182399984     0.264130269
     5.370000000     0.481847952    -0.123008906     0.324373633
     5.380000000     0.560300288    -0.078353594     0.384815121
     5.390000000     0.636270373    -0.056322585     0.440131924
     5.400000000     0.701018207    -0.064717054     0.485038756
     5.410000000     0.747543352    -0.105327578     0.515161542
     5.420000000     0.771637549    -0.167387565     0.527840811
     5.430000000     0.772539230    -0.228947694     0.522661788
     5.440000000     0.752985235    -0.268847925     0.501564542
     5.450000000     0.718602565    -0.277980372     0.468495579
     5.460000000     0.676765859    -0.259630019     0.428687108
     5.470000000     0.635198682    -0.222850850     0.387749039
     5.480000000     0.600662415    -0.177167572     0.350797501
     5.490000000     0.578030883    -0.130945423     0.321810701
     5.500000000     0.569909103    -0.091620867     0.303313094
     5.510000000     0.576772597    -0.065494718     0.296377204
     5.520000000     0.597446561    -0.055480876     0.300840029
     5.530000000     0.629668273    -0.057703219     0.315589599
     5.540000000     0.670505691    -0.062012307     0.338797385
     5.550000000     0.716523216    -0.059297896     0.368040468
     5.560000000     0.763739706    -0.048654293     0.400341608
     5.570000000     0.807547251    -0.037740022     0.432218257
     5.580000000     0.842797835    -0.038913643     0.459845146
     5.590000000     0.864200871    -0.064431680     0.479392758
     5.600000000     0.867034362    -0.119933076     0.487523534
     5.610000000     0.848016969    -0.197606502     0.481943983
     5.620000000     0.806085825    -0.276761194     0.461861204
     5.630000000     0.742821364    -0.335610399     0.428199846
     5.640000000     0.662358732    -0.363664655     0.383499092
     5.650000000     0.570785496    -0.363123511     0.331504243
     5.660000000     0.475183400    -0.342178711     0.276557224
     5.670000000     0.382568430    -0.309019611     0.222941728
     5.680000000     0.298988062    -0.269554236     0.174336138
     5.690000000     0.228954970    -0.227417086     0.133476911
     5.700000000     0.175270888    -0.184638564     0.102059614
     5.710000000     0.139171991    -0.142274716     0.080833114
     5.720000000     0.120648730    -0.100850663     0.069797526
     5.730000000     0.118777415    -0.060655030     0.068408675
     5.740000000     0.131943181    -0.021955274     0.075717695
     5.750000000     0.157911633     0.014800913     0.090420338
     5.760000000     0.193789190     0.048740145     0.110839045
     5.770000000     0.235971436     0.078230638     0.134895332
     5.780000000     0.280195516     0.100487992     0.160139822
     5.790000000     0.321781760     0.111382797     0.183889465
     5.800000000     0.356081518     0.106233875     0.203482312
     5.810000000     0.379066037     0.082717868     0.216612939
     5.820000000     0.387924676     0.045253320     0.221673443
     5.830000000     0.381515299     0.005797503     0.218010214
     5.840000000     0.360536991    -0.022895096     0.206022252
     5.850000000     0.327367467    -0.034948436     0.187068030
     5.860000000     0.285599831    -0.031841458     0.163200655
     5.870000000     0.239393468    -0.018174103     0.136796884
     5.880000000     0.192795317     0.001658269     0.110169244
     5.890000000     0.149179650     0.024559376     0.085245893
     5.900000000     0.110905023     0.048644068     0.063374580
     5.910000000     0.079217512     0.072861433     0.045267350
     5.920000000     0.054365009     0.096667989     0.031065857
     5.930000000     0.035846435     0.119810226     0.020483768
     5.940000000     0.022709141     0.142194145     0.012976710
     5.950000000     0.013822407     0.163810618     0.007898553
     5.960000000     0.008083415     0.184693720     0.004619115
     5.970000000     0.004541866     0.204897844     0.002595363
     5.980000000     0.002451895     0.224485336     0.001401089
     5.990000000     0.001271738     0.243520001     0.000726711
     6.000000000     0.000633756     0.262063841     0.000362148
     6.010000000     0.000303441     0.280175597     0.000173396
     6.020000000     0.000139590     0.297910247     0.000079766
     6.030000000     0.000061697     0.315319033     0.000035256
     6.040000000     0.000026200     0.332449743     0.000014971
     6.050000000     0.000010690     0.349347122     0.000006108
     6.060000000     0.000004190     0.366053323     0.000002395
     6.070000000     0.000001578     0.382608376     0.000000902
     6.080000000     0.000000571     0.399050633     0.000000326
     6.090000000     0.000000199     0.415417210     0.000000113
     6.100000000     0.000000066     0.431744396     0.000000038
     6.110000000     0.000000021     0.448068061     0.000000012
     6.120000000     0.000000007     0.464424040     0.000000004
     6.130000000     0.000000002     0.480848525     0.000000001
     6.140000000     0.000000001     0.497378451     0.000000000
     6.150000000     0.000000001     0.514051900     0.000000001
     6.160000000     0.000000003     0.530908517     0.000000002
     6.170000000     0.000000010     0.547989960     0.000000006
     6.180000000     0.000000032     0.565340377     0.000000019
     6.190000000     0.000000100     0.583006939     0.000000060
     6.200000000     0.000000307     0.601040423     0.000000183
     6.210000000     0.000000905     0.619495868     0.000000534
     6.220000000     0.000002559     0.638433308     0.000001501
     6.230000000     0.000006958     0.657918605     0.000004054
     6.240000000     0.000018180     0.678024379     0.000010522
     6.250000000     0.000045657     0.698831057     0.000026253
     6.260000000     0.000110212     0.720428043     0.000062964
     6.270000000     0.000255719     0.742914987     0.000145166
     6.280000000     0.000570331     0.766403131     0.000321744
     6.290000000     0.001222748     0.791016653     0.000685559
     6.300000000     0.002520071     0.816893839     0.001404403
     6.310000000     0.004993193     0.844187808     0.002766147
     6.320000000     0.009511764     0.873066227     0.005238704
     6.330000000     0.017421811     0.903709033     0.009540514
     6.340000000     0.030684097     0.936302413     0.016709326
     6.350000000     0.051971653     0.971025858     0.028147031
     6.360000000     0.084665521     1.008026653     0.045608800
     6.370000000     0.132677502     1.047371659     0.071100628
     6.380000000     0.200038805     1.088958382     0.106656063
     6.390000000     0.290233163     1.132353712     0.153984883
     6.400000000     0.405323125     1.176507000     0.214023288
     6.410000000     0.545006493     1.219255248     0.286459884
     6.420000000     0.705819147     1.256521379     0.369349879
     6.430000000     0.880735959     1.281183729     0.458943936
     6.440000000     1.059383707     1.281999991     0.549834297
     6.450000000     1.228960857     1.244085612     0.635456585
     6.460000000     1.375782495     1.153962326     0.708895215
     6.470000000     1.487186837     1.010639519     0.763850860
     6.480000000     1.553416427     0.834818532     0.795571861
     6.490000000     1.569070812     0.661583603     0.801550375
     6.500000000     1.533829691     0.518687457     0.781841499
     6.510000000     1.452333335     0.412741612     0.738960698
     6.520000000     1.333316545     0.335567123     0.677418505
     6.530000000     1.188255104     0.280035454     0.603028116
     6.540000000     1.029853999     0.247461927     0.522150580
     6.550000000     0.870676728     0.241617892     0.441022299
     6.560000000     0.722111115     0.261293648     0.365255533
     6.570000000     0.593734489     0.300466574     0.299537394
     6.580000000     0.493023769     0.352206004     0.247497366
     6.590000000     0.425284140     0.411080479     0.211680968
     6.600000000     0.393655524     0.473482323     0.193562007
     6.610000000     0.399094674     0.537024045     0.193545046
     6.620000000     0.440305897     0.599731219     0.210945154
     6.630000000     0.513678659     0.659196580     0.243971538
     6.640000000     0.613353504     0.711627256     0.289770842
     6.650000000     0.731548341     0.750765316     0.344590741
     6.660000000     0.859219390     0.767107029     0.404097710
     6.670000000     0.987015465     0.748970788     0.463829169
     6.680000000     1.106351512     0.688168402     0.519698615
     6.690000000     1.210336607     0.590369660     0.568430162
     6.700000000     1.294295327     0.480048450     0.607800843
     6.710000000     1.355736349     0.387189954     0.636622914
     6.720000000     1.393814107     0.326004337     0.654488263
     6.730000000     1.408521381     0.288601749     0.661386949
     6.740000000     1.399956397     0.253870463     0.657361282
     6.750000000     1.367973485     0.199160480     0.642340466
     6.760000000     1.312359784     0.111793919     0.616222558
     6.770000000     1.233451852    -0.000297583     0.579163072
     6.780000000     1.132915126    -0.109671247     0.531939914
     6.790000000     1.014338182    -0.188312937     0.476231000
     6.800000000     0.883368836    -0.225360430     0.414676252
     6.810000000     0.747300512    -0.226388738     0.350680930
     6.820000000     0.614221573    -0.203008298     0.288013437
     6.830000000     0.491981896    -0.165602254     0.230317588
     6.840000000     0.387260225    -0.121258547     0.180673468
     6.850000000     0.304936851    -0.074207222     0.141304341
     6.860000000     0.247837069    -0.026789408     0.113461806
     6.870000000     0.216777576     0.019727292     0.097458431
     6.880000000     0.210773177     0.064569266     0.092780805
     6.890000000     0.227265351     0.107023698     0.098216165
     6.900000000     0.262301742     0.146038998     0.111955447
     6.910000000     0.310686679     0.179763136     0.131676798
     6.920000000     0.366191654     0.204990172     0.154645689
     6.930000000     0.421928687     0.216714398     0.177876015
     6.940000000     0.470940980     0.208575013     0.198377356
     6.950000000     0.506973852     0.175710178     0.213475270
     6.960000000     0.525293065     0.120487270     0.221150653
     6.970000000     0.523359312     0.056245078     0.220318928
     6.980000000     0.501174716     0.001374483     0.210972117
     6.990000000     0.461191495    -0.032359015     0.194137697
     7.000000000     0.407789418    -0.044108489     0.171656864
     7.010000000     0.346445229    -0.039347084     0.145833824
     7.020000000     0.282793009    -0.024426795     0.119039649
     7.030000000     0.221786083    -0.004175081     0.093359160
     7.040000000     0.167120474     0.018349525     0.070348065
     7.050000000     0.120991246     0.041395792     0.050930316
     7.060000000     0.084160204     0.064033174     0.035426575
     7.070000000     0.056245525     0.085807808     0.023676111
     7.080000000     0.036115819     0.106530719     0.015202670
     7.090000000     0.022281029     0.126155164     0.009379025
     7.100000000     0.013206916     0.144707714     0.005559351
     7.110000000     0.007521364     0.162250214     0.003166072
     7.120000000     0.004115515     0.178859121     0.001732430
     7.130000000     0.002163725     0.194614529     0.000910903
     7.140000000     0.001093259     0.209594559     0.000460464
     7.150000000     0.000531463     0.223872718     0.000224388
     7.160000000     0.000250018     0.237516868     0.000106884
     7.170000000     0.000117191     0.250589053     0.000053174
     7.180000000     0.000062115     0.263145776     0.000034799
     7.190000000     0.000050933     0.275238471     0.000040152
     7.200000000     0.000072694     0.286914056     0.000069479
     7.210000000     0.000132473     0.298215480     0.000133379
     7.220000000     0.000249451     0.309182221     0.000253876
     7.230000000     0.000458067     0.319850686     0.000467169
     7.240000000     0.000810498     0.330254476     0.000826935
     7.250000000     0.001378615     0.340424417     0.001406680
     7.260000000     0.002253243     0.350388222     0.002299147
     7.270000000     0.003538425     0.360169533     0.003610522
     7.280000000     0.005338778     0.369785857     0.005447561
     7.290000000     0.007739311     0.379244596     0.007897007
     7.300000000     0.010779312     0.388535743     0.010998951
     7.310000000     0.014424739     0.397619005     0.014718658
     7.320000000     0.018546124     0.406402411     0.018924019
     7.330000000     0.022910079     0.414710728     0.023376895
     7.340000000     0.027191200     0.422251250     0.027745248
     7.350000000     0.031006923     0.428614021     0.031638721
     7.360000000     0.033971757     0.433396796     0.034663968
     7.370000000     0.035760845     0.436542141     0.036489515
     7.380000000     0.036168597     0.438710985     0.036905589
     7.390000000     0.035147927     0.441144417     0.035864154
     7.400000000     0.032820024     0.444900806     0.033488897
     7.410000000     0.029452475     0.450304881     0.030052918
     7.420000000     0.025412277     0.457100073     0.025930820
     7.430000000     0.021107062     0.464858021     0.021538795
     7.440000000     0.016930481     0.473221479     0.017279003
     7.450000000     0.013225716     0.481960836     0.013502505
     7.460000000     0.010275413     0.490951629     0.010499231
     7.470000000     0.008318888     0.500139022     0.008515852
     7.480000000     0.007590244     0.509509911     0.007795049
     7.490000000     0.008365195     0.519074259     0.008623633
     7.500000000     0.011000679     0.528852400     0.011373165
     7.510000000     0.015949934     0.538864580     0.016515198
     7.520000000     0.023737311     0.549119099     0.024594896
     7.530000000     0.034882674     0.559594740     0.036152526
     7.540000000     0.049775749     0.570211289     0.051593150
     7.550000000     0.068515767     0.580778349     0.071020427
     7.560000000     0.090748659     0.590907739     0.094067887
     7.570000000     0.115547248     0.599871917     0.119774793
     7.580000000     0.141382937     0.606405001     0.146556831
     7.590000000     0.166224880     0.608517912     0.172308944
     7.600000000     0.187774169     0.603612164     0.194648095
     7.610000000     0.203802242     0.589488436     0.211264088
     7.620000000     0.212526561     0.566580155     0.220308996
     7.630000000     0.212936223     0.539764422     0.220734696
     7.640000000     0.204985380     0.516498069     0.212493341
     7.650000000     0.189603918     0.502065227     0.196548337
     7.660000000     0.168523579     0.497291116     0.174693885
     7.670000000     0.143967376     0.500131280     0.149232580
     7.680000000     0.118284252     0.507981561     0.122595896
     7.690000000     0.093619120     0.518805913     0.097000823
     7.700000000     0.071690239     0.531306182     0.074217067
     7.710000000     0.053709845     0.544748545     0.055481967
     7.720000000     0.040443034     0.558760153     0.041558049
     7.730000000     0.032365940     0.573180207     0.032893346
     7.740000000     0.029864067     0.587964785     0.029824258
     7.750000000     0.033406514     0.603126662     0.032756113
     7.760000000     0.043639344     0.618692428     0.042264894
     7.770000000     0.061358549     0.634662238     0.059081548
     7.780000000     0.087348233     0.650957798     0.083945569
     7.790000000     0.122101535     0.667340504     0.117345772
     7.800000000     0.165477593     0.683273797     0.159200303
     7.810000000     0.216380370     0.697694587     0.208558280
     7.820000000     0.272563045     0.708663190     0.263421104
     7.830000000     0.330652720     0.712931284     0.320771147
     7.840000000     0.386447636     0.705724614     0.376853073
     7.850000000     0.435467731     0.681586417     0.427683912
     7.860000000     0.473658142     0.637454883     0.469691000
     7.870000000     0.498082166     0.577330928     0.500319684
     7.880000000     0.507422499     0.513581205     0.518441285
     7.890000000     0.502150473     0.460556660     0.524438099
     7.900000000     0.484313961     0.425889629     0.519935936
     7.910000000     0.457006112     0.408303491     0.507264809
     7.920000000     0.423669452     0.401531732     0.488814420
     7.930000000     0.387430030     0.398621076     0.466480140
     7.940000000     0.350631169     0.394280533     0.441356119
     7.950000000     0.314658426     0.385899905     0.413740813
     7.960000000     0.280048201     0.373806973     0.383412373
     7.970000000     0.246788806     0.360776327     0.350047249
     7.980000000     0.214681571     0.350545304     0.313623310
     7.990000000     0.183638367     0.345775810     0.274674508
     8.000000000     0.153839027     0.346953415     0.234331253
     8.010000000     0.125734020     0.352869625     0.194159675
     8.020000000     0.099930372     0.361779847     0.155874529
     8.030000000     0.077026453     0.372198546     0.121026811
     8.040000000     0.057460856     0.383126757     0.090756141
     8.050000000     0.041419398     0.393980968     0.065661422
     8.060000000     0.028815092     0.404456049     0.045798773
     8.070000000     0.019330411     0.414412989     0.030779648
     8.080000000     0.012496505     0.423805413     0.019923272
     8.090000000     0.007781410     0.432635869     0.012416866
     8.100000000     0.004665518     0.440931078     0.007449341
     8.110000000     0.002692784     0.448728325     0.004301324
     8.120000000     0.001495818     0.456068169     0.002390041
     8.130000000     0.000799589     0.462990679     0.001277851
     8.140000000     0.000411258     0.469533609     0.000657336
     8.150000000     0.000203508     0.475731631     0.000325308
     8.160000000     0.000096879     0.481616121     0.000154872
     8.170000000     0.000044365     0.487215241     0.000070925
     8.180000000     0.000019542     0.492554162     0.000031243
     8.190000000     0.000008280     0.497655331     0.000013237
     8.200000000     0.000003374     0.502538759     0.000005394
     8.210000000     0.000001322     0.507222298     0.000002114
     8.220000000     0.000000498     0.511721891     0.000000797
     8.230000000     0.000000181     0.516051802     0.000000289
     8.240000000     0.000000063     0.520224815     0.000000101
     8.250000000     0.000000021     0.524252415     0.000000034
     8.260000000     0.000000007     0.528144942     0.000000011
     8.270000000     0.000000002     0.531911726     0.000000003
     8.280000000     0.000000001     0.535561208     0.000000001
     8.290000000     0.000000000     0.539101035     0.000000000
     8.300000000     0.000000000     0.542538160     0.000000000
     8.310000000     0.000000000     0.545878911     0.000000000
     8.320000000     0.000000000     0.549129062     0.000000000
     8.330000000     0.000000000     0.552293897     0.000000000
     8.340000000     0.000000000     0.555378253     0.000000000
     8.350000000     0.000000000     0.558386576     0.000000000
     8.360000000     0.000000000     0.561322952     0.000000000
     8.370000000     0.000000000     0.564191150     0.000000000
     8.380000000     0.000000000     0.566994647     0.000000000
     8.390000000     0.000000000     0.569736662     0.000000000
     8.400000000     0.000000000     0.572420176     0.000000000
     8.410000000     0.000000000     0.575047955     0.000000000
     8.420000000     0.000000000     0.577622570     0.000000000
     8.430000000     0.000000000     0.580146415     0.000000000
     8.440000000     0.000000000     0.582621723     0.000000000
     8.450000000     0.000000000     0.585050576     0.000000000
     8.460000000     0.000000000     0.587434923     0.000000000
     8.470000000     0.000000000     0.589776588     0.000000000
     8.480000000     0.000000000     0.592077280     0.000000000
     8.490000000     0.000000000     0.594338604     0.000000000
     8.500000000     0.000000000     0.596562067     0.000000000
     8.510000000     0.000000000     0.598749090     0.000000000
     8.520000000     0.000000000     0.600901007     0.000000000
     8.530000000     0.000000000     0.603019080     0.000000000
     8.540000000     0.000000000     0.605104498     0.000000000
     8.550000000     0.000000000     0.607158385     0.000000000
     8.560000000     0.000000000     0.609181805     0.000000000
     8.570000000     0.000000000     0.611175765     0.000000000
     8.580000000     0.000000000     0.613141221     0.000000000
     8.590000000     0.000000000     0.615079076     0.000000000
     8.600000000     0.000000000     0.616990192     0.000000000
     8.610000000     0.000000000     0.618875386     0.000000000
     8.620000000     0.000000000     0.620735434     0.000000000
     8.630000000     0.000000000     0.622571079     0.000000000
     8.640000000     0.000000000     0.624383024     0.000000000
     8.650000000     0.000000000     0.626171942     0.000000000
     8.660000000     0.000000000     0.627938476     0.000000000
     8.670000000     0.000000000     0.629683238     0.000000000
     8.680000000     0.000000000     0.631406814     0.000000000
     8.690000000     0.000000000     0.633109764     0.000000000
     8.700000000     0.000000000     0.634792625     0.000000000
     8.710000000     0.000000000     0.636455910     0.000000000
     8.720000000     0.000000000     0.638100112     0.000000000
     8.730000000     0.000000000     0.639725703     0.000000000
     8.740000000     0.000000000     0.641333135     0.000000000
     8.750000000     0.000000000     0.642922844     0.000000000
     8.760000000     0.000000000     0.644495247     0.000000000
     8.770000000     0.000000000     0.646050747     0.000000000
     8.780000000     0.000000000     0.647589729     0.000000000
     8.790000000     0.000000000     0.649112566     0.000000000
     8.800000000     0.000000000     0.650619616     0.000000000
     8.810000000     0.000000000     0.652111224     0.000000000
     8.820000000     0.000000000     0.653587722     0.000000000
     8.830000000     0.000000000     0.655049431     0.000000000
     8.840000000     0.000000000     0.656496661     0.000000000
     8.850000000     0.000000000     0.657929710     0.000000000
     8.860000000     0.000000000     0.659348868     0.000000000
     8.870000000     0.000000000     0.660754413     0.000000000
     8.880000000     0.000000000     0.662146614     0.000000000
     8.890000000     0.000000000     0.663525733     0.000000000
     8.900000000     0.000000000     0.664892022     0.000000000
     8.910000000     0.000000000     0.666245725     0.000000000
     8.920000000     0.000000000     0.667587079     0.000000000
     8.930000000     0.000000000     0.668916312     0.000000000
     8.940000000     0.000000000     0.670233648     0.000000000
     8.950000000     0.000000000     0.671539301     0.000000000
     8.960000000     0.000000000     0.672833479     0.000000000
     8.970000000     0.000000000     0.674116387     0.000000000
     8.980000000     0.000000000     0.675388220     0.000000000
     8.990000000     0.000000000     0.676649170     0.000000000
     9.000000000     0.000000000     0.677899422     0.000000000
