 # Column 1: omega
 # Column 2: eps2(omega)
 # Column 3: eps1(omega)
 # Column 4: JDOS(omega)
     0.000000000     0.000000000     2.508532447     0.000000000
     0.010000000     0.000000000     2.508564619     0.000000000
     0.020000000     0.000000000     2.508661149     0.000000000
     0.030000000     0.000000000     2.508822076     0.000000000
     0.040000000     0.000000000     2.509047469     0.000000000
     0.050000000     0.000000000     2.509337422     0.000000000
     0.060000000     0.000000000     2.509692057     0.000000000
     0.070000000     0.000000000     2.510111522     0.000000000
     0.080000000     0.000000000     2.510595995     0.000000000
     0.090000000     0.000000000     2.511145681     0.000000000
     0.100000000     0.000000000     2.511760812     0.000000000
     0.110000000     0.000000000     2.512441649     0.000000000
     0.120000000     0.000000000     2.513188482     0.000000000
     0.130000000     0.000000000     2.514001631     0.000000000
     0.140000000     0.000000000     2.514881443     0.000000000
     0.150000000     0.000000000     2.515828297     0.000000000
     0.160000000     0.000000000     2.516842604     0.000000000
     0.170000000     0.000000000     2.517924802     0.000000000
     0.180000000     0.000000000     2.519075364     0.000000000
     0.190000000     0.000000000     2.520294795     0.000000000
     0.200000000     0.000000000     2.521583631     0.000000000
     0.210000000     0.000000000     2.522942446     0.000000000
     0.220000000     0.000000000     2.524371844     0.000000000
     0.230000000     0.000000000     2.525872467     0.000000000
     0.240000000     0.000000000     2.527444993     0.000000000
     0.250000000     0.000000000     2.529090139     0.000000000
     0.260000000     0.000000000     2.530808657     0.000000000
     0.270000000     0.000000000     2.532601343     0.000000000
     0.280000000     0.000000000     2.534469030     0.000000000
     0.290000000     0.000000000     2.536412595     0.000000000
     0.300000000     0.000000000     2.538432959     0.000000000
     0.310000000     0.000000000     2.540531086     0.000000000
     0.320000000     0.000000000     2.542707988     0.000000000
     0.330000000     0.000000000     2.544964725     0.000000000
     0.340000000     0.000000000     2.547302407     0.000000000
     0.350000000     0.000000000     2.549722194     0.000000000
     0.360000000     0.000000000     2.552225301     0.000000000
     0.370000000     0.000000000     2.554812999     0.000000000
     0.380000000     0.000000000     2.557486615     0.000000000
     0.390000000     0.000000000     2.560247537     0.000000000
     0.400000000     0.000000000     2.563097217     0.000000000
     0.410000000     0.000000000     2.566037171     0.000000000
     0.420000000     0.000000000     2.569068981     0.000000000
     0.430000000     0.000000000     2.572194304     0.000000000
     0.440000000     0.000000000     2.575414869     0.000000000
     0.450000000     0.000000000     2.578732480     0.000000000
     0.460000000     0.000000000     2.582149027     0.000000000
     0.470000000     0.000000000     2.585666480     0.000000000
     0.480000000     0.000000000     2.589286900     0.000000000
     0.490000000     0.000000000     2.593012441     0.000000000
     0.500000000     0.000000000     2.596845354     0.000000000
     0.510000000     0.000000000     2.600787993     0.000000000
     0.520000000     0.000000000     2.604842819     0.000000000
     0.530000000     0.000000000     2.609012405     0.000000000
     0.540000000     0.000000000     2.613299445     0.000000000
     0.550000000     0.000000000     2.617706757     0.000000000
     0.560000000     0.000000000     2.622237292     0.000000000
     0.570000000     0.000000000     2.626894139     0.000000000
     0.580000000     0.000000000     2.631680534     0.000000000
     0.590000000     0.000000000     2.636599869     0.000000000
     0.600000000     0.000000000     2.641655699     0.000000000
     0.610000000     0.000000000     2.646851753     0.000000000
     0.620000000     0.000000000     2.652191944     0.000000000
     0.630000000     0.000000000     2.657680380     0.000000000
     0.640000000     0.000000000     2.663321373     0.000000000
     0.650000000     0.000000000     2.669119457     0.000000000
     0.660000000     0.000000000     2.675079396     0.000000000
     0.670000000     0.000000000     2.681206205     0.000000000
     0.680000000     0.000000000     2.687505160     0.000000000
     0.690000000     0.000000000     2.693981816     0.000000000
     0.700000000     0.000000000     2.700642031     0.000000000
     0.710000000     0.000000000     2.707491980     0.000000000
     0.720000000     0.000000000     2.714538179     0.000000000
     0.730000000     0.000000000     2.721787508     0.000000000
     0.740000000     0.000000000     2.729247239     0.000000000
     0.750000000     0.000000000     2.736925061     0.000000000
     0.760000000     0.000000000     2.744829111     0.000000000
     0.770000000     0.000000000     2.752968010     0.000000000
     0.780000000     0.000000000     2.761350894     0.000000000
     0.790000000     0.000000000     2.769987458     0.000000000
     0.800000000     0.000000000     2.778887994     0.000000000
     0.810000000     0.000000000     2.788063446     0.000000000
     0.820000000     0.000000000     2.797525453     0.000000000
     0.830000000     0.000000000     2.807286412     0.000000000
     0.840000000     0.000000000     2.817359537     0.000000000
     0.850000000     0.000000000     2.827758930     0.000000000
     0.860000000     0.000000000     2.838499657     0.000000000
     0.870000000     0.000000000     2.849597828     0.000000000
     0.880000000     0.000000000     2.861070696     0.000000000
     0.890000000     0.000000000     2.872936751     0.000000000
     0.900000000     0.000000000     2.885215845     0.000000000
     0.910000000     0.000000000     2.897929309     0.000000000
     0.920000000     0.000000000     2.911100097     0.000000000
     0.930000000     0.000000000     2.924752949     0.000000000
     0.940000000     0.000000000     2.938914556     0.000000000
     0.950000000     0.000000000     2.953613768     0.000000000
     0.960000000     0.000000000     2.968881806     0.000000000
     0.970000000     0.000000000     2.984752519     0.000000000
     0.980000000     0.000000000     3.001262653     0.000000000
     0.990000000     0.000000000     3.018452178     0.000000000
     1.000000000     0.000000000     3.036364636     0.000000000
     1.010000000     0.000000000     3.055047551     0.000000000
     1.020000000     0.000000000     3.074552885     0.000000000
     1.030000000     0.000000000     3.094937563     0.000000000
     1.040000000     0.000000000     3.116264067     0.000000000
     1.050000000     0.000000000     3.138601119     0.000000000
     1.060000000     0.000000000     3.162024460     0.000000000
     1.070000000     0.000000001     3.186617747     0.000000000
     1.080000000     0.000000004     3.212473580     0.000000000
     1.090000000     0.000000014     3.239694687     0.000000000
     1.100000000     0.000000049     3.268395294     0.000000000
     1.110000000     0.000000162     3.298702701     0.000000001
     1.120000000     0.000000519     3.330759109     0.000000004
     1.130000000     0.000001594     3.364723726     0.000000011
     1.140000000     0.000004708     3.400775207     0.000000032
     1.150000000     0.000013358     3.439114461     0.000000089
     1.160000000     0.000036417     3.479967882     0.000000241
     1.170000000     0.000095386     3.523591034     0.000000626
     1.180000000     0.000240046     3.570272818     0.000001566
     1.190000000     0.000580408     3.620340112     0.000003764
     1.200000000     0.001348342     3.674162801     0.000008690
     1.210000000     0.003009505     3.732158980     0.000019277
     1.220000000     0.006453840     3.794799900     0.000041091
     1.230000000     0.013297488     3.862613805     0.000084162
     1.240000000     0.026323839     3.936187064     0.000165633
     1.250000000     0.050067635     4.016159746     0.000313211
     1.260000000     0.091494111     4.103210483     0.000569099
     1.270000000     0.160641382     4.198021425     0.000993570
     1.280000000     0.270987927     4.301206860     0.001666748
     1.290000000     0.439208436     4.413176125     0.002686589
     1.300000000     0.683942551     4.533878244     0.004160946
     1.310000000     1.023285443     4.662334670     0.006192164
     1.320000000     1.470964491     4.795795770     0.008854255
     1.330000000     2.031588765     4.928242960     0.012165237
     1.340000000     2.695861874     5.047805948     0.016060083
     1.350000000     3.437064577     5.132571986     0.020371989
     1.360000000     4.210231418     5.144662621     0.024830032
     1.370000000     4.955100466     5.024623194     0.029078971
     1.380000000     5.603084623     4.694418812     0.032721895
     1.390000000     6.087375888     4.086703715     0.035379791
     1.400000000     6.354205829     3.210971452     0.036756082
     1.410000000     6.372658679     2.209256665     0.036691040
     1.420000000     6.140563949     1.303649834     0.035192282
     1.430000000     5.684916363     0.654398319     0.032433302
     1.440000000     5.056710859     0.288304177     0.028720431
     1.450000000     4.321558379     0.144377363     0.024436924
     1.460000000     3.548467791     0.143432120     0.019978259
     1.470000000     2.799429737     0.222748628     0.015693651
     1.480000000     2.121907738     0.341601508     0.011845279
     1.490000000     1.545295864     0.476166981     0.008590557
     1.500000000     1.081247232     0.613427000     0.005986208
     1.510000000     0.726886488     0.746712245     0.004008080
     1.520000000     0.469500872     0.872918075     0.002578546
     1.530000000     0.291363021     0.990879844     0.001593921
     1.540000000     0.173724344     1.100455083     0.000946700
     1.550000000     0.099521096     1.202014072     0.000540270
     1.560000000     0.054776949     1.296160887     0.000296252
     1.570000000     0.028967349     1.383583182     0.000156087
     1.580000000     0.014717969     1.464973568     0.000079017
     1.590000000     0.007184809     1.540990595     0.000038435
     1.600000000     0.003369852     1.612241488     0.000017963
     1.610000000     0.001518569     1.679276621     0.000008067
     1.620000000     0.000657486     1.742590142     0.000003481
     1.630000000     0.000273506     1.802623612     0.000001443
     1.640000000     0.000109314     1.859770950     0.000000575
     1.650000000     0.000041977     1.914383735     0.000000220
     1.660000000     0.000015487     1.966776386     0.000000081
     1.670000000     0.000005490     2.017230990     0.000000029
     1.680000000     0.000001870     2.066001677     0.000000010
     1.690000000     0.000000612     2.113318528     0.000000003
     1.700000000     0.000000192     2.159391039     0.000000001
     1.710000000     0.000000058     2.204411178     0.000000000
     1.720000000     0.000000017     2.248556087     0.000000000
     1.730000000     0.000000005     2.291990474     0.000000000
     1.740000000     0.000000001     2.334868741     0.000000000
     1.750000000     0.000000000     2.377336902     0.000000000
     1.760000000     0.000000000     2.419534311     0.000000000
     1.770000000     0.000000000     2.461595258     0.000000000
     1.780000000     0.000000000     2.503650448     0.000000000
     1.790000000     0.000000000     2.545828400     0.000000000
     1.800000000     0.000000000     2.588256799     0.000000000
     1.810000000     0.000000000     2.631063819     0.000000000
     1.820000000     0.000000000     2.674379444     0.000000000
     1.830000000     0.000000000     2.718336816     0.000000000
     1.840000000     0.000000001     2.763073644     0.000000000
     1.850000000     0.000000002     2.808733678     0.000000000
     1.860000000     0.000000008     2.855468306     0.000000000
     1.870000000     0.000000027     2.903438286     0.000000001
     1.880000000     0.000000091     2.952815655     0.000000002
     1.890000000     0.000000296     3.003785860     0.000000006
     1.900000000     0.000000928     3.056550144     0.000000018
     1.910000000     0.000002793     3.111328241     0.000000050
     1.920000000     0.000008074     3.168361432     0.000000137
     1.930000000     0.000022424     3.227916014     0.000000357
     1.940000000     0.000059840     3.290287231     0.000000896
     1.950000000     0.000153422     3.355803719     0.000002165
     1.960000000     0.000377934     3.424832466     0.000005033
     1.970000000     0.000894484     3.497784282     0.000011261
     1.980000000     0.002034034     3.575119628     0.000024246
     1.990000000     0.004443988     3.657354537     0.000050244
     2.000000000     0.009328612     3.745066015     0.000100212
     2.010000000     0.018814438     3.838895775     0.000192382
     2.020000000     0.036458298     3.939550212     0.000355491
     2.030000000     0.067878743     4.047792797     0.000632313
     2.040000000     0.121424276     4.164422059     0.001082657
     2.050000000     0.208696333     4.290222927     0.001784549
     2.060000000     0.344640797     4.425869537     0.002831898
     2.070000000     0.546850843     4.571740338     0.004327019
     2.080000000     0.833745378     4.727575448     0.006367112
     2.090000000     1.221459167     4.891852221     0.009025432
     2.100000000     1.719626841     5.060664616     0.012330301
     2.110000000     2.326717891     5.225756942     0.016247732
     2.120000000     3.026050873     5.371220171     0.020675321
     2.130000000     3.783882800     5.468434197     0.025454970
     2.140000000     4.550835011     5.469919768     0.030409008
     2.150000000     5.267278406     5.306729045     0.035398138
     2.160000000     5.872240958     4.902539523     0.040391284
     2.170000000     6.314206703     4.222426077     0.045529148
     2.180000000     6.561268010     3.343027629     0.051158009
     2.190000000     6.607868479     2.459618733     0.057811196
     2.200000000     6.476028412     1.772394826     0.066124410
     2.210000000     6.210359573     1.365901283     0.076687425
     2.220000000     5.867929715     1.206227869     0.089855316
     2.230000000     5.505551078     1.208355767     0.105561569
     2.240000000     5.167822915     1.285057863     0.123186196
     2.250000000     4.878998088     1.359746810     0.141528396
     2.260000000     4.640563711     1.363457091     0.158913106
     2.270000000     4.434731446     1.237483241     0.173427265
     2.280000000     4.232382565     0.956420911     0.183243842
     2.290000000     4.002915409     0.562891537     0.186961787
     2.300000000     3.723189968     0.165252668     0.183879401
     2.310000000     3.383350433    -0.129037037     0.174132462
     2.320000000     2.988459257    -0.276918299     0.158663658
     2.330000000     2.556173738    -0.296766226     0.139035178
     2.340000000     2.111724761    -0.230014557     0.117136740
     2.350000000     1.681948865    -0.114188925     0.094863975
     2.360000000     1.290026209     0.024961305     0.073841010
     2.370000000     0.952033679     0.172060729     0.055239456
     2.380000000     0.675693750     0.318722181     0.039713302
     2.390000000     0.461046944     0.460754613     0.027437494
     2.400000000     0.302373064     0.596339231     0.018216568
     2.410000000     0.190582142     0.724945462     0.011622439
     2.420000000     0.115431041     0.846714928     0.007125796
     2.430000000     0.067179776     0.962119943     0.004198295
     2.440000000     0.037567593     1.071777785     0.002376922
     2.450000000     0.020185350     1.176352017     0.001293178
     2.460000000     0.010420783     1.276502104     0.000676088
     2.470000000     0.005168936     1.372859656     0.000339664
     2.480000000     0.002463407     1.466019241     0.000163982
     2.490000000     0.001127992     1.556537036     0.000076076
     2.500000000     0.000496284     1.644933595     0.000033917
     2.510000000     0.000209881     1.731698688     0.000014535
     2.520000000     0.000085572     1.817297088     0.000005997
     2.530000000     0.000034418     1.902174756     0.000002411
     2.540000000     0.000015938     1.986765130     0.000001020
     2.550000000     0.000014349     2.071495437     0.000000642
     2.560000000     0.000028424     2.156793003     0.000000899
     2.570000000     0.000070875     2.243091613     0.000001925
     2.580000000     0.000177169     2.330837962     0.000004386
     2.590000000     0.000427890     2.420498249     0.000009766
     2.600000000     0.000993616     2.512564900     0.000020982
     2.610000000     0.002217069     2.607563336     0.000043425
     2.620000000     0.004753167     2.706058497     0.000086563
     2.630000000     0.009791064     2.808660590     0.000166206
     2.640000000     0.019378714     2.916028909     0.000307424
     2.650000000     0.036853327     3.028871717     0.000547839
     2.660000000     0.067343724     3.147938405     0.000940693
     2.670000000     0.118250579     3.273997240     0.001556625
     2.680000000     0.199535122     3.407786592     0.002482775
     2.690000000     0.323578552     3.549918010     0.003817733
     2.700000000     0.504351292     3.700692370     0.005661376
     2.710000000     0.755698563     3.859759944     0.008099826
     2.720000000     1.088738673     4.025503011     0.011187670
     2.730000000     1.508675373     4.193935583     0.014931766
     2.740000000     2.011676483     4.356802344     0.019282662
     2.750000000     2.582737932     4.498490779     0.024139870
     2.760000000     3.195480564     4.591665279     0.029375132
     2.770000000     3.814504523     4.593132414     0.034873116
     2.780000000     4.400259023     4.446040597     0.040582522
     2.790000000     4.915540598     4.101345550     0.046564078
     2.800000000     5.332010119     3.566050474     0.053018020
     2.810000000     5.634844608     2.942976104     0.060274536
     2.820000000     5.824018040     2.390477715     0.068737565
     2.830000000     5.911694335     2.016788675     0.078784288
     2.840000000     5.916502224     1.825650655     0.090636838
     2.850000000     5.856563819     1.746399863     0.104234808
     2.860000000     5.743614896     1.681746992     0.119142918
     2.870000000     5.580168707     1.536953544     0.134524862
     2.880000000     5.360565816     1.246478328     0.149201790
     2.890000000     5.075349971     0.813905660     0.161794713
     2.900000000     4.717262028     0.333097999     0.170929208
     2.910000000     4.286679059    -0.063580026     0.175463772
     2.920000000     3.794677430    -0.294491915     0.174695072
     2.930000000     3.262867101    -0.357988926     0.168496671
     2.940000000     2.720307773    -0.296694699     0.157362404
     2.950000000     2.198727093    -0.157871820     0.142347554
     2.960000000     1.727625881     0.023309968     0.124924659
     2.970000000     1.330632743     0.224989501     0.106789476
     2.980000000     1.023840475     0.434959000     0.089661259
     2.990000000     0.816109305     0.646947130     0.075118009
     3.000000000     0.710724818     0.857945356     0.064493326
     3.010000000     0.707505976     1.066417691     0.058841519
     3.020000000     0.804489779     1.270992575     0.058957680
     3.030000000     0.998593413     1.469272853     0.065424865
     3.040000000     1.285051851     1.656512311     0.078654721
     3.050000000     1.655837426     1.824180835     0.098891974
     3.060000000     2.097604938     1.959121954     0.126165774
     3.070000000     2.589912496     2.044946734     0.160189262
     3.080000000     3.104499509     2.066302892     0.200228561
     3.090000000     3.606229631     2.010635576     0.244978952
     3.100000000     4.055933793     1.859850364     0.292494143
     3.110000000     4.414881049     1.583520362     0.340210722
     3.120000000     4.650092076     1.161574501     0.385093218
     3.130000000     4.739357887     0.630780591     0.423898671
     3.140000000     4.674777012     0.094513146     0.453529740
     3.150000000     4.463929960    -0.339829394     0.471420298
     3.160000000     4.128394088    -0.627750312     0.475884417
     3.170000000     3.699979308    -0.789041205     0.466362289
     3.180000000     3.215610911    -0.866399667     0.443514534
     3.190000000     2.712029301    -0.889990838     0.409144868
     3.200000000     2.221367134    -0.869682361     0.365963722
     3.210000000     1.768282744    -0.808360354     0.317234826
     3.220000000     1.368839054    -0.713547399     0.266367062
     3.230000000     1.030889945    -0.596983924     0.216520998
     3.240000000     0.755482694    -0.469740125     0.170292287
     3.250000000     0.538729476    -0.339670429     0.129514624
     3.260000000     0.373695308    -0.211426155     0.095197998
     3.270000000     0.252013953    -0.087371994     0.067590523
     3.280000000     0.165105266     0.031530277     0.046330595
     3.290000000     0.104985621     0.145108096     0.030645256
     3.300000000     0.064728343     0.253604036     0.019551368
     3.310000000     0.038654795     0.357462213     0.012026296
     3.320000000     0.022336316     0.457211307     0.007129630
     3.330000000     0.012476623     0.553402981     0.004072293
     3.340000000     0.006730884     0.646581320     0.002240375
     3.350000000     0.003504218     0.737269373     0.001186863
     3.360000000     0.001759402     0.825965013     0.000605319
     3.370000000     0.000851609     0.913141792     0.000297170
     3.380000000     0.000397828     0.999252411     0.000140447
     3.390000000     0.000181127     1.084733517     0.000063994
     3.400000000     0.000085374     1.170011165     0.000028376
     3.410000000     0.000054346     1.255506591     0.000012902
     3.420000000     0.000069618     1.341642170     0.000007521
     3.430000000     0.000143591     1.428847513     0.000008211
     3.440000000     0.000326927     1.517565702     0.000014759
     3.450000000     0.000733043     1.608259673     0.000030186
     3.460000000     0.001585772     1.701418718     0.000061417
     3.470000000     0.003298960     1.797564970     0.000120987
     3.480000000     0.006597166     1.897259573     0.000229685
     3.490000000     0.012682706     2.001107886     0.000419915
     3.500000000     0.023443681     2.109762488     0.000739305
     3.510000000     0.041679533     2.223921670     0.001253665
     3.520000000     0.071297369     2.344319195     0.002047980
     3.530000000     0.117411261     2.471697676     0.003223913
     3.540000000     0.186270860     2.606751778     0.004892450
     3.550000000     0.284969289     2.750016520     0.007161292
     3.560000000     0.420941903     2.901656991     0.010118179
     3.570000000     0.601358803     3.061084490     0.013813455
     3.580000000     0.832602842     3.226279258     0.018246988
     3.590000000     1.120057843     3.392659484     0.023365330
     3.600000000     1.468353863     3.551392426     0.029073701
     3.610000000     1.882004157     3.687493851     0.035264035
     3.620000000     2.366064707     3.779529691     0.041855510
     3.630000000     2.926173441     3.805398686     0.048839526
     3.640000000     3.567253864     3.758504792     0.056318979
     3.650000000     4.290442925     3.665217368     0.064533372
     3.660000000     5.088451007     3.575240471     0.073866566
     3.670000000     5.940421050     3.518073880     0.084840549
     3.680000000     6.808089190     3.467471917     0.098102974
     3.690000000     7.635269042     3.340521780     0.114415029
     3.700000000     8.352122162     3.016048436     0.134638646
     3.710000000     8.884370212     2.370072407     0.159710574
     3.720000000     9.165931848     1.351096399     0.190581135
     3.730000000     9.152046661     0.074408047     0.228094101
     3.740000000     8.829380600    -1.184431778     0.272795586
     3.750000000     8.220200441    -2.158545360     0.324683613
     3.760000000     7.379312222    -2.745789793     0.382940020
     3.770000000     6.384520884    -2.997116027     0.445712408
     3.780000000     5.323148111    -3.019513324     0.510024699
     3.790000000     4.278038672    -2.909416571     0.571883091
     3.800000000     3.316261864    -2.733739424     0.626608648
     3.810000000     2.482575664    -2.533284564     0.669375335
     3.820000000     1.798169644    -2.330254737     0.695876342
     3.830000000     1.263802874    -2.134125500     0.702998443
     3.840000000     0.865607393    -1.946616546     0.689368145
     3.850000000     0.581661184    -1.766663756     0.655651979
     3.860000000     0.387815415    -1.593619916     0.604543752
     3.870000000     0.261914671    -1.427697078     0.540441081
     3.880000000     0.186197064    -1.269246134     0.468882342
     3.890000000     0.148117395    -1.118300230     0.395863229
     3.900000000     0.140041813    -0.974542745     0.327165581
     3.910000000     0.158260975    -0.837461836     0.267807663
     3.920000000     0.201657214    -0.706553917     0.221674792
     3.930000000     0.270237426    -0.581555113     0.191330932
     3.940000000     0.363670956    -0.462743966     0.177966650
     3.950000000     0.479967499    -0.351397371     0.181421649
     3.960000000     0.614468659    -0.250500706     0.200234616
     3.970000000     0.759358693    -0.165756879     0.231710229
     3.980000000     0.903875372    -0.106618513     0.272034135
     3.990000000     1.035294366    -0.086133867     0.316490775
     4.000000000     1.140582531    -0.116940722     0.359831655
     4.010000000     1.208418145    -0.201372274     0.396801451
     4.020000000     1.231132029    -0.321224233     0.422769336
     4.030000000     1.206096493    -0.441181518     0.434356430
     4.040000000     1.136204787    -0.528120300     0.429922114
     4.050000000     1.029314283    -0.567147490     0.409787158
     4.060000000     0.896798491    -0.561587124     0.376129154
     4.070000000     0.751575958    -0.523591275     0.332567487
     4.080000000     0.606087491    -0.465760452     0.283533120
     4.090000000     0.470653022    -0.397505853     0.233566513
     4.100000000     0.352484342    -0.324766872     0.186690870
     4.110000000     0.255424384    -0.250914431     0.145970339
     4.120000000     0.180299106    -0.177699936     0.113301274
     4.130000000     0.125655362    -0.105938027     0.089422438
     4.140000000     0.088633643    -0.035938268     0.074086721
     4.150000000     0.065772035     0.032230126     0.066321286
     4.160000000     0.053622033     0.098568448     0.064711723
     4.170000000     0.049141382     0.163030639     0.067667309
     4.180000000     0.049888948     0.225455426     0.073645655
     4.190000000     0.054073081     0.285611653     0.081327369
     4.200000000     0.060504053     0.343473888     0.089733541
     4.210000000     0.068486427     0.399691647     0.098276186
     4.220000000     0.077672696     0.455735733     0.106732010
     4.230000000     0.087894171     0.513196190     0.115138747
     4.240000000     0.098990399     0.572823559     0.123630964
     4.250000000     0.110669418     0.634284676     0.132252787
     4.260000000     0.122439888     0.696492841     0.140799147
     4.270000000     0.133655421     0.757955583     0.148736592
     4.280000000     0.143698905     0.817182971     0.155236287
     4.290000000     0.152312758     0.873562083     0.159319940
     4.300000000     0.160056086     0.928526128     0.160084296
     4.310000000     0.168846549     0.985716257     0.156944148
     4.320000000     0.182523994     1.049394779     0.149826803
     4.330000000     0.207349357     1.122562741     0.139265163
     4.340000000     0.252319365     1.206261926     0.126366552
     4.350000000     0.329134949     1.300018000     0.112669251
     4.360000000     0.451623825     1.402649713     0.099926793
     4.370000000     0.634417653     1.512690186     0.089873285
     4.380000000     0.890763511     1.628162316     0.084019651
     4.390000000     1.229538442     1.745761848     0.083514661
     4.400000000     1.651826613     1.859416046     0.089082882
     4.410000000     2.147744827     1.958018566     0.101031165
     4.420000000     2.694442004     2.022213681     0.119300348
     4.430000000     3.256210619     2.020843634     0.143531411
     4.440000000     3.787334995     1.909643846     0.173115597
     4.450000000     4.237672354     1.637901620     0.207205968
     4.460000000     4.560166511     1.171228924     0.244683140
     4.470000000     4.718789016     0.532513455     0.284088646
     4.480000000     4.695064642    -0.169585345     0.323560795
     4.490000000     4.491542477    -0.783213410     0.360822405
     4.500000000     4.131304207    -1.207541230     0.393269055
     4.510000000     3.653637456    -1.433278371     0.418185801
     4.520000000     3.107000047    -1.506817928     0.433082237
     4.530000000     2.541030874    -1.483299022     0.436091414
     4.540000000     1.999440314    -1.405118716     0.426343930
     4.550000000     1.515163336    -1.299578682     0.404219526
     4.560000000     1.108387227    -1.182685251     0.371401526
     4.570000000     0.787258293    -1.063197959     0.330708743
     4.580000000     0.550474858    -0.945608052     0.285738579
     4.590000000     0.390714333    -0.832029395     0.240403275
     4.600000000     0.297911578    -0.723299480     0.198462317
     4.610000000     0.261699144    -0.619634310     0.163142393
     4.620000000     0.272700673    -0.521074536     0.136898957
     4.630000000     0.322722646    -0.427867383     0.121325827
     4.640000000     0.404149331    -0.340899486     0.117178424
     4.650000000     0.508986915    -0.262296753     0.124454650
     4.660000000     0.628026024    -0.196285114     0.142478882
     4.670000000     0.750508454    -0.150230845     0.169955078
     4.680000000     0.864513262    -0.135145441     0.204985325
     4.690000000     0.958052585    -0.163544274     0.245079438
     4.700000000     1.020640258    -0.241620846     0.287200238
     4.710000000     1.044929671    -0.357460188     0.327891443
     4.720000000     1.027966753    -0.478875184     0.363518693
     4.730000000     0.971692839    -0.571494607     0.390621864
     4.740000000     0.882536789    -0.619418408     0.406336687
     4.750000000     0.770189585    -0.626549291     0.408808319
     4.760000000     0.645872571    -0.605211553     0.397502428
     4.770000000     0.520522485    -0.567186411     0.373329895
     4.780000000     0.403294411    -0.520765078     0.338540050
     4.790000000     0.300649584    -0.470991923     0.296393896
     4.800000000     0.216106586    -0.420676141     0.250684925
     4.810000000     0.150559169    -0.371263855     0.205211560
     4.820000000     0.102951727    -0.323419790     0.163309809
     4.830000000     0.071072965    -0.277380225     0.127527396
     4.840000000     0.052267555    -0.233159991     0.099473272
     4.850000000     0.043944524    -0.190675683     0.079827355
     4.860000000     0.043847011    -0.149826483     0.068461454
     4.870000000     0.050116907    -0.110560910     0.064612450
     4.880000000     0.061228170    -0.072951270     0.067061315
     4.890000000     0.075873381    -0.037292774     0.074296353
     4.900000000     0.092874895    -0.004228297     0.084662811
     4.910000000     0.111162578     0.025158764     0.096513059
     4.920000000     0.129823957     0.049485913     0.108367851
     4.930000000     0.148199281     0.067807465     0.119083569
     4.940000000     0.165973000     0.080967008     0.128001855
     4.950000000     0.183211264     0.092264382     0.135047016
     4.960000000     0.200313370     0.105748487     0.140739565
     4.970000000     0.217877193     0.123421886     0.146111197
     4.980000000     0.236511843     0.144333938     0.152531055
     4.990000000     0.256651002     0.165563077     0.161475205
     5.000000000     0.278418414     0.183371160     0.174282381
     5.010000000     0.301573734     0.194237453     0.191935881
     5.020000000     0.325533725     0.196541269     0.214897579
     5.030000000     0.349436974     0.192469751     0.243003437
     5.040000000     0.372213466     0.187383787     0.275419260
     5.050000000     0.392636369     0.185543447     0.310654930
     5.060000000     0.409362698     0.186547398     0.346642515
     5.070000000     0.420994867     0.186078001     0.380890653
     5.080000000     0.426200321     0.179328212     0.410725375
     5.090000000     0.423905858     0.164316259     0.433611057
     5.100000000     0.413544799     0.143158722     0.447517371
     5.110000000     0.395296946     0.120842214     0.451269326
     5.120000000     0.370242551     0.103095213     0.444801658
     5.130000000     0.340363021     0.094470073     0.429246820
     5.140000000     0.308359967     0.096821739     0.406819480
     5.150000000     0.277315855     0.109035007     0.380510875
     5.160000000     0.250264351     0.128221967     0.353656395
     5.170000000     0.229760905     0.151180167     0.329471293
     5.180000000     0.217538563     0.175145283     0.310650893
     5.190000000     0.214305703     0.197925058     0.299103316
     5.200000000     0.219703856     0.217832353     0.295836507
     5.210000000     0.232408837     0.233550098     0.300975528
     5.220000000     0.250336472     0.244009711     0.313857823
     5.230000000     0.270908175     0.248707033     0.333152008
     5.240000000     0.291337786     0.248199966     0.356967021
     5.250000000     0.308912445     0.243477117     0.382950799
     5.260000000     0.321249836     0.234725053     0.408404881
     5.270000000     0.326518118     0.221784212     0.430450466
     5.280000000     0.323603508     0.205663191     0.446267911
     5.290000000     0.312207746     0.188697280     0.453400947
     5.300000000     0.292858532     0.173763289     0.450081939
     5.310000000     0.266823998     0.163653293     0.435510322
     5.320000000     0.235937416     0.160280824     0.410013876
     5.330000000     0.202356701     0.164060260     0.375044354
     5.340000000     0.168298735     0.173994813     0.332998428
     5.350000000     0.135795192     0.188350545     0.286898915
     5.360000000     0.106511201     0.205399894     0.240004854
     5.370000000     0.081652033     0.223820307     0.195431745
     5.380000000     0.061960496     0.242753347     0.155851756
     5.390000000     0.047785593     0.261705923     0.123313283
     5.400000000     0.039187301     0.280423351     0.099180832
     5.410000000     0.036037094     0.298784726     0.084163028
     5.420000000     0.038080085     0.316725730     0.078379039
     5.430000000     0.044940596     0.334176932     0.081416685
     5.440000000     0.056074346     0.351001118     0.092356794
     5.450000000     0.070691705     0.366911906     0.109769198
     5.460000000     0.087691350     0.381357604     0.131714235
     5.470000000     0.105646843     0.393371594     0.155797697
     5.480000000     0.122877554     0.401460298     0.179319853
     5.490000000     0.137611503     0.403773429     0.199530976
     5.500000000     0.148217473     0.398991860     0.213965759
     5.510000000     0.153457000     0.387980433     0.220791936
     5.520000000     0.152693540     0.374709315     0.219089433
     5.530000000     0.146002182     0.364416590     0.208984661
     5.540000000     0.134148067     0.360353790     0.191599085
     5.550000000     0.118437138     0.362687570     0.168820610
     5.560000000     0.100476931     0.369824013     0.142953338
     5.570000000     0.081906496     0.379935321     0.116329981
     5.580000000     0.064156890     0.391634594     0.090973102
     5.590000000     0.048288205     0.404043578     0.068368427
     5.600000000     0.034923006     0.416660242     0.049376181
     5.610000000     0.024269175     0.429219142     0.034268667
     5.620000000     0.016205834     0.441592564     0.022855641
     5.630000000     0.010398263     0.453729610     0.014648894
     5.640000000     0.006410964     0.465620896     0.009022570
     5.650000000     0.003798037     0.477278714     0.005340336
     5.660000000     0.002162063     0.488726089     0.003037516
     5.670000000     0.001182635     0.499990842     0.001660271
     5.680000000     0.000621594     0.511102453     0.000872065
     5.690000000     0.000313933     0.522090476     0.000440176
     5.700000000     0.000152349     0.532983814     0.000213507
     5.710000000     0.000071042     0.543810469     0.000099518
     5.720000000     0.000031832     0.554597553     0.000044576
     5.730000000     0.000013705     0.565371428     0.000019186
     5.740000000     0.000005670     0.576157929     0.000007936
     5.750000000     0.000002254     0.586982616     0.000003154
     5.760000000     0.000000861     0.597871047     0.000001205
     5.770000000     0.000000318     0.608849069     0.000000443
     5.780000000     0.000000117     0.619943104     0.000000157
     5.790000000     0.000000055     0.631180465     0.000000057
     5.800000000     0.000000067     0.642589667     0.000000029
     5.810000000     0.000000165     0.654200778     0.000000041
     5.820000000     0.000000462     0.666045776     0.000000102
     5.830000000     0.000001266     0.678158959     0.000000275
     5.840000000     0.000003337     0.690577377     0.000000723
     5.850000000     0.000008453     0.703341319     0.000001831
     5.860000000     0.000020578     0.716494858     0.000004464
     5.870000000     0.000048133     0.730086443     0.000010473
     5.880000000     0.000108190     0.744169560     0.000023654
     5.890000000     0.000233695     0.758803438     0.000051443
     5.900000000     0.000485136     0.774053790     0.000107743
     5.910000000     0.000967998     0.789993533     0.000217383
     5.920000000     0.001856703     0.806703396     0.000422643
     5.930000000     0.003424138     0.824272227     0.000792134
     5.940000000     0.006073152     0.842796668     0.001431868
     5.950000000     0.010363002     0.862379576     0.002497643
     5.960000000     0.017020616     0.883126078     0.004207056
     5.970000000     0.026925659     0.905135252     0.006848696
     5.980000000     0.041061850     0.928483845     0.010785877
     5.990000000     0.060436031     0.953195661     0.016452955
     6.000000000     0.085980208     0.979185777     0.024343960
     6.010000000     0.118465731     1.006162315     0.034995608
     6.020000000     0.158465663     1.033463102     0.048968734
     6.030000000     0.206393096     1.059814194     0.066832338
     6.040000000     0.262615793     1.083066376     0.089151734
     6.050000000     0.327605341     1.100184157     0.116476507
     6.060000000     0.402036865     1.108140661     0.149316948
     6.070000000     0.486735444     1.106285013     0.188092672
     6.080000000     0.582387866     1.098727768     0.233038410
     6.090000000     0.689010091     1.092704377     0.284062254
     6.100000000     0.805266208     1.092381432     0.340570346
     6.110000000     0.927836406     1.094267430     0.401294104
     6.120000000     1.051082692     1.087678155     0.464173074
     6.130000000     1.167226157     1.057899509     0.526349613
     6.140000000     1.267123930     0.991003035     0.584315628
     6.150000000     1.341552104     0.881045058     0.634218389
     6.160000000     1.382726771     0.736667797     0.672291028
     6.170000000     1.385696382     0.580805768     0.695337004
     6.180000000     1.349256758     0.440846361     0.701179052
     6.190000000     1.276171365     0.334677962     0.688988084
     6.200000000     1.172675897     0.263959237     0.659434150
     6.210000000     1.047436460     0.219529958     0.614640582
     6.220000000     0.910250584     0.192185026     0.557961608
     6.230000000     0.770798849     0.179019025     0.493632865
     6.240000000     0.637681418     0.181161139     0.426357930
     6.250000000     0.517848882     0.198319983     0.360892307
     6.260000000     0.416410186     0.227257156     0.301672978
     6.270000000     0.336711276     0.263695250     0.252522050
     6.280000000     0.280543495     0.304046723     0.216432771
     6.290000000     0.248357005     0.345851221     0.195430386
     6.300000000     0.239404473     0.387480394     0.190492993
     6.310000000     0.251802906     0.427641141     0.201520421
     6.320000000     0.282557295     0.464851706     0.227350304
     6.330000000     0.327623265     0.496897410     0.265833794
     6.340000000     0.382087369     0.520321493     0.313990212
     6.350000000     0.440510918     0.530308144     0.368253105
     6.360000000     0.497424998     0.521827833     0.424798014
     6.370000000     0.547899570     0.492841736     0.479911455
     6.380000000     0.588063685     0.448053408     0.530334265
     6.390000000     0.615448323     0.398571183     0.573505300
     6.400000000     0.629065576     0.355844662     0.607651738
     6.410000000     0.629215630     0.325628898     0.631716805
     6.420000000     0.617097223     0.306583070     0.645169318
     6.430000000     0.594354444     0.292439637     0.647780237
     6.440000000     0.562699842     0.276058546     0.639461018
     6.450000000     0.523709062     0.253847325     0.620230692
     6.460000000     0.478806150     0.227925726     0.590323078
     6.470000000     0.429383936     0.204151206     0.550384836
     6.480000000     0.376960577     0.188122247     0.501674071
     6.490000000     0.323275227     0.182689530     0.446164807
     6.500000000     0.270266412     0.187565033     0.386495762
     6.510000000     0.219934134     0.200341485     0.325757864
     6.520000000     0.174135234     0.218068578     0.267170573
     6.530000000     0.134383089     0.238325320     0.213730799
     6.540000000     0.101713135     0.259506567     0.167918960
     6.550000000     0.076643976     0.280683220     0.131517679
     6.560000000     0.059225957     0.301371284     0.105554249
     6.570000000     0.049140472     0.321342206     0.090337080
     6.580000000     0.045803117     0.340491038     0.085534423
     6.590000000     0.048433111     0.358742792     0.090247067
     6.600000000     0.056074171     0.375972080     0.103051507
     6.610000000     0.067578606     0.391913092     0.122023916
     6.620000000     0.081586666     0.406042692     0.144782796
     6.630000000     0.096540028     0.417442968     0.168596820
     6.640000000     0.110758869     0.424729580     0.190588912
     6.650000000     0.122589527     0.426309164     0.208032844
     6.660000000     0.130601668     0.421356825     0.218697532
     6.670000000     0.133790700     0.411327585     0.221163533
     6.680000000     0.131731624     0.400300390     0.215029519
     6.690000000     0.124639161     0.392724430     0.200948323
     6.700000000     0.113313296     0.390731728     0.180476041
     6.710000000     0.098981034     0.393888325     0.155768195
     6.720000000     0.083073066     0.400634258     0.129196377
     6.730000000     0.066988804     0.409454392     0.102974224
     6.740000000     0.051901084     0.419276595     0.078869761
     6.750000000     0.038635113     0.429449143     0.058049008
     6.760000000     0.027632441     0.439611664     0.041056359
     6.770000000     0.018988372     0.449581463     0.027904023
     6.780000000     0.012536857     0.459277517     0.018224417
     6.790000000     0.007952927     0.468674814     0.011437770
     6.800000000     0.004847584     0.477778247     0.006898172
     6.810000000     0.002839793     0.486608093     0.003998080
     6.820000000     0.001600583     0.495192089     0.002227342
     6.830000000     0.000872185     0.503561218     0.001193900
     6.840000000     0.000469419     0.511747555     0.000618503
     6.850000000     0.000271518     0.519783255     0.000315911
     6.860000000     0.000211438     0.527700174     0.000172345
     6.870000000     0.000267618     0.535529802     0.000125307
     6.880000000     0.000461038     0.543303340     0.000148633
     6.890000000     0.000858538     0.551051768     0.000243354
     6.900000000     0.001581620     0.558805786     0.000433493
     6.910000000     0.002818023     0.566595414     0.000765138
     6.920000000     0.004831152     0.574448974     0.001306590
     6.930000000     0.007960224     0.582390939     0.002146994
     6.940000000     0.012602572     0.590437721     0.003390762
     6.950000000     0.019170278     0.598589784     0.005145470
     6.960000000     0.028017387     0.606817210     0.007502214
     6.970000000     0.039341932     0.615033748     0.010509573
     6.980000000     0.053077730     0.623051305     0.014145253
     6.990000000     0.068801442     0.630503722     0.018292209
     7.000000000     0.085686279     0.636730898     0.022727484
     7.010000000     0.102530627     0.640640858     0.027131037
     7.020000000     0.117875794     0.640661587     0.031117979
     7.030000000     0.130204088     0.635090901     0.034291523
     7.040000000     0.138182898     0.623241326     0.036307275
     7.050000000     0.140901464     0.607009123     0.036934728
     7.060000000     0.138042565     0.590903444     0.036100896
     7.070000000     0.129944874     0.579390782     0.033904898
     7.080000000     0.117540010     0.574290406     0.030599867
     7.090000000     0.102182133     0.574873010     0.026547515
     7.100000000     0.085416041     0.579437984     0.022157940
     7.110000000     0.068742860     0.586435731     0.017830560
     7.120000000     0.053437492     0.594801299     0.013910643
     7.130000000     0.040452114     0.603900749     0.010670618
     7.140000000     0.030413124     0.613392532     0.008318272
     7.150000000     0.023693685     0.623111631     0.007027143
     7.160000000     0.020526835     0.632992191     0.006979379
     7.170000000     0.021117634     0.643018639     0.008408561
     7.180000000     0.025716237     0.653192616     0.011629255
     7.190000000     0.034624864     0.663505004     0.017041036
     7.200000000     0.048127843     0.673903302     0.025097462
     7.210000000     0.066353277     0.684243273     0.036235504
     7.220000000     0.089095025     0.694210371     0.050768672
     7.230000000     0.115641024     0.703193703     0.068757342
     7.240000000     0.144663297     0.710104656     0.089880702
     7.250000000     0.174220864     0.713186346     0.113343145
     7.260000000     0.201906293     0.710013792     0.137849628
     7.270000000     0.225131742     0.698107821     0.161676319
     7.280000000     0.241509550     0.676459232     0.182844164
     7.290000000     0.249248573     0.647211250     0.199377147
     7.300000000     0.247473268     0.615796388     0.209601049
     7.310000000     0.236385542     0.588813187     0.212421053
     7.320000000     0.217227437     0.570848101     0.207514938
     7.330000000     0.192054490     0.562760015     0.195395173
     7.340000000     0.163378242     0.562674017     0.177324402
     7.350000000     0.133766371     0.567964960     0.155105286
     7.360000000     0.105492022     0.576447155     0.130796348
     7.370000000     0.080301517     0.586655278     0.106420934
     7.380000000     0.059331838     0.597722294     0.083732990
     7.390000000     0.043169148     0.609183061     0.064083377
     7.400000000     0.032008600     0.620816068     0.048401426
     7.410000000     0.025859474     0.632538173     0.037277034
     7.420000000     0.024738072     0.644338868     0.031106124
     7.430000000     0.028799821     0.656237736     0.030250429
     7.440000000     0.038377137     0.668251650     0.035161548
     7.450000000     0.053908117     0.680360236     0.046427639
     7.460000000     0.075762334     0.692457374     0.064717136
     7.470000000     0.103993621     0.704272503     0.090616255
     7.480000000     0.138073482     0.715239032     0.124384051
     7.490000000     0.176676851     0.724283708     0.165676881
     7.500000000     0.217596064     0.729533011     0.213316563
     7.510000000     0.257841993     0.728044298     0.265184352
     7.520000000     0.293951499     0.715975740     0.318307897
     7.530000000     0.322465101     0.690022657     0.369167640
     7.540000000     0.340483765     0.650489009     0.414189090
     7.550000000     0.346178410     0.603665356     0.450324281
     7.560000000     0.339125442     0.559435483     0.475581495
     7.570000000     0.320380250     0.525469487     0.489357080
     7.580000000     0.292267687     0.504340164     0.492465331
     7.590000000     0.257942842     0.494747633     0.486843788
     7.600000000     0.220832449     0.493659631     0.475007177
     7.610000000     0.184089623     0.497827130     0.459401060
     7.620000000     0.150177764     0.504558704     0.441837671
     7.630000000     0.120652575     0.511919021     0.423169053
     7.640000000     0.096152379     0.518682492     0.403275327
     7.650000000     0.076555482     0.524294292     0.381346123
     7.660000000     0.061232792     0.528849799     0.356345441
     7.670000000     0.049318560     0.532927866     0.327503721
     7.680000000     0.039937767     0.537203007     0.294688028
     7.690000000     0.032355763     0.542072158     0.258554592
     7.700000000     0.026043929     0.547555010     0.220464775
     7.710000000     0.020676542     0.553436962     0.182217448
     7.720000000     0.016085033     0.559457993     0.145695325
     7.730000000     0.012196665     0.565417124     0.112530319
     7.740000000     0.008978510     0.571192099     0.083867969
     7.750000000     0.006398325     0.576721996     0.060268011
     7.760000000     0.004405121     0.581984737     0.041734547
     7.770000000     0.002926060     0.586980143     0.027838304
     7.780000000     0.001873435     0.591719276     0.017881134
     7.790000000     0.001155448     0.596218284     0.011057389
     7.800000000     0.000686174     0.600495038     0.006581706
     7.810000000     0.000392251     0.604567369     0.003770441
     7.820000000     0.000215800     0.608452205     0.002078570
     7.830000000     0.000114244     0.612165196     0.001102591
     7.840000000     0.000058193     0.615720602     0.000562739
     7.850000000     0.000028518     0.619131307     0.000276319
     7.860000000     0.000013445     0.622408910     0.000130526
     7.870000000     0.000006098     0.625563826     0.000059312
     7.880000000     0.000002660     0.628605411     0.000025925
     7.890000000     0.000001116     0.631542075     0.000010900
     7.900000000     0.000000451     0.634381382     0.000004407
     7.910000000     0.000000175     0.637130155     0.000001714
     7.920000000     0.000000065     0.639794552     0.000000641
     7.930000000     0.000000023     0.642380151     0.000000231
     7.940000000     0.000000008     0.644892008     0.000000080
     7.950000000     0.000000003     0.647334720     0.000000027
     7.960000000     0.000000001     0.649712476     0.000000008
     7.970000000     0.000000000     0.652029100     0.000000003
     7.980000000     0.000000000     0.654288090     0.000000001
     7.990000000     0.000000000     0.656492653     0.000000000
     8.000000000     0.000000000     0.658645737     0.000000000
     8.010000000     0.000000000     0.660750053     0.000000000
     8.020000000     0.000000000     0.662808103     0.000000000
     8.030000000     0.000000000     0.664822198     0.000000000
     8.040000000     0.000000000     0.666794477     0.000000000
     8.050000000     0.000000000     0.668726922     0.000000000
     8.060000000     0.000000000     0.670621376     0.000000000
     8.070000000     0.000000000     0.672479552     0.000000000
     8.080000000     0.000000000     0.674303045     0.000000000
     8.090000000     0.000000000     0.676093345     0.000000000
     8.100000000     0.000000000     0.677851843     0.000000000
     8.110000000     0.000000000     0.679579841     0.000000000
     8.120000000     0.000000000     0.681278559     0.000000000
     8.130000000     0.000000000     0.682949140     0.000000000
     8.140000000     0.000000000     0.684592660     0.000000000
     8.150000000     0.000000000     0.686210129     0.000000000
     8.160000000     0.000000000     0.687802500     0.000000000
     8.170000000     0.000000000     0.689370671     0.000000000
     8.180000000     0.000000000     0.690915487     0.000000000
     8.190000000     0.000000000     0.692437749     0.000000000
     8.200000000     0.000000000     0.693938215     0.000000000
     8.210000000     0.000000000     0.695417600     0.000000000
     8.220000000     0.000000000     0.696876583     0.000000000
     8.230000000     0.000000000     0.698315809     0.000000000
     8.240000000     0.000000000     0.699735889     0.000000000
     8.250000000     0.000000000     0.701137404     0.000000000
     8.260000000     0.000000000     0.702520907     0.000000000
     8.270000000     0.000000000     0.703886924     0.000000000
     8.280000000     0.000000000     0.705235956     0.000000000
     8.290000000     0.000000000     0.706568483     0.000000000
     8.300000000     0.000000000     0.707884958     0.000000000
     8.310000000     0.000000000     0.709185820     0.000000000
     8.320000000     0.000000000     0.710471482     0.000000000
     8.330000000     0.000000000     0.711742345     0.000000000
     8.340000000     0.000000000     0.712998789     0.000000000
     8.350000000     0.000000000     0.714241179     0.000000000
     8.360000000     0.000000000     0.715469864     0.000000000
     8.370000000     0.000000000     0.716685181     0.000000000
     8.380000000     0.000000000     0.717887451     0.000000000
     8.390000000     0.000000000     0.719076983     0.000000000
     8.400000000     0.000000000     0.720254075     0.000000000
     8.410000000     0.000000000     0.721419011     0.000000000
     8.420000000     0.000000000     0.722572067     0.000000000
     8.430000000     0.000000000     0.723713507     0.000000000
     8.440000000     0.000000000     0.724843584     0.000000000
     8.450000000     0.000000000     0.725962546     0.000000000
     8.460000000     0.000000000     0.727070627     0.000000000
     8.470000000     0.000000000     0.728168056     0.000000000
     8.480000000     0.000000000     0.729255053     0.000000000
     8.490000000     0.000000000     0.730331830     0.000000000
     8.500000000     0.000000000     0.731398593     0.000000000
     8.510000000     0.000000000     0.732455539     0.000000000
     8.520000000     0.000000000     0.733502862     0.000000000
     8.530000000     0.000000000     0.734540745     0.000000000
     8.540000000     0.000000000     0.735569368     0.000000000
     8.550000000     0.000000000     0.736588905     0.000000000
     8.560000000     0.000000000     0.737599525     0.000000000
     8.570000000     0.000000000     0.738601390     0.000000000
     8.580000000     0.000000000     0.739594658     0.000000000
     8.590000000     0.000000000     0.740579482     0.000000000
     8.600000000     0.000000000     0.741556011     0.000000000
     8.610000000     0.000000000     0.742524389     0.000000000
     8.620000000     0.000000000     0.743484756     0.000000000
     8.630000000     0.000000000     0.744437247     0.000000000
     8.640000000     0.000000000     0.745381996     0.000000000
     8.650000000     0.000000000     0.746319129     0.000000000
     8.660000000     0.000000000     0.747248773     0.000000000
     8.670000000     0.000000000     0.748171047     0.000000000
     8.680000000     0.000000000     0.749086071     0.000000000
     8.690000000     0.000000000     0.749993958     0.000000000
     8.700000000     0.000000000     0.750894820     0.000000000
     8.710000000     0.000000000     0.751788767     0.000000000
     8.720000000     0.000000000     0.752675904     0.000000000
     8.730000000     0.000000000     0.753556333     0.000000000
     8.740000000     0.000000000     0.754430157     0.000000000
     8.750000000     0.000000000     0.755297473     0.000000000
     8.760000000     0.000000000     0.756158376     0.000000000
     8.770000000     0.000000000     0.757012959     0.000000000
     8.780000000     0.000000000     0.757861314     0.000000000
     8.790000000     0.000000000     0.758703529     0.000000000
     8.800000000     0.000000000     0.759539691     0.000000000
     8.810000000     0.000000000     0.760369884     0.000000000
     8.820000000     0.000000000     0.761194192     0.000000000
     8.830000000     0.000000000     0.762012693     0.000000000
     8.840000000     0.000000000     0.762825468     0.000000000
     8.850000000     0.000000000     0.763632594     0.000000000
     8.860000000     0.000000000     0.764434145     0.000000000
     8.870000000     0.000000000     0.765230195     0.000000000
     8.880000000     0.000000000     0.766020816     0.000000000
     8.890000000     0.000000000     0.766806079     0.000000000
     8.900000000     0.000000000     0.767586052     0.000000000
     8.910000000     0.000000000     0.768360803     0.000000000
     8.920000000     0.000000000     0.769130397     0.000000000
     8.930000000     0.000000000     0.769894900     0.000000000
     8.940000000     0.000000000     0.770654375     0.000000000
     8.950000000     0.000000000     0.771408882     0.000000000
     8.960000000     0.000000000     0.772158484     0.000000000
     8.970000000     0.000000000     0.772903239     0.000000000
     8.980000000     0.000000000     0.773643206     0.000000000
     8.990000000     0.000000000     0.774378442     0.000000000
     9.000000000     0.000000000     0.775109002     0.000000000
