 # Column 1: omega
 # Column 2: eps2(omega)
 # Column 3: eps1(omega)
 # Column 4: JDOS(omega)
     0.000000000     0.000000000     2.153349914     0.000000000
     0.010000000     0.000000000     2.153363675     0.000000000
     0.020000000     0.000000000     2.153404960     0.000000000
     0.030000000     0.000000000     2.153473781     0.000000000
     0.040000000     0.000000000     2.153570153     0.000000000
     0.050000000     0.000000000     2.153694101     0.000000000
     0.060000000     0.000000000     2.153845656     0.000000000
     0.070000000     0.000000000     2.154024854     0.000000000
     0.080000000     0.000000000     2.154231741     0.000000000
     0.090000000     0.000000000     2.154466368     0.000000000
     0.100000000     0.000000000     2.154728793     0.000000000
     0.110000000     0.000000000     2.155019082     0.000000000
     0.120000000     0.000000000     2.155337307     0.000000000
     0.130000000     0.000000000     2.155683547     0.000000000
     0.140000000     0.000000000     2.156057890     0.000000000
     0.150000000     0.000000000     2.156460430     0.000000000
     0.160000000     0.000000000     2.156891268     0.000000000
     0.170000000     0.000000000     2.157350512     0.000000000
     0.180000000     0.000000000     2.157838281     0.000000000
     0.190000000     0.000000000     2.158354697     0.000000000
     0.200000000     0.000000000     2.158899892     0.000000000
     0.210000000     0.000000000     2.159474006     0.000000000
     0.220000000     0.000000000     2.160077188     0.000000000
     0.230000000     0.000000000     2.160709592     0.000000000
     0.240000000     0.000000000     2.161371382     0.000000000
     0.250000000     0.000000000     2.162062733     0.000000000
     0.260000000     0.000000000     2.162783823     0.000000000
     0.270000000     0.000000000     2.163534843     0.000000000
     0.280000000     0.000000000     2.164315993     0.000000000
     0.290000000     0.000000000     2.165127478     0.000000000
     0.300000000     0.000000000     2.165969517     0.000000000
     0.310000000     0.000000000     2.166842335     0.000000000
     0.320000000     0.000000000     2.167746170     0.000000000
     0.330000000     0.000000000     2.168681266     0.000000000
     0.340000000     0.000000000     2.169647880     0.000000000
     0.350000000     0.000000000     2.170646279     0.000000000
     0.360000000     0.000000000     2.171676740     0.000000000
     0.370000000     0.000000000     2.172739550     0.000000000
     0.380000000     0.000000000     2.173835009     0.000000000
     0.390000000     0.000000000     2.174963428     0.000000000
     0.400000000     0.000000000     2.176125129     0.000000000
     0.410000000     0.000000000     2.177320448     0.000000000
     0.420000000     0.000000000     2.178549730     0.000000000
     0.430000000     0.000000000     2.179813337     0.000000000
     0.440000000     0.000000000     2.181111641     0.000000000
     0.450000000     0.000000000     2.182445029     0.000000000
     0.460000000     0.000000000     2.183813903     0.000000000
     0.470000000     0.000000000     2.185218677     0.000000000
     0.480000000     0.000000000     2.186659782     0.000000000
     0.490000000     0.000000000     2.188137665     0.000000000
     0.500000000     0.000000000     2.189652785     0.000000000
     0.510000000     0.000000000     2.191205623     0.000000000
     0.520000000     0.000000000     2.192796673     0.000000000
     0.530000000     0.000000000     2.194426448     0.000000000
     0.540000000     0.000000000     2.196095479     0.000000000
     0.550000000     0.000000000     2.197804317     0.000000000
     0.560000000     0.000000000     2.199553530     0.000000000
     0.570000000     0.000000000     2.201343709     0.000000000
     0.580000000     0.000000000     2.203175464     0.000000000
     0.590000000     0.000000000     2.205049430     0.000000000
     0.600000000     0.000000000     2.206966260     0.000000000
     0.610000000     0.000000000     2.208926634     0.000000000
     0.620000000     0.000000000     2.210931256     0.000000000
     0.630000000     0.000000000     2.212980854     0.000000000
     0.640000000     0.000000000     2.215076185     0.000000000
     0.650000000     0.000000000     2.217218031     0.000000000
     0.660000000     0.000000000     2.219407203     0.000000000
     0.670000000     0.000000000     2.221644545     0.000000000
     0.680000000     0.000000000     2.223930928     0.000000000
     0.690000000     0.000000000     2.226267258     0.000000000
     0.700000000     0.000000000     2.228654474     0.000000000
     0.710000000     0.000000000     2.231093552     0.000000000
     0.720000000     0.000000000     2.233585503     0.000000000
     0.730000000     0.000000000     2.236131378     0.000000000
     0.740000000     0.000000000     2.238732267     0.000000000
     0.750000000     0.000000000     2.241389305     0.000000000
     0.760000000     0.000000000     2.244103669     0.000000000
     0.770000000     0.000000000     2.246876584     0.000000000
     0.780000000     0.000000000     2.249709322     0.000000000
     0.790000000     0.000000000     2.252603208     0.000000000
     0.800000000     0.000000000     2.255559619     0.000000000
     0.810000000     0.000000000     2.258579990     0.000000000
     0.820000000     0.000000000     2.261665814     0.000000000
     0.830000000     0.000000000     2.264818645     0.000000000
     0.840000000     0.000000000     2.268040106     0.000000000
     0.850000000     0.000000000     2.271331885     0.000000000
     0.860000000     0.000000000     2.274695745     0.000000000
     0.870000000     0.000000000     2.278133525     0.000000000
     0.880000000     0.000000000     2.281647144     0.000000000
     0.890000000     0.000000000     2.285238605     0.000000000
     0.900000000     0.000000000     2.288910005     0.000000000
     0.910000000     0.000000000     2.292663530     0.000000000
     0.920000000     0.000000000     2.296501473     0.000000000
     0.930000000     0.000000000     2.300426227     0.000000000
     0.940000000     0.000000000     2.304440303     0.000000000
     0.950000000     0.000000000     2.308546327     0.000000000
     0.960000000     0.000000000     2.312747054     0.000000000
     0.970000000     0.000000000     2.317045373     0.000000000
     0.980000000     0.000000000     2.321444316     0.000000000
     0.990000000     0.000000000     2.325947065     0.000000000
     1.000000000     0.000000000     2.330556966     0.000000000
     1.010000000     0.000000000     2.335277535     0.000000000
     1.020000000     0.000000000     2.340112473     0.000000000
     1.030000000     0.000000000     2.345065674     0.000000000
     1.040000000     0.000000000     2.350141245     0.000000000
     1.050000000     0.000000000     2.355343512     0.000000000
     1.060000000     0.000000000     2.360677042     0.000000000
     1.070000000     0.000000000     2.366146659     0.000000000
     1.080000000     0.000000000     2.371757458     0.000000000
     1.090000000     0.000000000     2.377514831     0.000000000
     1.100000000     0.000000000     2.383424486     0.000000000
     1.110000000     0.000000000     2.389492469     0.000000000
     1.120000000     0.000000000     2.395725194     0.000000000
     1.130000000     0.000000000     2.402129467     0.000000000
     1.140000000     0.000000000     2.408712523     0.000000000
     1.150000000     0.000000000     2.415482054     0.000000000
     1.160000000     0.000000000     2.422446249     0.000000000
     1.170000000     0.000000000     2.429613839     0.000000000
     1.180000000     0.000000000     2.436994135     0.000000000
     1.190000000     0.000000000     2.444597084     0.000000000
     1.200000000     0.000000000     2.452433323     0.000000000
     1.210000000     0.000000000     2.460514237     0.000000000
     1.220000000     0.000000000     2.468852033     0.000000000
     1.230000000     0.000000000     2.477459808     0.000000000
     1.240000000     0.000000000     2.486351640     0.000000000
     1.250000000     0.000000000     2.495542676     0.000000000
     1.260000000     0.000000000     2.505049236     0.000000000
     1.270000000     0.000000000     2.514888934     0.000000000
     1.280000000     0.000000000     2.525080803     0.000000000
     1.290000000     0.000000000     2.535645443     0.000000000
     1.300000000     0.000000000     2.546605185     0.000000000
     1.310000000     0.000000000     2.557984276     0.000000000
     1.320000000     0.000000000     2.569809088     0.000000000
     1.330000000     0.000000000     2.582108351     0.000000000
     1.340000000     0.000000000     2.594913425     0.000000000
     1.350000000     0.000000000     2.608258598     0.000000000
     1.360000000     0.000000000     2.622181437     0.000000000
     1.370000000     0.000000000     2.636723176     0.000000000
     1.380000000     0.000000000     2.651929171     0.000000000
     1.390000000     0.000000000     2.667849413     0.000000000
     1.400000000     0.000000001     2.684539119     0.000000000
     1.410000000     0.000000002     2.702059413     0.000000000
     1.420000000     0.000000009     2.720478109     0.000000000
     1.430000000     0.000000031     2.739870613     0.000000000
     1.440000000     0.000000103     2.760320968     0.000000001
     1.450000000     0.000000330     2.781923055     0.000000003
     1.460000000     0.000001016     2.804781992     0.000000009
     1.470000000     0.000003005     2.829015740     0.000000026
     1.480000000     0.000008540     2.854756962     0.000000074
     1.490000000     0.000023317     2.882155152     0.000000203
     1.500000000     0.000061166     2.911379079     0.000000532
     1.510000000     0.000154162     2.942619538     0.000001340
     1.520000000     0.000373312     2.976092423     0.000003245
     1.530000000     0.000868549     3.012042057     0.000007549
     1.540000000     0.001941533     3.050744656     0.000016875
     1.550000000     0.004169879     3.092511623     0.000036242
     1.560000000     0.008604591     3.137692139     0.000074786
     1.570000000     0.017059459     3.186674012     0.000148270
     1.580000000     0.032495894     3.239880928     0.000282434
     1.590000000     0.059473015     3.297762739     0.000516902
     1.600000000     0.104577834     3.360772844     0.000908925
     1.610000000     0.176680065     3.429321944     0.001535592
     1.620000000     0.286789785     3.503689104     0.002492596
     1.630000000     0.447268206     3.583855938     0.003887374
     1.640000000     0.670194095     3.669203041     0.005824905
     1.650000000     0.964853523     3.757961692     0.008385900
     1.660000000     1.334597779     3.846239458     0.011599484
     1.670000000     1.773648801     3.926337507     0.015415439
     1.680000000     2.264712525     3.984011415     0.019683456
     1.690000000     2.778348723     3.994569244     0.024147658
     1.700000000     3.274829161     3.919072610     0.028462754
     1.710000000     3.708674887     3.705933035     0.032233468
     1.720000000     4.035311813     3.309462690     0.035072390
     1.730000000     4.218554409     2.733123336     0.036665020
     1.740000000     4.237194809     2.068011713     0.036827030
     1.750000000     4.089040660     1.461337454     0.035539368
     1.760000000     3.791339253     1.022571293     0.032951934
     1.770000000     3.377474558     0.772649459     0.029354883
     1.780000000     2.890811314     0.672309829     0.025125112
     1.790000000     2.377254216     0.668806537     0.020661597
     1.800000000     1.878277375     0.719903558     0.016324805
     1.810000000     1.425844120     0.798031191     0.012392540
     1.820000000     1.039950317     0.887011713     0.009038594
     1.830000000     0.728754677     0.977983705     0.006333877
     1.840000000     0.490657384     1.066393991     0.004264485
     1.850000000     0.317397531     1.150111578     0.002758620
     1.860000000     0.197268149     1.228325089     0.001714531
     1.870000000     0.117798189     1.300919352     0.001023828
     1.880000000     0.067584714     1.368129190     0.000587404
     1.890000000     0.037255172     1.430349733     0.000323799
     1.900000000     0.019731172     1.488034187     0.000171491
     1.910000000     0.010040317     1.541640240     0.000087264
     1.920000000     0.004908741     1.591603384     0.000042664
     1.930000000     0.002305797     1.638325020     0.000020041
     1.940000000     0.001040640     1.682168553     0.000009045
     1.950000000     0.000451240     1.723459671     0.000003922
     1.960000000     0.000187994     1.762488686     0.000001634
     1.970000000     0.000075250     1.799513770     0.000000654
     1.980000000     0.000028940     1.834764442     0.000000252
     1.990000000     0.000010693     1.868444980     0.000000093
     2.000000000     0.000003796     1.900737592     0.000000033
     2.010000000     0.000001295     1.931805294     0.000000011
     2.020000000     0.000000424     1.961794459     0.000000004
     2.030000000     0.000000134     1.990837070     0.000000001
     2.040000000     0.000000040     2.019052697     0.000000000
     2.050000000     0.000000012     2.046550218     0.000000000
     2.060000000     0.000000003     2.073429332     0.000000000
     2.070000000     0.000000001     2.099781884     0.000000000
     2.080000000     0.000000000     2.125693027     0.000000000
     2.090000000     0.000000000     2.151242253     0.000000000
     2.100000000     0.000000000     2.176504310     0.000000000
     2.110000000     0.000000000     2.201550020     0.000000000
     2.120000000     0.000000000     2.226447031     0.000000000
     2.130000000     0.000000000     2.251260493     0.000000000
     2.140000000     0.000000000     2.276053689     0.000000000
     2.150000000     0.000000000     2.300888635     0.000000000
     2.160000000     0.000000000     2.325826643     0.000000000
     2.170000000     0.000000000     2.350928871     0.000000000
     2.180000000     0.000000000     2.376256872     0.000000000
     2.190000000     0.000000000     2.401873134     0.000000000
     2.200000000     0.000000000     2.427841642     0.000000000
     2.210000000     0.000000000     2.454228454     0.000000000
     2.220000000     0.000000000     2.481102319     0.000000000
     2.230000000     0.000000000     2.508535322     0.000000000
     2.240000000     0.000000000     2.536603602     0.000000000
     2.250000000     0.000000000     2.565388126     0.000000000
     2.260000000     0.000000000     2.594975550     0.000000000
     2.270000000     0.000000001     2.625459180     0.000000000
     2.280000000     0.000000006     2.656940059     0.000000000
     2.290000000     0.000000020     2.689528189     0.000000001
     2.300000000     0.000000067     2.723343928     0.000000003
     2.310000000     0.000000220     2.758519579     0.000000008
     2.320000000     0.000000695     2.795201225     0.000000026
     2.330000000     0.000002109     2.833550817     0.000000079
     2.340000000     0.000006148     2.873748588     0.000000231
     2.350000000     0.000017217     2.915995814     0.000000646
     2.360000000     0.000046327     2.960517972     0.000001739
     2.370000000     0.000119765     3.007568331     0.000004495
     2.380000000     0.000297479     3.057431982     0.000011165
     2.390000000     0.000709922     3.110430292     0.000026644
     2.400000000     0.001627771     3.166925659     0.000061088
     2.410000000     0.003585950     3.227326333     0.000134568
     2.420000000     0.007590034     3.292090792     0.000284811
     2.430000000     0.015435179     3.361730696     0.000579164
     2.440000000     0.030158388     3.436810647     0.001131552
     2.450000000     0.056615203     3.517941547     0.002124105
     2.460000000     0.102114286     3.605761792     0.003830946
     2.470000000     0.176957281     3.700896028     0.006638417
     2.480000000     0.294631286     3.803873115     0.011052269
     2.490000000     0.471322075     3.914970439     0.017679375
     2.500000000     0.724411264     4.033925862     0.027171325
     2.510000000     1.069747061     4.159413009     0.040122060
     2.520000000     1.517768388     4.288098454     0.056922517
     2.530000000     2.068990029     4.412980104     0.077591374
     2.540000000     2.709815895     4.520564982     0.101618146
     2.550000000     3.409963005     4.586437681     0.127866733
     2.560000000     4.122759889     4.569489554     0.154586778
     2.570000000     4.789111076     4.408070324     0.179562481
     2.580000000     5.345031524     4.028588779     0.200395206
     2.590000000     5.731576916     3.384104973     0.214875813
     2.600000000     5.905089327     2.520988457     0.221368700
     2.610000000     5.845306805     1.606350488     0.219115637
     2.620000000     5.559255613     0.841090498     0.208381426
     2.630000000     5.079891868     0.333978134     0.190402705
     2.640000000     4.459855472     0.075576242     0.167153586
     2.650000000     3.761972308    -0.001816017     0.140989496
     2.660000000     3.048869923     0.031766794     0.114257915
     2.670000000     2.374054527     0.125200055     0.088964001
     2.680000000     1.776114563     0.246612547     0.066553483
     2.690000000     1.276673233     0.377813833     0.047836099
     2.700000000     0.881692248     0.509065083     0.033034610
     2.710000000     0.585036259     0.635506857     0.021918514
     2.720000000     0.372972693     0.754989889     0.013972737
     2.730000000     0.228454533     0.866825789     0.008558159
     2.740000000     0.134446969     0.971086078     0.005036255
     2.750000000     0.076020504     1.068214894     0.002847498
     2.760000000     0.041298945     1.158817967     0.001546849
     2.770000000     0.021556372     1.243549878     0.000807348
     2.780000000     0.010810378     1.323055898     0.000404857
     2.790000000     0.005208763     1.397943980     0.000195061
     2.800000000     0.002411331     1.468773234     0.000090296
     2.810000000     0.001072525     1.536051250     0.000040160
     2.820000000     0.000458339     1.600235976     0.000017161
     2.830000000     0.000188189     1.661739788     0.000007046
     2.840000000     0.000074239     1.720934433     0.000002779
     2.850000000     0.000028138     1.778156164     0.000001053
     2.860000000     0.000010247     1.833710696     0.000000384
     2.870000000     0.000003585     1.887877839     0.000000134
     2.880000000     0.000001205     1.940915741     0.000000045
     2.890000000     0.000000389     1.993064768     0.000000015
     2.900000000     0.000000121     2.044551025     0.000000005
     2.910000000     0.000000038     2.095589606     0.000000001
     2.920000000     0.000000019     2.146387602     0.000000001
     2.930000000     0.000000033     2.197146937     0.000000002
     2.940000000     0.000000102     2.248067086     0.000000006
     2.950000000     0.000000325     2.299347745     0.000000018
     2.960000000     0.000000999     2.351191490     0.000000056
     2.970000000     0.000002950     2.403806494     0.000000164
     2.980000000     0.000008368     2.457409349     0.000000466
     2.990000000     0.000022805     2.512228049     0.000001271
     3.000000000     0.000059716     2.568505171     0.000003327
     3.010000000     0.000150239     2.626501291     0.000008371
     3.020000000     0.000363159     2.686498638     0.000020235
     3.030000000     0.000843414     2.748804957     0.000046996
     3.040000000     0.001881971     2.813757453     0.000104865
     3.050000000     0.004034718     2.881726566     0.000224817
     3.060000000     0.008310779     2.953119039     0.000463082
     3.070000000     0.016447446     3.028379324     0.000916462
     3.080000000     0.031274001     3.107987530     0.001742607
     3.090000000     0.057134266     3.192450721     0.003183558
     3.100000000     0.100285482     3.282281836     0.005587971
     3.110000000     0.169124960     3.377955985     0.009423750
     3.120000000     0.274034706     3.479825789     0.015269388
     3.130000000     0.426610610     3.587962979     0.023771014
     3.140000000     0.638095909     3.701867795     0.035555110
     3.150000000     0.916998231     3.819943614     0.051095725
     3.160000000     1.266132850     3.938563272     0.070549729
     3.170000000     1.679648182     4.050458700     0.093591071
     3.180000000     2.140847371     4.142108735     0.119289398
     3.190000000     2.621691434     4.190052007     0.146082375
     3.200000000     3.084652831     4.157413634     0.171878992
     3.210000000     3.487070356     3.995842435     0.194302253
     3.220000000     3.787449369     3.663875894     0.211040330
     3.230000000     3.952477586     3.168201886     0.220237689
     3.240000000     3.963142333     2.598033637     0.220836367
     3.250000000     3.818424028     2.091886917     0.212782592
     3.260000000     3.535621597     1.749281221     0.197046418
     3.270000000     3.147267400     1.586785167     0.175452433
     3.280000000     2.695509969     1.566751477     0.150370997
     3.290000000     2.225469596     1.640511996     0.124354432
     3.300000000     1.779206702     1.769763214     0.099809892
     3.310000000     1.391574637     1.929910200     0.078779596
     3.320000000     1.088521621     2.106853149     0.062858721
     3.330000000     0.887620798     2.293142916     0.053236042
     3.340000000     0.799993457     2.485104382     0.050806541
     3.350000000     0.832507722     2.680899574     0.056288190
     3.360000000     0.989221010     2.879132957     0.070279645
     3.370000000     1.271420414     3.077584095     0.093218825
     3.380000000     1.676167091     3.271664563     0.125237087
     3.390000000     2.193811651     3.452181410     0.165941081
     3.400000000     2.805369995     3.602074514     0.214184705
     3.410000000     3.480820098     3.692431570     0.267908613
     3.420000000     4.179244516     3.680239631     0.324118914
     3.430000000     4.851322555     3.514517684     0.379049547
     3.440000000     5.444073924     3.158980344     0.428509981
     3.450000000     5.907137758     2.625348952     0.468372274
     3.460000000     6.199416594     1.985155930     0.495112483
     3.470000000     6.294758089     1.333111597     0.506302427
     3.480000000     6.185530060     0.729588960     0.500954280
     3.490000000     5.883405184     0.188644835     0.479650634
     3.500000000     5.417272611    -0.276766111     0.444437746
     3.510000000     4.828772209    -0.627788037     0.398507926
     3.520000000     4.166368036    -0.831679245     0.345736709
     3.530000000     3.479065197    -0.894704619     0.290163402
     3.540000000     2.810819081    -0.852928298     0.235506283
     3.550000000     2.196432634    -0.746984317     0.184787601
     3.560000000     1.659363905    -0.608121940     0.140113956
     3.570000000     1.211463874    -0.456271064     0.102622513
     3.580000000     0.854319402    -0.302791318     0.072571158
     3.590000000     0.581652052    -0.153598451     0.049528119
     3.600000000     0.382149955    -0.011436883     0.032607370
     3.610000000     0.242177115     0.122703100     0.020700129
     3.620000000     0.147969655     0.248760448     0.012666339
     3.630000000     0.087131816     0.367139907     0.007467743
     3.640000000     0.049429234     0.478457495     0.004240728
     3.650000000     0.027005191     0.583403756     0.002318839
     3.660000000     0.014204794     0.682672609     0.001220561
     3.670000000     0.007191662     0.776926424     0.000618300
     3.680000000     0.003503694     0.866780915     0.000301367
     3.690000000     0.001642230     0.952800698     0.000141307
     3.700000000     0.000740411     1.035500400     0.000063728
     3.710000000     0.000321050     1.115348509     0.000027640
     3.720000000     0.000133867     1.192772404     0.000011527
     3.730000000     0.000053669     1.268163740     0.000004622
     3.740000000     0.000020686     1.341883762     0.000001782
     3.750000000     0.000007665     1.414268352     0.000000660
     3.760000000     0.000002730     1.485632747     0.000000235
     3.770000000     0.000000935     1.556275907     0.000000081
     3.780000000     0.000000308     1.626484595     0.000000027
     3.790000000     0.000000098     1.696537204     0.000000008
     3.800000000     0.000000032     1.766707415     0.000000003
     3.810000000     0.000000019     1.837267732     0.000000002
     3.820000000     0.000000037     1.908492992     0.000000004
     3.830000000     0.000000117     1.980663902     0.000000011
     3.840000000     0.000000375     2.054070687     0.000000036
     3.850000000     0.000001163     2.129016930     0.000000113
     3.860000000     0.000003467     2.205823674     0.000000337
     3.870000000     0.000009940     2.284833874     0.000000966
     3.880000000     0.000027393     2.366417280     0.000002661
     3.890000000     0.000072581     2.450975831     0.000007050
     3.900000000     0.000184898     2.538949622     0.000017960
     3.910000000     0.000452890     2.630823481     0.000043991
     3.920000000     0.001066658     2.727134138     0.000103609
     3.930000000     0.002415744     2.828477850     0.000234651
     3.940000000     0.005261293     2.935518141     0.000511052
     3.950000000     0.011019769     3.048992946     0.001070397
     3.960000000     0.022198021     3.169719805     0.002156187
     3.970000000     0.043007229     3.298596582     0.004177473
     3.980000000     0.080145298     3.436593138     0.007784850
     3.990000000     0.143664056     3.584725741     0.013954695
     4.000000000     0.247728371     3.743999541     0.024062900
     4.010000000     0.410946020     3.915292814     0.039916917
     4.020000000     0.655841182     4.099135975     0.063704616
     4.030000000     1.007025183     4.295301521     0.097816596
     4.040000000     1.487756249     4.502056873     0.144512030
     4.050000000     2.114920651     4.714825924     0.205431150
     4.060000000     2.892990595     4.923850246     0.281008365
     4.070000000     3.808105662     5.110290999     0.369897360
     4.080000000     4.823882967     5.240352252     0.468564127
     4.090000000     5.880651315     5.258354911     0.571212594
     4.100000000     6.899354096     5.084134862     0.670163758
     4.110000000     7.790367157     4.628164138     0.756712275
     4.120000000     8.466145548     3.838179846     0.822355033
     4.130000000     8.855349187     2.758736456     0.860163513
     4.140000000     8.915361117     1.543600623     0.866000227
     4.150000000     8.640234180     0.400395720     0.839291442
     4.160000000     8.062128662    -0.489896079     0.783168115
     4.170000000     7.245946498    -1.042303838     0.703946560
     4.180000000     6.278597796    -1.281132252     0.610088277
     4.190000000     5.255584598    -1.289644467     0.510899533
     4.200000000     4.267969813    -1.154116360     0.415268076
     4.210000000     3.392256520    -0.938694360     0.330681253
     4.220000000     2.684504979    -0.683898279     0.262653064
     4.230000000     2.178635293    -0.413210580     0.214553605
     4.240000000     1.887785682    -0.139905893     0.187730065
     4.250000000     1.807136086     0.127762517     0.181764908
     4.260000000     1.916820538     0.382650891     0.194739388
     4.270000000     2.184246333     0.615210966     0.223440035
     4.280000000     2.565966832     0.809561225     0.263527809
     4.290000000     3.009854971     0.938874204     0.309748137
     4.300000000     3.458449169     0.961714802     0.356270466
     4.310000000     3.853946504     0.825773691     0.397203845
     4.320000000     4.144568561     0.491419549     0.427257667
     4.330000000     4.291241078    -0.021388859     0.442436396
     4.340000000     4.273051444    -0.603103790     0.440608753
     4.350000000     4.090004776    -1.103827598     0.421798437
     4.360000000     3.762204019    -1.428557937     0.388106335
     4.370000000     3.325525219    -1.571310667     0.343271812
     4.380000000     2.824803794    -1.577154889     0.291977807
     4.390000000     2.306157851    -1.497980417     0.239066709
     4.400000000     1.810160592    -1.373127965     0.188841871
     4.410000000     1.367154577    -1.227508184     0.144585393
     4.420000000     0.995274209    -1.075395868     0.108347305
     4.430000000     0.700986712    -0.924401562     0.080983789
     4.440000000     0.481415000    -0.778280776     0.062367685
     4.450000000     0.327487347    -0.638676962     0.051675623
     4.460000000     0.227051425    -0.506157016     0.047670351
     4.470000000     0.167379704    -0.380836835     0.048930668
     4.480000000     0.136834656    -0.262789601     0.054017950
     4.490000000     0.125738692    -0.152328997     0.061593393
     4.500000000     0.126647652    -0.050128308     0.070507424
     4.510000000     0.134258963     0.043058171     0.079873882
     4.520000000     0.145136399     0.127367834     0.089124673
     4.530000000     0.157354873     0.205086358     0.098026277
     4.540000000     0.170104269     0.280478892     0.106636428
     4.550000000     0.183263080     0.357419562     0.115191074
     4.560000000     0.196960577     0.437253981     0.123934941
     4.570000000     0.211173386     0.518882662     0.132934426
     4.580000000     0.225425473     0.599873962     0.141927793
     4.590000000     0.238660282     0.677151297     0.150265758
     4.600000000     0.249323249     0.747372423     0.156973338
     4.610000000     0.255640050     0.807999643     0.160927584
     4.620000000     0.256020312     0.859651110     0.161107964
     4.630000000     0.249480880     0.907977895     0.156851057
     4.640000000     0.235983325     0.961515678     0.148038695
     4.650000000     0.216619523     1.026435345     0.135170052
     4.660000000     0.193643724     1.104065211     0.119305761
     4.670000000     0.170415485     1.192654554     0.101911887
     4.680000000     0.151358484     1.289896672     0.084659460
     4.690000000     0.142035435     1.394147009     0.069241965
     4.700000000     0.149381526     1.504589951     0.057257574
     4.710000000     0.182036450     1.621019365     0.050171569
     4.720000000     0.250592272     1.743560607     0.049338440
     4.730000000     0.367469496     1.872402086     0.056034713
     4.740000000     0.546094546     2.007494597     0.071442034
     4.750000000     0.799125179     2.148125785     0.096530509
     4.760000000     1.135683630     2.292224491     0.131824203
     4.770000000     1.557895636     2.435168211     0.177077502
     4.780000000     2.057421971     2.567759849     0.230940272
     4.790000000     2.612975310     2.672997382     0.290724883
     4.800000000     3.189884090     2.721648867     0.352392732
     4.810000000     3.742482292     2.668482484     0.410841837
     4.820000000     4.219465699     2.455870247     0.460503464
     4.830000000     4.571506340     2.037702424     0.496162789
     4.840000000     4.759627436     1.428438936     0.513836811
     4.850000000     4.762413730     0.738768363     0.511503484
     4.860000000     4.580273551     0.131395452     0.489498875
     4.870000000     4.235685979    -0.280549608     0.450481540
     4.880000000     3.769440956    -0.480577630     0.398979453
     4.890000000     3.233945589    -0.514208819     0.340645063
     4.900000000     2.685357996    -0.439139869     0.281410785
     4.910000000     2.176400433    -0.300702849     0.226739612
     4.920000000     1.751207299    -0.128138854     0.181107751
     4.930000000     1.442706689     0.061523176     0.147763534
     4.940000000     1.272154731     0.258825181     0.128715234
     4.950000000     1.249855486     0.458299080     0.124841472
     4.960000000     1.375986067     0.655847425     0.136008813
     4.970000000     1.640802241     0.846514630     0.161119728
     4.980000000     2.024150578     1.022016164     0.198081757
     4.990000000     2.494885996     1.167435661     0.243757510
     5.000000000     3.011209369     1.256848654     0.293997360
     5.010000000     3.522909642     1.249160045     0.343854018
     5.020000000     3.975990370     1.089790208     0.388028385
     5.030000000     4.319336440     0.730558024     0.421514744
     5.040000000     4.512228751     0.175961297     0.440329758
     5.050000000     4.530975646    -0.475826947     0.442156526
     5.060000000     4.372938436    -1.066962362     0.426735466
     5.070000000     4.056822393    -1.480282721     0.395891619
     5.080000000     3.619094325    -1.693295518     0.353184544
     5.090000000     3.107426949    -1.747700169     0.303268432
     5.100000000     2.572796797    -1.699505522     0.251120971
     5.110000000     2.062047207    -1.593488441     0.201317589
     5.120000000     1.612358800    -1.458823935     0.157491661
     5.130000000     1.248338729    -1.312647494     0.122049971
     5.140000000     0.981644824    -1.164506530     0.096135162
     5.150000000     0.812475352    -1.019748906     0.079769911
     5.160000000     0.732027632    -0.881850838     0.072095481
     5.170000000     0.725147059    -0.754130143     0.071629091
     5.180000000     0.772715331    -0.641253602     0.076496575
     5.190000000     0.853678569    -0.550696332     0.084631297
     5.200000000     0.946842082    -0.493644435     0.093952404
     5.210000000     1.032594437    -0.483386514     0.102539024
     5.220000000     1.094600759    -0.527921866     0.108805155
     5.230000000     1.121321577    -0.617371303     0.111662301
     5.240000000     1.107081686    -0.719204260     0.110644253
     5.250000000     1.052409726    -0.795131969     0.105968050
     5.260000000     0.963503560    -0.824688229     0.098517363
     5.270000000     0.850893456    -0.809617981     0.089753263
     5.280000000     0.727583294    -0.762398237     0.081573154
     5.290000000     0.607065100    -0.695819981     0.076143532
     5.300000000     0.501584055    -0.619122712     0.075723823
     5.310000000     0.420897701    -0.538009562     0.082481668
     5.320000000     0.371588194    -0.455761451     0.098284910
     5.330000000     0.356828536    -0.374321032     0.124453445
     5.340000000     0.376430750    -0.295146033     0.161471518
     5.350000000     0.427031037    -0.219937782     0.208695419
     5.360000000     0.502363510    -0.151404871     0.264130269
     5.370000000     0.593680634    -0.094157818     0.324373633
     5.380000000     0.690433939    -0.055554877     0.384815121
     5.390000000     0.781297548    -0.045569316     0.440131924
     5.400000000     0.855505264    -0.073604458     0.485038756
     5.410000000     0.904324672    -0.140749381     0.515161542
     5.420000000     0.922374937    -0.232045902     0.527840811
     5.430000000     0.908467009    -0.319737914     0.522661788
     5.440000000     0.865730247    -0.378926368     0.501564542
     5.450000000     0.800966159    -0.400153417     0.468495579
     5.460000000     0.723377607    -0.388227657     0.428687108
     5.470000000     0.642985789    -0.353786736     0.387749039
     5.480000000     0.569109474    -0.307101905     0.350797501
     5.490000000     0.509222743    -0.256208338     0.321810701
     5.500000000     0.468356201    -0.207229143     0.303313094
     5.510000000     0.449022399    -0.164748542     0.296377204
     5.520000000     0.451497644    -0.131041333     0.300840029
     5.530000000     0.474229886    -0.104589024     0.315589599
     5.540000000     0.514180061    -0.080620705     0.338797385
     5.550000000     0.567016959    -0.055266736     0.368040468
     5.560000000     0.627219474    -0.029687662     0.400341608
     5.570000000     0.688234679    -0.010605738     0.432218257
     5.580000000     0.742852743    -0.008317490     0.459845146
     5.590000000     0.783882677    -0.033206532     0.479392758
     5.600000000     0.805077896    -0.089612563     0.487523534
     5.610000000     0.802125558    -0.168931907     0.481943983
     5.620000000     0.773438816    -0.250024541     0.461861204
     5.630000000     0.720512247    -0.310862093     0.428199846
     5.640000000     0.647713847    -0.340832400     0.383499092
     5.650000000     0.561549626    -0.342078287     0.331504243
     5.660000000     0.469587460    -0.322770458     0.276557224
     5.670000000     0.379310956    -0.291095955     0.222941728
     5.680000000     0.297166231    -0.252969821     0.174336138
     5.690000000     0.227976024    -0.212037770     0.133476911
     5.700000000     0.174765486    -0.170342848     0.102059614
     5.710000000     0.138921295    -0.128953731     0.080833114
     5.720000000     0.120529246    -0.088407444     0.069797526
     5.730000000     0.118722693    -0.049003483     0.068408675
     5.740000000     0.131919092    -0.011019049     0.075717695
     5.750000000     0.157901429     0.025089529     0.090420338
     5.760000000     0.193785019     0.058441257     0.110839045
     5.770000000     0.235969775     0.087397672     0.134895332
     5.780000000     0.280194852     0.109168527     0.160139822
     5.790000000     0.321781474     0.119619290     0.183889465
     5.800000000     0.356081366     0.114064297     0.203482312
     5.810000000     0.379065931     0.090176258     0.216612939
     5.820000000     0.387924585     0.052370263     0.221673443
     5.830000000     0.381515215     0.012600544     0.218010214
     5.840000000     0.360536913    -0.016381091     0.206022252
     5.850000000     0.327367397    -0.028700961     0.187068030
     5.860000000     0.285599769    -0.025840093     0.163200655
     5.870000000     0.239393417    -0.012400277     0.136796884
     5.880000000     0.192795275     0.007221488     0.110169244
     5.890000000     0.149179618     0.029927462     0.085245893
     5.900000000     0.110904999     0.053831197     0.063374580
     5.910000000     0.079217495     0.077880625     0.045267350
     5.920000000     0.054364997     0.101531228     0.031065857
     5.930000000     0.035846427     0.124528574     0.020483768
     5.940000000     0.022709136     0.146777836     0.012976710
     5.950000000     0.013822404     0.168269148     0.007898553
     5.960000000     0.008083413     0.189035922     0.004619115
     5.970000000     0.004541865     0.209131956     0.002595363
     5.980000000     0.002451895     0.228619068     0.001401089
     5.990000000     0.001271738     0.247560588     0.000726711
     6.000000000     0.000633755     0.266018097     0.000362148
     6.010000000     0.000303441     0.284049960     0.000173396
     6.020000000     0.000139590     0.301710823     0.000079766
     6.030000000     0.000061697     0.319051636     0.000035256
     6.040000000     0.000026200     0.336119936     0.000014971
     6.050000000     0.000010690     0.352960247     0.000006108
     6.060000000     0.000004190     0.369614541     0.000002395
     6.070000000     0.000001578     0.386122694     0.000000902
     6.080000000     0.000000571     0.402522943     0.000000326
     6.090000000     0.000000199     0.418852315     0.000000113
     6.100000000     0.000000066     0.435147047     0.000000038
     6.110000000     0.000000021     0.451442986     0.000000012
     6.120000000     0.000000007     0.467775980     0.000000004
     6.130000000     0.000000002     0.484182270     0.000000001
     6.140000000     0.000000001     0.500698879     0.000000000
     6.150000000     0.000000001     0.517364018     0.000000001
     6.160000000     0.000000004     0.534217507     0.000000002
     6.170000000     0.000000012     0.551301226     0.000000006
     6.180000000     0.000000040     0.568659604     0.000000019
     6.190000000     0.000000125     0.586340154     0.000000060
     6.200000000     0.000000380     0.604394067     0.000000183
     6.210000000     0.000001109     0.622876872     0.000000534
     6.220000000     0.000003106     0.641849189     0.000001501
     6.230000000     0.000008365     0.661377560     0.000004054
     6.240000000     0.000021653     0.681535404     0.000010522
     6.250000000     0.000053876     0.702404073     0.000026253
     6.260000000     0.000128859     0.724074032     0.000062964
     6.270000000     0.000296280     0.746646130     0.000145166
     6.280000000     0.000654891     0.770232949     0.000321744
     6.290000000     0.001391663     0.794960113     0.000685559
     6.300000000     0.002843289     0.820967399     0.001404403
     6.310000000     0.005585409     0.848409322     0.002766147
     6.320000000     0.010550333     0.877454584     0.005238704
     6.330000000     0.019164149     0.908283307     0.009540514
     6.340000000     0.033478528     0.941080099     0.016709326
     6.350000000     0.056252934     0.976019485     0.028147031
     6.360000000     0.090925034     1.013237440     0.045608800
     6.370000000     0.141399947     1.052777904     0.071100628
     6.380000000     0.211603609     1.094494449     0.106656063
     6.390000000     0.304789704     1.137872627     0.153984883
     6.400000000     0.422662305     1.181715598     0.214023288
     6.410000000     0.564462704     1.223607732     0.286459884
     6.420000000     0.726240757     1.259064835     0.369349879
     6.430000000     0.900554420     1.280398428     0.458943936
     6.440000000     1.076790231     1.275830558     0.549834297
     6.450000000     1.242169665     1.230622448     0.635456585
     6.460000000     1.383330036     1.133159059     0.708895215
     6.470000000     1.488198303     0.986007082     0.763850860
     6.480000000     1.547772549     0.812324438     0.795571861
     6.490000000     1.557430994     0.645774064     0.801550375
     6.500000000     1.517505276     0.510478442     0.781841499
     6.510000000     1.433044671     0.410561562     0.738960698
     6.520000000     1.312896013     0.337287635     0.677418505
     6.530000000     1.168366611     0.283954215     0.603028116
     6.540000000     1.011786640     0.252469647     0.522150580
     6.550000000     0.855243044     0.247064482     0.441022299
     6.560000000     0.709649423     0.266823358     0.365255533
     6.570000000     0.584190241     0.305896799     0.299537394
     6.580000000     0.486072805     0.357451438     0.247497366
     6.590000000     0.420461536     0.416108825     0.211680968
     6.600000000     0.390463600     0.478289258     0.193562007
     6.610000000     0.397077128     0.541619324     0.193545046
     6.620000000     0.439087012     0.604131056     0.210945154
     6.630000000     0.512974345     0.663419545     0.243971538
     6.640000000     0.612964033     0.715692122     0.289770842
     6.650000000     0.731342140     0.754689984     0.344590741
     6.660000000     0.859114827     0.770908049     0.404097710
     6.670000000     0.986964663     0.752663203     0.463829169
     6.680000000     1.106327857     0.691765756     0.519698615
     6.690000000     1.210326048     0.593884091     0.568430162
     6.700000000     1.294290808     0.483490820     0.607800843
     6.710000000     1.355734495     0.390569986     0.636622914
     6.720000000     1.393813377     0.329330755     0.654488263
     6.730000000     1.408521105     0.291882402     0.661386949
     6.740000000     1.399956297     0.257112442     0.657361282
     6.750000000     1.367973450     0.202370217     0.642340466
     6.760000000     1.312359773     0.114977282     0.616222558
     6.770000000     1.233451848     0.002864786     0.579163072
     6.780000000     1.132915125    -0.106524910     0.531939914
     6.790000000     1.014338182    -0.185178028     0.476231000
     6.800000000     0.883368836    -0.222232649     0.414676252
     6.810000000     0.747300512    -0.223264041     0.350680930
     6.820000000     0.614221574    -0.199882862     0.288013437
     6.830000000     0.491981896    -0.162472430     0.230317588
     6.840000000     0.387260226    -0.118120838     0.180673468
     6.850000000     0.304936852    -0.071058247     0.141304341
     6.860000000     0.247837071    -0.023625875     0.113461806
     6.870000000     0.216777578     0.022908606     0.097458431
     6.880000000     0.210773180     0.067771541     0.092780805
     6.890000000     0.227265355     0.110250092     0.098216165
     6.900000000     0.262301747     0.149292668     0.111955447
     6.910000000     0.310686686     0.183047256     0.131676798
     6.920000000     0.366191663     0.208307956     0.154645689
     6.930000000     0.421928697     0.220069113     0.177876015
     6.940000000     0.470940991     0.211970004     0.198377356
     6.950000000     0.506973864     0.179148885     0.213475270
     6.960000000     0.525293077     0.123973250     0.221150653
     6.970000000     0.523359325     0.059782025     0.220318928
     6.980000000     0.501174728     0.004966251     0.210972117
     6.990000000     0.461191505    -0.028708386     0.194137697
     7.000000000     0.407789428    -0.040394750     0.171656864
     7.010000000     0.346445237    -0.035565746     0.145833824
     7.020000000     0.282793015    -0.020573101     0.119039649
     7.030000000     0.221786089    -0.000243971     0.093359160
     7.040000000     0.167120478     0.022363454     0.070348065
     7.050000000     0.120991248     0.045498328     0.050930316
     7.060000000     0.084160206     0.068230534     0.035426575
     7.070000000     0.056245527     0.090106694     0.023676111
     7.080000000     0.036115821     0.110938379     0.015202670
     7.090000000     0.022281031     0.130679459     0.009379025
     7.100000000     0.013206922     0.149357196     0.005559351
     7.110000000     0.007521381     0.167034212     0.003166072
     7.120000000     0.004115565     0.183787845     0.001732430
     7.130000000     0.002163862     0.199699183     0.000910903
     7.140000000     0.001093620     0.214847473     0.000460464
     7.150000000     0.000532378     0.229307500     0.000224388
     7.160000000     0.000252250     0.243148572     0.000106884
     7.170000000     0.000122421     0.256434376     0.000053174
     7.180000000     0.000073888     0.269223273     0.000034799
     7.190000000     0.000076395     0.281568797     0.000040152
     7.200000000     0.000125598     0.293520228     0.000069479
     7.210000000     0.000238086     0.305123144     0.000133379
     7.220000000     0.000452025     0.316419907     0.000253876
     7.230000000     0.000831381     0.327450010     0.000467169
     7.240000000     0.001471486     0.338250195     0.000826935
     7.250000000     0.002503067     0.348854209     0.001406680
     7.260000000     0.004091121     0.359291907     0.002299147
     7.270000000     0.006424587     0.369587257     0.003610522
     7.280000000     0.009693426     0.379754378     0.005447561
     7.290000000     0.014051987     0.389790122     0.007897007
     7.300000000     0.019571606     0.399660634     0.010998951
     7.310000000     0.026190476     0.409277806     0.014718658
     7.320000000     0.033673524     0.418460270     0.018924019
     7.330000000     0.041596998     0.426875907     0.023376895
     7.340000000     0.049370063     0.433979595     0.027745248
     7.350000000     0.056298104     0.439013460     0.031638721
     7.360000000     0.061681159     0.441233623     0.034663968
     7.370000000     0.064929298     0.440522126     0.036489515
     7.380000000     0.065668996     0.438065012     0.036905589
     7.390000000     0.063814156     0.436101249     0.035864154
     7.400000000     0.059583433     0.436537421     0.033488897
     7.410000000     0.053459614     0.439947267     0.030052918
     7.420000000     0.046102605     0.445848106     0.025930820
     7.430000000     0.038239608     0.453444165     0.021538795
     7.440000000     0.030560706     0.462067446     0.017279003
     7.450000000     0.023644290     0.471280194     0.013502505
     7.460000000     0.017926644     0.480834002     0.010499231
     7.470000000     0.013717180     0.490605396     0.008515852
     7.480000000     0.011249087     0.500545561     0.007795049
     7.490000000     0.010746941     0.510647388     0.008623633
     7.500000000     0.012488906     0.520924338     0.011373165
     7.510000000     0.016841326     0.531395208     0.016515198
     7.520000000     0.024247387     0.542069605     0.024594896
     7.530000000     0.035159222     0.552928929     0.036152526
     7.540000000     0.049914841     0.563896103     0.051593150
     7.550000000     0.068576916     0.574784004     0.071020427
     7.560000000     0.090767274     0.585207684     0.094067887
     7.570000000     0.115543876     0.594442750     0.119774793
     7.580000000     0.141369508     0.601226390     0.146556831
     7.590000000     0.166208562     0.603572419     0.172308944
     7.600000000     0.187759506     0.598884621     0.194648095
     7.610000000     0.203792180     0.584964306     0.211264088
     7.620000000     0.212522854     0.562243180     0.220308996
     7.630000000     0.212939563     0.535596088     0.220734696
     7.640000000     0.204995477     0.512480859     0.212493341
     7.650000000     0.189619655     0.498186165     0.196548337
     7.660000000     0.168543264     0.493541645     0.174693885
     7.670000000     0.143989061     0.496505031     0.149232580
     7.680000000     0.118306060     0.504472742     0.122595896
     7.690000000     0.093639510     0.515408772     0.097000823
     7.700000000     0.071708169     0.528015007     0.074217067
     7.710000000     0.053724822     0.541557781     0.055481967
     7.720000000     0.040455072     0.555664500     0.041558049
     7.730000000     0.032375448     0.570174669     0.032893346
     7.740000000     0.029871724     0.585044685     0.029824258
     7.750000000     0.033413144     0.600287637     0.032756113
     7.760000000     0.043645807     0.615930410     0.042264894
     7.770000000     0.061365655     0.631973429     0.059081548
     7.780000000     0.087356654     0.648338637     0.083945569
     7.790000000     0.122111724     0.664787627     0.117345772
     7.800000000     0.165489703     0.680783976     0.159200303
     7.810000000     0.216394182     0.695264657     0.208558280
     7.820000000     0.272577937     0.706289929     0.263421104
     7.830000000     0.330667699     0.710611275     0.320771147
     7.840000000     0.386461437     0.703454153     0.376853073
     7.850000000     0.435478995     0.679361705     0.427683912
     7.860000000     0.473665635     0.635272907     0.469691000
     7.870000000     0.498085003     0.575190947     0.500319684
     7.880000000     0.507420309     0.511485222     0.518441285
     7.890000000     0.502143472     0.458507265     0.524438099
     7.900000000     0.484302916     0.423887255     0.519935936
     7.910000000     0.456992193     0.406346132     0.507264809
     7.920000000     0.423654024     0.399616374     0.488814420
     7.930000000     0.387414431     0.396744846     0.466480140
     7.940000000     0.350616524     0.392441066     0.441356119
     7.950000000     0.314645527     0.384095314     0.413740813
     7.960000000     0.280037476     0.372035713     0.383412373
     7.970000000     0.246780351     0.359037080     0.350047249
     7.980000000     0.214675230     0.348836902     0.313623310
     7.990000000     0.183633833     0.344097187     0.274674508
     8.000000000     0.153835929     0.345303584     0.234331253
     8.010000000     0.125731993     0.351247660     0.194159675
     8.020000000     0.099929100     0.360184874     0.155874529
     8.030000000     0.077025686     0.370629734     0.121026811
     8.040000000     0.057460410     0.381583316     0.090756141
     8.050000000     0.041419147     0.392462143     0.065661422
     8.060000000     0.028814956     0.402961116     0.045798773
     8.070000000     0.019330339     0.412941259     0.030779648
     8.080000000     0.012496468     0.422356221     0.019923272
     8.090000000     0.007781391     0.431208580     0.012416866
     8.100000000     0.004665509     0.439525083     0.007449341
     8.110000000     0.002692780     0.447343037     0.004301324
     8.120000000     0.001495816     0.454703026     0.002390041
     8.130000000     0.000799588     0.461645139     0.001277851
     8.140000000     0.000411258     0.468207154     0.000657336
     8.150000000     0.000203507     0.474423759     0.000325308
     8.160000000     0.000096879     0.480326350     0.000154872
     8.170000000     0.000044365     0.485943109     0.000070925
     8.180000000     0.000019542     0.491299222     0.000031243
     8.190000000     0.000008280     0.496417152     0.000013237
     8.200000000     0.000003374     0.501316927     0.000005394
     8.210000000     0.000001322     0.506016414     0.000002114
     8.220000000     0.000000498     0.510531568     0.000000797
     8.230000000     0.000000181     0.514876668     0.000000289
     8.240000000     0.000000063     0.519064511     0.000000101
     8.250000000     0.000000021     0.523106593     0.000000034
     8.260000000     0.000000007     0.527013268     0.000000011
     8.270000000     0.000000002     0.530793876     0.000000003
     8.280000000     0.000000001     0.534456868     0.000000001
     8.290000000     0.000000000     0.538009903     0.000000000
     8.300000000     0.000000000     0.541459941     0.000000000
     8.310000000     0.000000000     0.544813322     0.000000000
     8.320000000     0.000000000     0.548075830     0.000000000
     8.330000000     0.000000000     0.551252754     0.000000000
     8.340000000     0.000000000     0.554348943     0.000000000
     8.350000000     0.000000000     0.557368848     0.000000000
     8.360000000     0.000000000     0.560316565     0.000000000
     8.370000000     0.000000000     0.563195869     0.000000000
     8.380000000     0.000000000     0.566010245     0.000000000
     8.390000000     0.000000000     0.568762918     0.000000000
     8.400000000     0.000000000     0.571456875     0.000000000
     8.410000000     0.000000000     0.574094889     0.000000000
     8.420000000     0.000000000     0.576679538     0.000000000
     8.430000000     0.000000000     0.579213221     0.000000000
     8.440000000     0.000000000     0.581698175     0.000000000
     8.450000000     0.000000000     0.584136491     0.000000000
     8.460000000     0.000000000     0.586530120     0.000000000
     8.470000000     0.000000000     0.588880891     0.000000000
     8.480000000     0.000000000     0.591190520     0.000000000
     8.490000000     0.000000000     0.593460615     0.000000000
     8.500000000     0.000000000     0.595692689     0.000000000
     8.510000000     0.000000000     0.597888165     0.000000000
     8.520000000     0.000000000     0.600048383     0.000000000
     8.530000000     0.000000000     0.602174608     0.000000000
     8.540000000     0.000000000     0.604268034     0.000000000
     8.550000000     0.000000000     0.606329788     0.000000000
     8.560000000     0.000000000     0.608360938     0.000000000
     8.570000000     0.000000000     0.610362495     0.000000000
     8.580000000     0.000000000     0.612335415     0.000000000
     8.590000000     0.000000000     0.614280609     0.000000000
     8.600000000     0.000000000     0.616198940     0.000000000
     8.610000000     0.000000000     0.618091227     0.000000000
     8.620000000     0.000000000     0.619958251     0.000000000
     8.630000000     0.000000000     0.621800756     0.000000000
     8.640000000     0.000000000     0.623619450     0.000000000
     8.650000000     0.000000000     0.625415007     0.000000000
     8.660000000     0.000000000     0.627188073     0.000000000
     8.670000000     0.000000000     0.628939262     0.000000000
     8.680000000     0.000000000     0.630669163     0.000000000
     8.690000000     0.000000000     0.632378340     0.000000000
     8.700000000     0.000000000     0.634067329     0.000000000
     8.710000000     0.000000000     0.635736648     0.000000000
     8.720000000     0.000000000     0.637386790     0.000000000
     8.730000000     0.000000000     0.639018231     0.000000000
     8.740000000     0.000000000     0.640631424     0.000000000
     8.750000000     0.000000000     0.642226807     0.000000000
     8.760000000     0.000000000     0.643804799     0.000000000
     8.770000000     0.000000000     0.645365805     0.000000000
     8.780000000     0.000000000     0.646910212     0.000000000
     8.790000000     0.000000000     0.648438395     0.000000000
     8.800000000     0.000000000     0.649950712     0.000000000
     8.810000000     0.000000000     0.651447511     0.000000000
     8.820000000     0.000000000     0.652929127     0.000000000
     8.830000000     0.000000000     0.654395880     0.000000000
     8.840000000     0.000000000     0.655848083     0.000000000
     8.850000000     0.000000000     0.657286035     0.000000000
     8.860000000     0.000000000     0.658710027     0.000000000
     8.870000000     0.000000000     0.660120339     0.000000000
     8.880000000     0.000000000     0.661517242     0.000000000
     8.890000000     0.000000000     0.662900999     0.000000000
     8.900000000     0.000000000     0.664271862     0.000000000
     8.910000000     0.000000000     0.665630077     0.000000000
     8.920000000     0.000000000     0.666975883     0.000000000
     8.930000000     0.000000000     0.668309509     0.000000000
     8.940000000     0.000000000     0.669631179     0.000000000
     8.950000000     0.000000000     0.670941109     0.000000000
     8.960000000     0.000000000     0.672239509     0.000000000
     8.970000000     0.000000000     0.673526583     0.000000000
     8.980000000     0.000000000     0.674802528     0.000000000
     8.990000000     0.000000000     0.676067538     0.000000000
     9.000000000     0.000000000     0.677321798     0.000000000
