 # Column 1: omega
 # Column 2: eps2(omega)
 # Column 3: eps1(omega)
 # Column 4: JDOS(omega)
     0.000000000     0.000000000     2.153165414     0.000000000
     0.010000000     0.000000000     2.153179175     0.000000000
     0.020000000     0.000000000     2.153220460     0.000000000
     0.030000000     0.000000000     2.153289279     0.000000000
     0.040000000     0.000000000     2.153385650     0.000000000
     0.050000000     0.000000000     2.153509596     0.000000000
     0.060000000     0.000000000     2.153661148     0.000000000
     0.070000000     0.000000000     2.153840343     0.000000000
     0.080000000     0.000000000     2.154047227     0.000000000
     0.090000000     0.000000000     2.154281850     0.000000000
     0.100000000     0.000000000     2.154544271     0.000000000
     0.110000000     0.000000000     2.154834555     0.000000000
     0.120000000     0.000000000     2.155152774     0.000000000
     0.130000000     0.000000000     2.155499009     0.000000000
     0.140000000     0.000000000     2.155873346     0.000000000
     0.150000000     0.000000000     2.156275879     0.000000000
     0.160000000     0.000000000     2.156706710     0.000000000
     0.170000000     0.000000000     2.157165947     0.000000000
     0.180000000     0.000000000     2.157653708     0.000000000
     0.190000000     0.000000000     2.158170115     0.000000000
     0.200000000     0.000000000     2.158715301     0.000000000
     0.210000000     0.000000000     2.159289407     0.000000000
     0.220000000     0.000000000     2.159892578     0.000000000
     0.230000000     0.000000000     2.160524972     0.000000000
     0.240000000     0.000000000     2.161186753     0.000000000
     0.250000000     0.000000000     2.161878092     0.000000000
     0.260000000     0.000000000     2.162599171     0.000000000
     0.270000000     0.000000000     2.163350179     0.000000000
     0.280000000     0.000000000     2.164131316     0.000000000
     0.290000000     0.000000000     2.164942789     0.000000000
     0.300000000     0.000000000     2.165784814     0.000000000
     0.310000000     0.000000000     2.166657619     0.000000000
     0.320000000     0.000000000     2.167561440     0.000000000
     0.330000000     0.000000000     2.168496522     0.000000000
     0.340000000     0.000000000     2.169463121     0.000000000
     0.350000000     0.000000000     2.170461505     0.000000000
     0.360000000     0.000000000     2.171491949     0.000000000
     0.370000000     0.000000000     2.172554743     0.000000000
     0.380000000     0.000000000     2.173650186     0.000000000
     0.390000000     0.000000000     2.174778588     0.000000000
     0.400000000     0.000000000     2.175940272     0.000000000
     0.410000000     0.000000000     2.177135572     0.000000000
     0.420000000     0.000000000     2.178364837     0.000000000
     0.430000000     0.000000000     2.179628425     0.000000000
     0.440000000     0.000000000     2.180926710     0.000000000
     0.450000000     0.000000000     2.182260079     0.000000000
     0.460000000     0.000000000     2.183628932     0.000000000
     0.470000000     0.000000000     2.185033687     0.000000000
     0.480000000     0.000000000     2.186474772     0.000000000
     0.490000000     0.000000000     2.187952633     0.000000000
     0.500000000     0.000000000     2.189467733     0.000000000
     0.510000000     0.000000000     2.191020549     0.000000000
     0.520000000     0.000000000     2.192611577     0.000000000
     0.530000000     0.000000000     2.194241329     0.000000000
     0.540000000     0.000000000     2.195910338     0.000000000
     0.550000000     0.000000000     2.197619152     0.000000000
     0.560000000     0.000000000     2.199368342     0.000000000
     0.570000000     0.000000000     2.201158497     0.000000000
     0.580000000     0.000000000     2.202990228     0.000000000
     0.590000000     0.000000000     2.204864169     0.000000000
     0.600000000     0.000000000     2.206780974     0.000000000
     0.610000000     0.000000000     2.208741324     0.000000000
     0.620000000     0.000000000     2.210745920     0.000000000
     0.630000000     0.000000000     2.212795493     0.000000000
     0.640000000     0.000000000     2.214890797     0.000000000
     0.650000000     0.000000000     2.217032617     0.000000000
     0.660000000     0.000000000     2.219221763     0.000000000
     0.670000000     0.000000000     2.221459077     0.000000000
     0.680000000     0.000000000     2.223745433     0.000000000
     0.690000000     0.000000000     2.226081736     0.000000000
     0.700000000     0.000000000     2.228468924     0.000000000
     0.710000000     0.000000000     2.230907974     0.000000000
     0.720000000     0.000000000     2.233399897     0.000000000
     0.730000000     0.000000000     2.235945743     0.000000000
     0.740000000     0.000000000     2.238546603     0.000000000
     0.750000000     0.000000000     2.241203612     0.000000000
     0.760000000     0.000000000     2.243917947     0.000000000
     0.770000000     0.000000000     2.246690832     0.000000000
     0.780000000     0.000000000     2.249523541     0.000000000
     0.790000000     0.000000000     2.252417397     0.000000000
     0.800000000     0.000000000     2.255373778     0.000000000
     0.810000000     0.000000000     2.258394119     0.000000000
     0.820000000     0.000000000     2.261479912     0.000000000
     0.830000000     0.000000000     2.264632713     0.000000000
     0.840000000     0.000000000     2.267854143     0.000000000
     0.850000000     0.000000000     2.271145892     0.000000000
     0.860000000     0.000000000     2.274509721     0.000000000
     0.870000000     0.000000000     2.277947470     0.000000000
     0.880000000     0.000000000     2.281461057     0.000000000
     0.890000000     0.000000000     2.285052487     0.000000000
     0.900000000     0.000000000     2.288723855     0.000000000
     0.910000000     0.000000000     2.292477350     0.000000000
     0.920000000     0.000000000     2.296315261     0.000000000
     0.930000000     0.000000000     2.300239984     0.000000000
     0.940000000     0.000000000     2.304254028     0.000000000
     0.950000000     0.000000000     2.308360021     0.000000000
     0.960000000     0.000000000     2.312560717     0.000000000
     0.970000000     0.000000000     2.316859005     0.000000000
     0.980000000     0.000000000     2.321257916     0.000000000
     0.990000000     0.000000000     2.325760634     0.000000000
     1.000000000     0.000000000     2.330370504     0.000000000
     1.010000000     0.000000000     2.335091042     0.000000000
     1.020000000     0.000000000     2.339925948     0.000000000
     1.030000000     0.000000000     2.344879119     0.000000000
     1.040000000     0.000000000     2.349954659     0.000000000
     1.050000000     0.000000000     2.355156895     0.000000000
     1.060000000     0.000000000     2.360490396     0.000000000
     1.070000000     0.000000000     2.365959982     0.000000000
     1.080000000     0.000000000     2.371570752     0.000000000
     1.090000000     0.000000000     2.377328096     0.000000000
     1.100000000     0.000000000     2.383237722     0.000000000
     1.110000000     0.000000000     2.389305676     0.000000000
     1.120000000     0.000000000     2.395538372     0.000000000
     1.130000000     0.000000000     2.401942618     0.000000000
     1.140000000     0.000000000     2.408525646     0.000000000
     1.150000000     0.000000000     2.415295150     0.000000000
     1.160000000     0.000000000     2.422259319     0.000000000
     1.170000000     0.000000000     2.429426882     0.000000000
     1.180000000     0.000000000     2.436807153     0.000000000
     1.190000000     0.000000000     2.444410077     0.000000000
     1.200000000     0.000000000     2.452246292     0.000000000
     1.210000000     0.000000000     2.460327182     0.000000000
     1.220000000     0.000000000     2.468664955     0.000000000
     1.230000000     0.000000000     2.477272708     0.000000000
     1.240000000     0.000000000     2.486164519     0.000000000
     1.250000000     0.000000000     2.495355534     0.000000000
     1.260000000     0.000000000     2.504862075     0.000000000
     1.270000000     0.000000000     2.514701755     0.000000000
     1.280000000     0.000000000     2.524893606     0.000000000
     1.290000000     0.000000000     2.535458229     0.000000000
     1.300000000     0.000000000     2.546417956     0.000000000
     1.310000000     0.000000000     2.557797033     0.000000000
     1.320000000     0.000000000     2.569621831     0.000000000
     1.330000000     0.000000000     2.581921083     0.000000000
     1.340000000     0.000000000     2.594726146     0.000000000
     1.350000000     0.000000000     2.608071311     0.000000000
     1.360000000     0.000000000     2.621994142     0.000000000
     1.370000000     0.000000000     2.636535875     0.000000000
     1.380000000     0.000000000     2.651741866     0.000000000
     1.390000000     0.000000000     2.667662105     0.000000000
     1.400000000     0.000000001     2.684351810     0.000000000
     1.410000000     0.000000002     2.701872106     0.000000000
     1.420000000     0.000000009     2.720290805     0.000000000
     1.430000000     0.000000031     2.739683314     0.000000000
     1.440000000     0.000000103     2.760133676     0.000000001
     1.450000000     0.000000330     2.781735773     0.000000003
     1.460000000     0.000001016     2.804594722     0.000000009
     1.470000000     0.000003005     2.828828485     0.000000026
     1.480000000     0.000008540     2.854569724     0.000000074
     1.490000000     0.000023317     2.881967934     0.000000203
     1.500000000     0.000061166     2.911191884     0.000000532
     1.510000000     0.000154162     2.942432369     0.000001340
     1.520000000     0.000373312     2.975905283     0.000003245
     1.530000000     0.000868549     3.011854950     0.000007549
     1.540000000     0.001941533     3.050557585     0.000016875
     1.550000000     0.004169879     3.092324591     0.000036242
     1.560000000     0.008604591     3.137505151     0.000074786
     1.570000000     0.017059459     3.186487072     0.000148270
     1.580000000     0.032495895     3.239694039     0.000282434
     1.590000000     0.059473018     3.297575907     0.000516902
     1.600000000     0.104577839     3.360586073     0.000908925
     1.610000000     0.176680072     3.429135239     0.001535592
     1.620000000     0.286789797     3.503502470     0.002492596
     1.630000000     0.447268224     3.583669381     0.003887374
     1.640000000     0.670194123     3.669016567     0.005824905
     1.650000000     0.964853564     3.757775306     0.008385900
     1.660000000     1.334597835     3.846053166     0.011599484
     1.670000000     1.773648875     3.926151315     0.015415439
     1.680000000     2.264712620     3.983825328     0.019683456
     1.690000000     2.778348840     3.994383268     0.024147658
     1.700000000     3.274829299     3.918886748     0.028462754
     1.710000000     3.708675043     3.705747289     0.032233468
     1.720000000     4.035311983     3.309277061     0.035072390
     1.730000000     4.218554587     2.732937823     0.036665020
     1.740000000     4.237194988     2.067826322     0.036827030
     1.750000000     4.089040832     1.461152197     0.035539368
     1.760000000     3.791339412     1.022386186     0.032951934
     1.770000000     3.377474700     0.772464521     0.029354883
     1.780000000     2.890811436     0.672125077     0.025125112
     1.790000000     2.377254316     0.668621987     0.020661597
     1.800000000     1.878277454     0.719719223     0.016324805
     1.810000000     1.425844180     0.797847085     0.012392540
     1.820000000     1.039950361     0.886827851     0.009038594
     1.830000000     0.728754708     0.977800100     0.006333877
     1.840000000     0.490657405     1.066210657     0.004264485
     1.850000000     0.317397544     1.149928531     0.002758620
     1.860000000     0.197268157     1.228142347     0.001714531
     1.870000000     0.117798194     1.300736931     0.001023828
     1.880000000     0.067584717     1.367947108     0.000587404
     1.890000000     0.037255173     1.430168009     0.000323799
     1.900000000     0.019731173     1.487852842     0.000171491
     1.910000000     0.010040317     1.541459296     0.000087264
     1.920000000     0.004908742     1.591422864     0.000042664
     1.930000000     0.002305797     1.638144949     0.000020041
     1.940000000     0.001040640     1.681988956     0.000009045
     1.950000000     0.000451240     1.723280576     0.000003922
     1.960000000     0.000187994     1.762310123     0.000001634
     1.970000000     0.000075250     1.799335770     0.000000654
     1.980000000     0.000028940     1.834587039     0.000000252
     1.990000000     0.000010693     1.868268209     0.000000093
     2.000000000     0.000003796     1.900561493     0.000000033
     2.010000000     0.000001295     1.931629906     0.000000011
     2.020000000     0.000000424     1.961619826     0.000000004
     2.030000000     0.000000134     1.990663239     0.000000001
     2.040000000     0.000000040     2.018879717     0.000000000
     2.050000000     0.000000012     2.046378143     0.000000000
     2.060000000     0.000000003     2.073258219     0.000000000
     2.070000000     0.000000001     2.099611796     0.000000000
     2.080000000     0.000000000     2.125524029     0.000000000
     2.090000000     0.000000000     2.151074417     0.000000000
     2.100000000     0.000000000     2.176337711     0.000000000
     2.110000000     0.000000000     2.201384743     0.000000000
     2.120000000     0.000000000     2.226283166     0.000000000
     2.130000000     0.000000000     2.251098136     0.000000000
     2.140000000     0.000000000     2.275892945     0.000000000
     2.150000000     0.000000000     2.300729619     0.000000000
     2.160000000     0.000000000     2.325669478     0.000000000
     2.170000000     0.000000000     2.350773694     0.000000000
     2.180000000     0.000000000     2.376103829     0.000000000
     2.190000000     0.000000000     2.401722385     0.000000000
     2.200000000     0.000000000     2.427693363     0.000000000
     2.210000000     0.000000000     2.454082838     0.000000000
     2.220000000     0.000000000     2.480959576     0.000000000
     2.230000000     0.000000000     2.508395685     0.000000000
     2.240000000     0.000000000     2.536467327     0.000000000
     2.250000000     0.000000000     2.565255495     0.000000000
     2.260000000     0.000000000     2.594846875     0.000000000
     2.270000000     0.000000001     2.625334808     0.000000000
     2.280000000     0.000000006     2.656820375     0.000000000
     2.290000000     0.000000020     2.689413620     0.000000001
     2.300000000     0.000000067     2.723234952     0.000000003
     2.310000000     0.000000221     2.758416731     0.000000008
     2.320000000     0.000000699     2.795105103     0.000000026
     2.330000000     0.000002119     2.833462094     0.000000079
     2.340000000     0.000006175     2.873668021     0.000000231
     2.350000000     0.000017291     2.915924255     0.000000646
     2.360000000     0.000046517     2.960456386     0.000001739
     2.370000000     0.000120237     3.007517809     0.000004495
     2.380000000     0.000298599     3.057393759     0.000011165
     2.390000000     0.000712475     3.110405767     0.000026644
     2.400000000     0.001633347     3.166916415     0.000061088
     2.410000000     0.003597626     3.227334158     0.000134568
     2.420000000     0.007613459     3.292117692     0.000284811
     2.430000000     0.015480199     3.361778905     0.000579164
     2.440000000     0.030241239     3.436882615     0.001131552
     2.450000000     0.056761140     3.518039890     0.002124105
     2.460000000     0.102360204     3.605889175     0.003830946
     2.470000000     0.177353464     3.701054921     0.006638417
     2.480000000     0.295241026     3.804065322     0.011052269
     2.490000000     0.472217673     3.915196211     0.017679375
     2.500000000     0.725665149     4.034182274     0.027171325
     2.510000000     1.071417648     4.159691026     0.040122060
     2.520000000     1.519881835     4.288377683     0.056922517
     2.530000000     2.071521059     4.413219673     0.077591374
     2.540000000     2.712672599     4.520688453     0.101618146
     2.550000000     3.412981293     4.586310739     0.127866733
     2.560000000     4.125712251     4.568895564     0.154586778
     2.570000000     4.791731348     4.406709645     0.179562481
     2.580000000     5.347052975     4.026166600     0.200395206
     2.590000000     5.732776521     3.380573536     0.214875813
     2.600000000     5.905328166     2.516817417     0.221368700
     2.610000000     5.844556497     1.602415712     0.219115637
     2.620000000     5.557603826     0.838109076     0.208381426
     2.630000000     5.077525440     0.332132054     0.190402705
     2.640000000     4.457025622     0.074651143     0.167153586
     2.650000000     3.758950899    -0.002137443     0.140989496
     2.660000000     3.045907248     0.031788696     0.114257915
     2.670000000     2.371347471     0.125393591     0.088964001
     2.680000000     1.773790056     0.246876379     0.066553483
     2.690000000     1.274787322     0.378092172     0.047836099
     2.700000000     0.880241328     0.509329065     0.033034610
     2.710000000     0.583975025     0.635742792     0.021918514
     2.720000000     0.372233359     0.755192376     0.013972737
     2.730000000     0.227963234     0.866993810     0.008558159
     2.740000000     0.134135220     0.971220832     0.005036255
     2.750000000     0.075831447     1.068318611     0.002847498
     2.760000000     0.041189295     1.158893261     0.001546849
     2.770000000     0.021495516     1.243599411     0.000807348
     2.780000000     0.010778042     1.323082210     0.000404857
     2.790000000     0.005192307     1.397949410     0.000195061
     2.800000000     0.002403308     1.468759898     0.000090296
     2.810000000     0.001068777     1.536021037     0.000040160
     2.820000000     0.000456660     1.600190561     0.000017161
     2.830000000     0.000187468     1.661680652     0.000007046
     2.840000000     0.000073942     1.720862882     0.000002779
     2.850000000     0.000028021     1.778073351     0.000001053
     2.860000000     0.000010202     1.833617636     0.000000384
     2.870000000     0.000003569     1.887775429     0.000000134
     2.880000000     0.000001200     1.940804774     0.000000045
     2.890000000     0.000000388     1.992945944     0.000000015
     2.900000000     0.000000121     2.044424967     0.000000005
     2.910000000     0.000000038     2.095456866     0.000000001
     2.920000000     0.000000019     2.146248670     0.000000001
     2.930000000     0.000000033     2.197002249     0.000000002
     2.940000000     0.000000102     2.247917032     0.000000006
     2.950000000     0.000000325     2.299192671     0.000000018
     2.960000000     0.000000999     2.351031706     0.000000056
     2.970000000     0.000002950     2.403642275     0.000000164
     2.980000000     0.000008368     2.457240941     0.000000466
     2.990000000     0.000022805     2.512055671     0.000001271
     3.000000000     0.000059716     2.568329019     0.000003327
     3.010000000     0.000150238     2.626321536     0.000008371
     3.020000000     0.000363159     2.686315433     0.000020235
     3.030000000     0.000843414     2.748618436     0.000046996
     3.040000000     0.001881970     2.813567734     0.000104865
     3.050000000     0.004034716     2.881533749     0.000224817
     3.060000000     0.008310775     2.952923210     0.000463082
     3.070000000     0.016447439     3.028180555     0.000916462
     3.080000000     0.031273988     3.107785877     0.001742607
     3.090000000     0.057134241     3.192246229     0.003183558
     3.100000000     0.100285439     3.282074537     0.005587971
     3.110000000     0.169124886     3.377745897     0.009423750
     3.120000000     0.274034586     3.479612917     0.015269388
     3.130000000     0.426610424     3.587747316     0.023771014
     3.140000000     0.638095630     3.701649321     0.035555110
     3.150000000     0.916997830     3.819722293     0.051095725
     3.160000000     1.266132296     3.938339057     0.070549729
     3.170000000     1.679647447     4.050231532     0.093591071
     3.180000000     2.140846435     4.141878544     0.119289398
     3.190000000     2.621690287     4.189818714     0.146082375
     3.200000000     3.084651482     4.157177156     0.171878992
     3.210000000     3.487068829     3.995602689     0.194302253
     3.220000000     3.787447710     3.663632788     0.211040330
     3.230000000     3.952475852     3.167955300     0.220237689
     3.240000000     3.963140586     2.597783380     0.220836367
     3.250000000     3.818422323     2.091632701     0.212782592
     3.260000000     3.535619963     1.749022674     0.197046418
     3.270000000     3.147265810     1.586521867     0.175452433
     3.280000000     2.695508291     1.566482966     0.150370997
     3.290000000     2.225467501     1.640237780     0.124354432
     3.300000000     1.779203510     1.769482753     0.099809892
     3.310000000     1.391569050     1.929622892     0.078779596
     3.320000000     1.088511309     2.106558327     0.062858721
     3.330000000     0.887601801     2.292839839     0.053236042
     3.340000000     0.799959406     2.484792245     0.050806541
     3.350000000     0.832448961     2.680577529     0.056288190
     3.360000000     0.989123808     2.878800162     0.070279645
     3.370000000     1.271266611     3.077239820     0.093218825
     3.380000000     1.675934622     3.271308385     0.125237087
     3.390000000     2.193476435     3.451813582     0.165941081
     3.400000000     2.804909514     3.601696626     0.214184705
     3.410000000     3.480218618     3.692047758     0.267908613
     3.420000000     4.178499327     3.679858705     0.324118914
     3.430000000     4.850449940     3.514156788     0.379049547
     3.440000000     5.443113114     3.158670812     0.428509981
     3.450000000     5.906151057     2.625144322     0.468372274
     3.460000000     6.198484470     1.985138556     0.495112483
     3.470000000     6.293969189     1.333384874     0.506302427
     3.480000000     6.184967633     0.730229985     0.500954280
     3.490000000     5.883132696     0.189610172     0.479650634
     3.500000000     5.417321979    -0.275697311     0.444437746
     3.510000000     4.829137656    -0.626906316     0.398507926
     3.520000000     4.167007214    -0.831154675     0.345736709
     3.530000000     3.479907268    -0.894533846     0.290163402
     3.540000000     2.811777625    -0.853018096     0.235506283
     3.550000000     2.197420140    -0.747235027     0.184787601
     3.560000000     1.660304515    -0.608460107     0.140113956
     3.570000000     1.212301925    -0.456650698     0.102622513
     3.580000000     0.855022764    -0.303186090     0.072571158
     3.590000000     0.582210683    -0.153994206     0.049528119
     3.600000000     0.382571145    -0.011826507     0.032607370
     3.610000000     0.242479263     0.122322806     0.020700129
     3.620000000     0.148176229     0.248390570     0.012666339
     3.630000000     0.087266590     0.366780430     0.007467743
     3.640000000     0.049513226     0.478107861     0.004240728
     3.650000000     0.027055232     0.583063171     0.002318839
     3.660000000     0.014233313     0.682340204     0.001220561
     3.670000000     0.007207219     0.776601340     0.000618300
     3.680000000     0.003511819     0.866462347     0.000301367
     3.690000000     0.001646295     0.952487909     0.000141307
     3.700000000     0.000742359     1.035192729     0.000063728
     3.710000000     0.000321945     1.115045365     0.000027640
     3.720000000     0.000134261     1.192473265     0.000011527
     3.730000000     0.000053835     1.267868142     0.000004622
     3.740000000     0.000020753     1.341591297     0.000001782
     3.750000000     0.000007691     1.413978660     0.000000660
     3.760000000     0.000002740     1.485345508     0.000000235
     3.770000000     0.000000938     1.555990839     0.000000081
     3.780000000     0.000000309     1.626201447     0.000000027
     3.790000000     0.000000098     1.696255753     0.000000008
     3.800000000     0.000000032     1.766427463     0.000000003
     3.810000000     0.000000019     1.836989101     0.000000002
     3.820000000     0.000000037     1.908215524     0.000000004
     3.830000000     0.000000117     1.980387453     0.000000011
     3.840000000     0.000000375     2.053795129     0.000000036
     3.850000000     0.000001163     2.128742148     0.000000113
     3.860000000     0.000003467     2.205549564     0.000000337
     3.870000000     0.000009940     2.284560340     0.000000966
     3.880000000     0.000027393     2.366144237     0.000002661
     3.890000000     0.000072581     2.450703201     0.000007050
     3.900000000     0.000184898     2.538677333     0.000017960
     3.910000000     0.000452890     2.630551467     0.000043991
     3.920000000     0.001066658     2.726862339     0.000103609
     3.930000000     0.002415744     2.828206213     0.000234651
     3.940000000     0.005261293     2.935246614     0.000511052
     3.950000000     0.011019769     3.048721482     0.001070397
     3.960000000     0.022198021     3.169448361     0.002156187
     3.970000000     0.043007229     3.298325119     0.004177473
     3.980000000     0.080145298     3.436321617     0.007784850
     3.990000000     0.143664056     3.584454129     0.013954695
     4.000000000     0.247728371     3.743727806     0.024062900
     4.010000000     0.410946020     3.915020925     0.039916917
     4.020000000     0.655841182     4.098863905     0.063704616
     4.030000000     1.007025183     4.295029243     0.097816596
     4.040000000     1.487756249     4.501784362     0.144512030
     4.050000000     2.114920651     4.714553158     0.205431150
     4.060000000     2.892990595     4.923577202     0.281008365
     4.070000000     3.808105662     5.110017658     0.369897360
     4.080000000     4.823882967     5.240078592     0.468564127
     4.090000000     5.880651315     5.258080915     0.571212594
     4.100000000     6.899354096     5.083860512     0.670163758
     4.110000000     7.790367157     4.627889418     0.756712275
     4.120000000     8.466145548     3.837904740     0.822355033
     4.130000000     8.855349187     2.758460948     0.860163513
     4.140000000     8.915361117     1.543324699     0.866000227
     4.150000000     8.640234180     0.400119366     0.839291442
     4.160000000     8.062128662    -0.490172877     0.783168115
     4.170000000     7.245946498    -1.042581092     0.703946560
     4.180000000     6.278597796    -1.281409974     0.610088277
     4.190000000     5.255584598    -1.289922669     0.510899533
     4.200000000     4.267969813    -1.154395054     0.415268076
     4.210000000     3.392256520    -0.938973558     0.330681253
     4.220000000     2.684504979    -0.684177990     0.262653064
     4.230000000     2.178635293    -0.413490815     0.214553605
     4.240000000     1.887785682    -0.140186663     0.187730065
     4.250000000     1.807136086     0.127481203     0.181764908
     4.260000000     1.916820538     0.382369023     0.194739388
     4.270000000     2.184246333     0.614928535     0.223440035
     4.280000000     2.565966832     0.809278221     0.263527809
     4.290000000     3.009854971     0.938590619     0.309748137
     4.300000000     3.458449169     0.961430627     0.356270466
     4.310000000     3.853946504     0.825488917     0.397203845
     4.320000000     4.144568561     0.491134167     0.427257667
     4.330000000     4.291241078    -0.021674856     0.442436396
     4.340000000     4.273051444    -0.603390411     0.440608753
     4.350000000     4.090004776    -1.104114850     0.421798437
     4.360000000     3.762204019    -1.428845830     0.388106335
     4.370000000     3.325525219    -1.571599207     0.343271812
     4.380000000     2.824803794    -1.577444085     0.291977807
     4.390000000     2.306157851    -1.498270276     0.239066709
     4.400000000     1.810160592    -1.373418495     0.188841871
     4.410000000     1.367154577    -1.227799393     0.144585393
     4.420000000     0.995274209    -1.075687762     0.108347305
     4.430000000     0.700986712    -0.924694150     0.080983789
     4.440000000     0.481415000    -0.778574065     0.062367685
     4.450000000     0.327487347    -0.638970959     0.051675623
     4.460000000     0.227051425    -0.506451729     0.047670351
     4.470000000     0.167379704    -0.381132271     0.048930668
     4.480000000     0.136834656    -0.263085767     0.054017950
     4.490000000     0.125738692    -0.152625901     0.061593393
     4.500000000     0.126647652    -0.050425957     0.070507424
     4.510000000     0.134258963     0.042759770     0.079873882
     4.520000000     0.145136399     0.127068674     0.089124673
     4.530000000     0.157354873     0.204786431     0.098026277
     4.540000000     0.170104269     0.280178191     0.106636428
     4.550000000     0.183263080     0.357118079     0.115191074
     4.560000000     0.196960577     0.436951710     0.123934941
     4.570000000     0.211173386     0.518579596     0.132934426
     4.580000000     0.225425473     0.599570092     0.141927793
     4.590000000     0.238660282     0.676846617     0.150265758
     4.600000000     0.249323249     0.747066925     0.156973338
     4.610000000     0.255640050     0.807693320     0.160927584
     4.620000000     0.256020312     0.859343954     0.161107964
     4.630000000     0.249480880     0.907669899     0.156851057
     4.640000000     0.235983325     0.961206833     0.148038695
     4.650000000     0.216619523     1.026125646     0.135170052
     4.660000000     0.193643724     1.103754649     0.119305761
     4.670000000     0.170415485     1.192343121     0.101911887
     4.680000000     0.151358484     1.289584361     0.084659460
     4.690000000     0.142035435     1.393833813     0.069241965
     4.700000000     0.149381526     1.504275861     0.057257574
     4.710000000     0.182036451     1.620704373     0.050171569
     4.720000000     0.250592275     1.743244706     0.049338440
     4.730000000     0.367469500     1.872085268     0.056034713
     4.740000000     0.546094551     2.007176854     0.071442034
     4.750000000     0.799125186     2.147807109     0.096530509
     4.760000000     1.135683640     2.291904874     0.131824203
     4.770000000     1.557895649     2.434847644     0.177077502
     4.780000000     2.057421988     2.567438324     0.230940272
     4.790000000     2.612975332     2.672674890     0.290724883
     4.800000000     3.189884116     2.721325399     0.352392732
     4.810000000     3.742482322     2.668158031     0.410841837
     4.820000000     4.219465732     2.455544800     0.460503464
     4.830000000     4.571506376     2.037375973     0.496162789
     4.840000000     4.759627474     1.428111470     0.513836811
     4.850000000     4.762413768     0.738439874     0.511503484
     4.860000000     4.580273587     0.131065930     0.489498875
     4.870000000     4.235686014    -0.280880172     0.450481540
     4.880000000     3.769440987    -0.480909242     0.398979453
     4.890000000     3.233945615    -0.514541488     0.340645063
     4.900000000     2.685358018    -0.439473603     0.281410785
     4.910000000     2.176400450    -0.301037655     0.226739612
     4.920000000     1.751207313    -0.128474744     0.181107751
     4.930000000     1.442706699     0.061186195     0.147763534
     4.940000000     1.272154739     0.258487098     0.128715234
     4.950000000     1.249855491     0.457959885     0.124841472
     4.960000000     1.375986071     0.655507109     0.136008813
     4.970000000     1.640802244     0.846173182     0.161119728
     4.980000000     2.024150579     1.021673575     0.198081757
     4.990000000     2.494885997     1.167091920     0.243757510
     5.000000000     3.011209370     1.256503750     0.293997360
     5.010000000     3.522909643     1.248813968     0.343854018
     5.020000000     3.975990370     1.089442948     0.388028385
     5.030000000     4.319336440     0.730209569     0.421514744
     5.040000000     4.512228751     0.175611636     0.440329758
     5.050000000     4.530975646    -0.476177824     0.442156526
     5.060000000     4.372938436    -1.067314467     0.426735466
     5.070000000     4.056822393    -1.480636064     0.395891619
     5.080000000     3.619094325    -1.693650111     0.353184544
     5.090000000     3.107426949    -1.748056025     0.303268432
     5.100000000     2.572796797    -1.699862651     0.251120971
     5.110000000     2.062047207    -1.593846855     0.201317589
     5.120000000     1.612358800    -1.459183647     0.157491661
     5.130000000     1.248338729    -1.313008516     0.122049971
     5.140000000     0.981644824    -1.164868873     0.096135162
     5.150000000     0.812475352    -1.020112584     0.079769911
     5.160000000     0.732027632    -0.882215863     0.072095481
     5.170000000     0.725147058    -0.754496528     0.071629091
     5.180000000     0.772715330    -0.641621360     0.076496575
     5.190000000     0.853678568    -0.551065476     0.084631297
     5.200000000     0.946842081    -0.494014977     0.093952404
     5.210000000     1.032594436    -0.483758469     0.102539024
     5.220000000     1.094600758    -0.528295247     0.108805155
     5.230000000     1.121321576    -0.617746124     0.111662301
     5.240000000     1.107081685    -0.719580535     0.110644253
     5.250000000     1.052409726    -0.795509713     0.105968050
     5.260000000     0.963503559    -0.825067456     0.098517363
     5.270000000     0.850893455    -0.809998705     0.089753263
     5.280000000     0.727583294    -0.762780474     0.081573154
     5.290000000     0.607065100    -0.696203745     0.076143532
     5.300000000     0.501584055    -0.619508019     0.075723823
     5.310000000     0.420897701    -0.538396426     0.082481668
     5.320000000     0.371588194    -0.456149890     0.098284910
     5.330000000     0.356828535    -0.374711060     0.124453445
     5.340000000     0.376430750    -0.295537667     0.161471518
     5.350000000     0.427031037    -0.220331038     0.208695419
     5.360000000     0.502363510    -0.151799767     0.264130269
     5.370000000     0.593680634    -0.094554369     0.324373633
     5.380000000     0.690433939    -0.055953101     0.384815121
     5.390000000     0.781297548    -0.045969230     0.440131924
     5.400000000     0.855505264    -0.074006080     0.485038756
     5.410000000     0.904324672    -0.141152729     0.515161542
     5.420000000     0.922374937    -0.232450995     0.527840811
     5.430000000     0.908467009    -0.320144768     0.522661788
     5.440000000     0.865730247    -0.379335004     0.501564542
     5.450000000     0.800966159    -0.400563853     0.468495579
     5.460000000     0.723377606    -0.388639913     0.428687108
     5.470000000     0.642985788    -0.354200832     0.387749039
     5.480000000     0.569109472    -0.307517860     0.350797501
     5.490000000     0.509222739    -0.256626172     0.321810701
     5.500000000     0.468356195    -0.207648878     0.303313094
     5.510000000     0.449022390    -0.165170197     0.296377204
     5.520000000     0.451497631    -0.131464931     0.300840029
     5.530000000     0.474229867    -0.105014586     0.315589599
     5.540000000     0.514180034    -0.081048253     0.338797385
     5.550000000     0.567016924    -0.055696293     0.368040468
     5.560000000     0.627219429    -0.030119249     0.400341608
     5.570000000     0.688234624    -0.011039376     0.432218257
     5.580000000     0.742852678    -0.008753202     0.459845146
     5.590000000     0.783882604    -0.033644338     0.479392758
     5.600000000     0.805077817    -0.090052485     0.487523534
     5.610000000     0.802125475    -0.169373966     0.481943983
     5.620000000     0.773438733    -0.250468758     0.461861204
     5.630000000     0.720512167    -0.311308497     0.428199846
     5.640000000     0.647713773    -0.341281020     0.383499092
     5.650000000     0.561549560    -0.342529152     0.331504243
     5.660000000     0.469587404    -0.323223598     0.276557224
     5.670000000     0.379310909    -0.291551400     0.222941728
     5.680000000     0.297166193    -0.253427598     0.174336138
     5.690000000     0.227975994    -0.212497909     0.133476911
     5.700000000     0.174765461    -0.170805377     0.102059614
     5.710000000     0.138921274    -0.129418680     0.080833114
     5.720000000     0.120529226    -0.088874843     0.069797526
     5.730000000     0.118722671    -0.049473361     0.068408675
     5.740000000     0.131919065    -0.011491436     0.075717695
     5.750000000     0.157901397     0.024614601     0.090420338
     5.760000000     0.193784978     0.057963755     0.110839045
     5.770000000     0.235969724     0.086917566     0.134895332
     5.780000000     0.280194792     0.108685785     0.160139822
     5.790000000     0.321781405     0.119133880     0.183889465
     5.800000000     0.356081290     0.113576190     0.203482312
     5.810000000     0.379065850     0.089685421     0.216612939
     5.820000000     0.387924502     0.051876663     0.221673443
     5.830000000     0.381515134     0.012104146     0.218010214
     5.840000000     0.360536836    -0.016880326     0.206022252
     5.850000000     0.327367327    -0.029203075     0.187068030
     5.860000000     0.285599708    -0.026345128     0.163200655
     5.870000000     0.239393366    -0.012908275     0.136796884
     5.880000000     0.192795234     0.006710487     0.110169244
     5.890000000     0.149179586     0.029413416     0.085245893
     5.900000000     0.110904975     0.053314063     0.063374580
     5.910000000     0.079217478     0.077360361     0.045267350
     5.920000000     0.054364985     0.101007791     0.031065857
     5.930000000     0.035846419     0.124001920     0.020483768
     5.940000000     0.022709131     0.146247920     0.012976710
     5.950000000     0.013822401     0.167735924     0.007898553
     5.960000000     0.008083411     0.188499342     0.004619115
     5.970000000     0.004541864     0.208591973     0.002595363
     5.980000000     0.002451894     0.228075634     0.001401089
     5.990000000     0.001271738     0.247013651     0.000726711
     6.000000000     0.000633755     0.265467607     0.000362148
     6.010000000     0.000303441     0.283495864     0.000173396
     6.020000000     0.000139590     0.301153068     0.000079766
     6.030000000     0.000061697     0.318490168     0.000035256
     6.040000000     0.000026200     0.335554698     0.000014971
     6.050000000     0.000010690     0.352391183     0.000006108
     6.060000000     0.000004190     0.369041592     0.000002395
     6.070000000     0.000001578     0.385545802     0.000000902
     6.080000000     0.000000571     0.401942045     0.000000326
     6.090000000     0.000000199     0.418267349     0.000000113
     6.100000000     0.000000066     0.434557949     0.000000038
     6.110000000     0.000000021     0.450849690     0.000000012
     6.120000000     0.000000007     0.467178419     0.000000004
     6.130000000     0.000000002     0.483580376     0.000000001
     6.140000000     0.000000001     0.500092582     0.000000000
     6.150000000     0.000000001     0.516753246     0.000000001
     6.160000000     0.000000004     0.533602185     0.000000002
     6.170000000     0.000000012     0.550681279     0.000000006
     6.180000000     0.000000040     0.568034955     0.000000019
     6.190000000     0.000000125     0.585710724     0.000000060
     6.200000000     0.000000380     0.603759773     0.000000183
     6.210000000     0.000001109     0.622237632     0.000000534
     6.220000000     0.000003106     0.641204917     0.000001501
     6.230000000     0.000008365     0.660728168     0.000004054
     6.240000000     0.000021653     0.680880802     0.000010522
     6.250000000     0.000053876     0.701744169     0.000026253
     6.260000000     0.000128859     0.723408729     0.000062964
     6.270000000     0.000296280     0.745975333     0.000145166
     6.280000000     0.000654891     0.769556557     0.000321744
     6.290000000     0.001391663     0.794278022     0.000685559
     6.300000000     0.002843289     0.820279504     0.001404403
     6.310000000     0.005585409     0.847715514     0.002766147
     6.320000000     0.010550333     0.876754752     0.005238704
     6.330000000     0.019164149     0.907577335     0.009540514
     6.340000000     0.033478528     0.940367870     0.016709326
     6.350000000     0.056252934     0.975300877     0.028147031
     6.360000000     0.090925034     1.012512328     0.045608800
     6.370000000     0.141399947     1.052046158     0.071100628
     6.380000000     0.211603609     1.093755938     0.106656063
     6.390000000     0.304789704     1.137127213     0.153984883
     6.400000000     0.422662305     1.180963140     0.214023288
     6.410000000     0.564462704     1.222848086     0.286459884
     6.420000000     0.726240757     1.258297851     0.369349879
     6.430000000     0.900554420     1.279623952     0.458943936
     6.440000000     1.076790231     1.275048429     0.549834297
     6.450000000     1.242169665     1.229832503     0.635456585
     6.460000000     1.383330036     1.132361129     0.708895215
     6.470000000     1.488198303     0.985200990     0.763850860
     6.480000000     1.547772549     0.811510005     0.795571861
     6.490000000     1.557430994     0.644951102     0.801550375
     6.500000000     1.517505276     0.509646758     0.781841499
     6.510000000     1.433044671     0.409720957     0.738960698
     6.520000000     1.312896013     0.336437901     0.677418505
     6.530000000     1.168366611     0.283095138     0.603028116
     6.540000000     1.011786640     0.251601006     0.522150580
     6.550000000     0.855243044     0.246186047     0.441022299
     6.560000000     0.709649423     0.265934892     0.365255533
     6.570000000     0.584190241     0.304998056     0.299537394
     6.580000000     0.486072805     0.356542162     0.247497366
     6.590000000     0.420461536     0.415188750     0.211680968
     6.600000000     0.390463600     0.477358110     0.193562007
     6.610000000     0.397077128     0.540676816     0.193545046
     6.620000000     0.439087012     0.603176893     0.210945154
     6.630000000     0.512974345     0.662453418     0.243971538
     6.640000000     0.612964033     0.714713708     0.289770842
     6.650000000     0.731342140     0.753698952     0.344590741
     6.660000000     0.859114827     0.769904050     0.404097710
     6.670000000     0.986964663     0.751645875     0.463829169
     6.680000000     1.106327857     0.690734722     0.519698615
     6.690000000     1.210326048     0.592838958     0.568430162
     6.700000000     1.294290808     0.482431178     0.607800843
     6.710000000     1.355734495     0.389495406     0.636622914
     6.720000000     1.393813377     0.328240789     0.654488263
     6.730000000     1.408521105     0.290776583     0.661386949
     6.740000000     1.399956297     0.255990281     0.657361282
     6.750000000     1.367973450     0.201231202     0.642340466
     6.760000000     1.312359773     0.113820876     0.616222558
     6.770000000     1.233451848     0.001690428     0.579163072
     6.780000000     1.132915125    -0.107717810     0.531939914
     6.790000000     1.014338182    -0.186390088     0.476231000
     6.800000000     0.883368836    -0.223464518     0.414676252
     6.810000000     0.747300512    -0.224516404     0.350680930
     6.820000000     0.614221573    -0.201156436     0.288013437
     6.830000000     0.491981896    -0.163767973     0.230317588
     6.840000000     0.387260225    -0.119439146     0.180673468
     6.850000000     0.304936850    -0.072400162     0.141304341
     6.860000000     0.247837068    -0.024992285     0.113461806
     6.870000000     0.216777573     0.021516763     0.097458431
     6.880000000     0.210773174     0.066353271     0.092780805
     6.890000000     0.227265347     0.108804345     0.098216165
     6.900000000     0.262301737     0.147818329     0.111955447
     6.910000000     0.310686672     0.181543142     0.131676798
     6.920000000     0.366191646     0.206772810     0.154645689
     6.930000000     0.421928678     0.218501599     0.177876015
     6.940000000     0.470940969     0.210368700     0.198377356
     6.950000000     0.506973841     0.177512274     0.213475270
     6.960000000     0.525293052     0.122299710     0.221150653
     6.970000000     0.523359300     0.058069825     0.220318928
     6.980000000     0.501174705     0.003213533     0.210972117
     6.990000000     0.461191484    -0.030503612     0.194137697
     7.000000000     0.407789409    -0.042234623     0.171656864
     7.010000000     0.346445221    -0.037452566     0.145833824
     7.020000000     0.282793002    -0.022509346     0.119039649
     7.030000000     0.221786078    -0.002232315     0.093359160
     7.040000000     0.167120470     0.020320120     0.070348065
     7.050000000     0.120991243     0.043396873     0.050930316
     7.060000000     0.084160202     0.066067559     0.035426575
     7.070000000     0.056245524     0.087878505     0.023676111
     7.080000000     0.036115819     0.108640948     0.015202670
     7.090000000     0.022281029     0.128308390     0.009379025
     7.100000000     0.013206918     0.146907676     0.005559351
     7.110000000     0.007521371     0.164500965     0.003166072
     7.120000000     0.004115536     0.181165070     0.001732430
     7.130000000     0.002163782     0.196980487     0.000910903
     7.140000000     0.001093409     0.212025799     0.000460464
     7.150000000     0.000531843     0.226375034     0.000224388
     7.160000000     0.000250944     0.240096648     0.000106884
     7.170000000     0.000119361     0.253253359     0.000053174
     7.180000000     0.000067001     0.265902437     0.000034799
     7.190000000     0.000061500     0.278096180     0.000040152
     7.200000000     0.000094650     0.289882482     0.000069479
     7.210000000     0.000176304     0.301305377     0.000133379
     7.220000000     0.000333522     0.312405536     0.000253876
     7.230000000     0.000612998     0.323220643     0.000467169
     7.240000000     0.001084818     0.333785596     0.000826935
     7.250000000     0.001845280     0.344132431     0.001406680
     7.260000000     0.003015991     0.354289746     0.002299147
     7.270000000     0.004736227     0.364281315     0.003610522
     7.280000000     0.007146024     0.374123236     0.005447561
     7.290000000     0.010359169     0.383818529     0.007897007
     7.300000000     0.014428248     0.393347287     0.010998951
     7.310000000     0.019307700     0.402649371     0.014718658
     7.320000000     0.024824227     0.411595706     0.018924019
     7.330000000     0.030665437     0.419945945     0.023376895
     7.340000000     0.036395768     0.427302627     0.027745248
     7.350000000     0.041503151     0.433111400     0.031638721
     7.360000000     0.045471584     0.436828234     0.034663968
     7.370000000     0.047866201     0.438370577     0.036489515
     7.380000000     0.048411716     0.438617285     0.036905589
     7.390000000     0.047044854     0.439223582     0.035864154
     7.400000000     0.043927255     0.441599859     0.033488897
     7.410000000     0.039415819     0.446174185     0.030052918
     7.420000000     0.033999110     0.452596153     0.025930820
     7.430000000     0.028217394     0.460284918     0.021538795
     7.440000000     0.022587360     0.468754269     0.017279003
     7.450000000     0.017549831     0.477688211     0.013502505
     7.460000000     0.013451252     0.486910842     0.010499231
     7.470000000     0.010560084     0.496338841     0.008515852
     7.480000000     0.009110124     0.505944282     0.007795049
     7.490000000     0.009355950     0.515730041     0.008623633
     7.500000000     0.011621896     0.525713596     0.011373165
     7.510000000     0.016325210     0.535914581     0.016515198
     7.520000000     0.023956579     0.546341821     0.024594896
     7.530000000     0.035007700     0.556975150     0.036152526
     7.540000000     0.049846656     0.567735592     0.051593150
     7.550000000     0.068557204     0.578433993     0.071020427
     7.560000000     0.090774851     0.588683313     0.094067887
     7.570000000     0.115565775     0.597756978     0.119774793
     7.580000000     0.141397350     0.604389877     0.146556831
     7.590000000     0.166236436     0.606593542     0.172308944
     7.600000000     0.187782948     0.601770186     0.194648095
     7.610000000     0.203807861     0.587721799     0.211264088
     7.620000000     0.212528628     0.564884119     0.220308996
     7.630000000     0.212934600     0.538136653     0.220734696
     7.640000000     0.204980301     0.514936838     0.212493341
     7.650000000     0.189595981     0.500567503     0.196548337
     7.660000000     0.168513653     0.495852524     0.174693885
     7.670000000     0.143956451     0.498747128     0.149232580
     7.680000000     0.118273280     0.506647563     0.122595896
     7.690000000     0.093608887     0.517518383     0.097000823
     7.700000000     0.071681288     0.530061966     0.074217067
     7.710000000     0.053702453     0.543544905     0.055481967
     7.720000000     0.040437244     0.557594667     0.041558049
     7.730000000     0.032361618     0.572050699     0.032893346
     7.740000000     0.029860973     0.586869278     0.029824258
     7.750000000     0.033404366     0.602063344     0.032756113
     7.760000000     0.043637864     0.617659631     0.042264894
     7.770000000     0.061357494     0.633658419     0.059081548
     7.780000000     0.087347406     0.649981527     0.083945569
     7.790000000     0.122100790     0.666390453     0.117345772
     7.800000000     0.165476828     0.682348729     0.159200303
     7.810000000     0.216379526     0.696793355     0.208558280
     7.820000000     0.272562097     0.707784731     0.263421104
     7.830000000     0.330651674     0.712074619     0.320771147
     7.840000000     0.386446522     0.704888850     0.376853073
     7.850000000     0.435466598     0.680770738     0.427683912
     7.860000000     0.473657046     0.636658525     0.469691000
     7.870000000     0.498081162     0.576553119     0.500319684
     7.880000000     0.507421633     0.512821115     0.518441285
     7.890000000     0.502149772     0.459813438     0.524438099
     7.900000000     0.484313432     0.425162500     0.519935936
     7.910000000     0.457005744     0.407591796     0.507264809
     7.920000000     0.423669218     0.400834897     0.488814420
     7.930000000     0.387429896     0.397938575     0.466480140
     7.940000000     0.350631098     0.393611866     0.441356119
     7.950000000     0.314658387     0.385244592     0.413740813
     7.960000000     0.280048171     0.373164552     0.383412373
     7.970000000     0.246788771     0.360146353     0.350047249
     7.980000000     0.214681526     0.349927347     0.313623310
     7.990000000     0.183638312     0.345169458     0.274674508
     8.000000000     0.153838966     0.346358275     0.234331253
     8.010000000     0.125733959     0.352285322     0.194159675
     8.020000000     0.099930315     0.361206025     0.155874529
     8.030000000     0.077026405     0.371634866     0.121026811
     8.040000000     0.057460816     0.382572896     0.090756141
     8.050000000     0.041419367     0.393436620     0.065661422
     8.060000000     0.028815070     0.403920919     0.045798773
     8.070000000     0.019330396     0.413886797     0.030779648
     8.080000000     0.012496495     0.423287890     0.019923272
     8.090000000     0.007781403     0.432126758     0.012416866
     8.100000000     0.004665514     0.440430133     0.007449341
     8.110000000     0.002692782     0.448235310     0.004301324
     8.120000000     0.001495817     0.455582857     0.002390041
     8.130000000     0.000799589     0.462512852     0.001277851
     8.140000000     0.000411258     0.469063060     0.000657336
     8.150000000     0.000203508     0.475268159     0.000325308
     8.160000000     0.000096879     0.481159533     0.000154872
     8.170000000     0.000044365     0.486765353     0.000070925
     8.180000000     0.000019542     0.492110795     0.000031243
     8.190000000     0.000008280     0.497218313     0.000013237
     8.200000000     0.000003374     0.502107926     0.000005394
     8.210000000     0.000001322     0.506797491     0.000002114
     8.220000000     0.000000498     0.511302957     0.000000797
     8.230000000     0.000000181     0.515638593     0.000000289
     8.240000000     0.000000063     0.519817189     0.000000101
     8.250000000     0.000000021     0.523850234     0.000000034
     8.260000000     0.000000007     0.527748074     0.000000011
     8.270000000     0.000000002     0.531520044     0.000000003
     8.280000000     0.000000001     0.535174587     0.000000001
     8.290000000     0.000000000     0.538719357     0.000000000
     8.300000000     0.000000000     0.542161309     0.000000000
     8.310000000     0.000000000     0.545506775     0.000000000
     8.320000000     0.000000000     0.548761534     0.000000000
     8.330000000     0.000000000     0.551930872     0.000000000
     8.340000000     0.000000000     0.555019631     0.000000000
     8.350000000     0.000000000     0.558032258     0.000000000
     8.360000000     0.000000000     0.560972845     0.000000000
     8.370000000     0.000000000     0.563845160     0.000000000
     8.380000000     0.000000000     0.566652687     0.000000000
     8.390000000     0.000000000     0.569398646     0.000000000
     8.400000000     0.000000000     0.572086019     0.000000000
     8.410000000     0.000000000     0.574717577     0.000000000
     8.420000000     0.000000000     0.577295892     0.000000000
     8.430000000     0.000000000     0.579823362     0.000000000
     8.440000000     0.000000000     0.582302220     0.000000000
     8.450000000     0.000000000     0.584734551     0.000000000
     8.460000000     0.000000000     0.587122307     0.000000000
     8.470000000     0.000000000     0.589467313     0.000000000
     8.480000000     0.000000000     0.591771280     0.000000000
     8.490000000     0.000000000     0.594035815     0.000000000
     8.500000000     0.000000000     0.596262428     0.000000000
     8.510000000     0.000000000     0.598452539     0.000000000
     8.520000000     0.000000000     0.600607486     0.000000000
     8.530000000     0.000000000     0.602728531     0.000000000
     8.540000000     0.000000000     0.604816866     0.000000000
     8.550000000     0.000000000     0.606873616     0.000000000
     8.560000000     0.000000000     0.608899847     0.000000000
     8.570000000     0.000000000     0.610896566     0.000000000
     8.580000000     0.000000000     0.612864730     0.000000000
     8.590000000     0.000000000     0.614805246     0.000000000
     8.600000000     0.000000000     0.616718975     0.000000000
     8.610000000     0.000000000     0.618606735     0.000000000
     8.620000000     0.000000000     0.620469306     0.000000000
     8.630000000     0.000000000     0.622307428     0.000000000
     8.640000000     0.000000000     0.624121808     0.000000000
     8.650000000     0.000000000     0.625913120     0.000000000
     8.660000000     0.000000000     0.627682006     0.000000000
     8.670000000     0.000000000     0.629429081     0.000000000
     8.680000000     0.000000000     0.631154932     0.000000000
     8.690000000     0.000000000     0.632860118     0.000000000
     8.700000000     0.000000000     0.634545179     0.000000000
     8.710000000     0.000000000     0.636210628     0.000000000
     8.720000000     0.000000000     0.637856958     0.000000000
     8.730000000     0.000000000     0.639484643     0.000000000
     8.740000000     0.000000000     0.641094136     0.000000000
     8.750000000     0.000000000     0.642685872     0.000000000
     8.760000000     0.000000000     0.644260271     0.000000000
     8.770000000     0.000000000     0.645817736     0.000000000
     8.780000000     0.000000000     0.647358652     0.000000000
     8.790000000     0.000000000     0.648883393     0.000000000
     8.800000000     0.000000000     0.650392317     0.000000000
     8.810000000     0.000000000     0.651885771     0.000000000
     8.820000000     0.000000000     0.653364087     0.000000000
     8.830000000     0.000000000     0.654827588     0.000000000
     8.840000000     0.000000000     0.656276582     0.000000000
     8.850000000     0.000000000     0.657711369     0.000000000
     8.860000000     0.000000000     0.659132239     0.000000000
     8.870000000     0.000000000     0.660539472     0.000000000
     8.880000000     0.000000000     0.661933336     0.000000000
     8.890000000     0.000000000     0.663314094     0.000000000
     8.900000000     0.000000000     0.664681998     0.000000000
     8.910000000     0.000000000     0.666037294     0.000000000
     8.920000000     0.000000000     0.667380217     0.000000000
     8.930000000     0.000000000     0.668710999     0.000000000
     8.940000000     0.000000000     0.670029860     0.000000000
     8.950000000     0.000000000     0.671337018     0.000000000
     8.960000000     0.000000000     0.672632681     0.000000000
     8.970000000     0.000000000     0.673917053     0.000000000
     8.980000000     0.000000000     0.675190330     0.000000000
     8.990000000     0.000000000     0.676452704     0.000000000
     9.000000000     0.000000000     0.677704362     0.000000000
