# spin    band          kx          ky          kz          E(MF)          E(QP)        Delta E
#                        (Cartesian coordinates)             (eV)           (eV)           (eV)
     1      43     0.00000     0.00000     0.00000    1.779297007    0.650332255   -1.128964752
     1      43     0.00000     0.00000     0.09897    1.788668810    0.767603244   -1.021065565
     1      43     0.00000     0.00000    -0.09897    1.788668810    0.767603244   -1.021065565
     1      43     0.09897     0.00000     0.00000    1.788668810    0.767603244   -1.021065565
     1      43    -0.09897     0.00000     0.00000    1.788668810    0.767603244   -1.021065565
     1      43     0.00000     0.09897     0.00000    1.788668810    0.767603244   -1.021065565
     1      43     0.00000    -0.09897     0.00000    1.788668810    0.767603244   -1.021065565
     1      43     0.00000     0.00000     0.19795    2.218961770    1.286034287   -0.932927483
     1      43     0.00000     0.00000    -0.19795    2.218961770    1.286034287   -0.932927483
     1      43     0.19795     0.00000     0.00000    2.218961770    1.286034287   -0.932927483
     1      43    -0.19795     0.00000     0.00000    2.218961770    1.286034287   -0.932927483
     1      43     0.00000     0.19795     0.00000    2.218961770    1.286034287   -0.932927483
     1      43     0.00000    -0.19795     0.00000    2.218961770    1.286034287   -0.932927483
     1      43     0.00000     0.00000     0.29692    2.815948451    2.170129267   -0.645819184
     1      43     0.29692     0.00000     0.00000    2.815948451    2.170129267   -0.645819184
     1      43     0.00000     0.29692     0.00000    2.815948451    2.170129267   -0.645819184
     1      43     0.00000     0.09897     0.09897    1.811696261    0.761898520   -1.049797741
     1      43     0.00000    -0.09897     0.09897    1.811696261    0.737009061   -1.074687199
     1      43     0.00000     0.09897    -0.09897    1.811696261    0.737009061   -1.074687199
     1      43     0.00000    -0.09897    -0.09897    1.811696261    0.761898520   -1.049797741
     1      43     0.09897     0.00000    -0.09897    1.811696261    0.737009061   -1.074687199
     1      43    -0.09897     0.00000    -0.09897    1.811696261    0.761898520   -1.049797741
     1      43    -0.09897     0.00000     0.09897    1.811696261    0.737009061   -1.074687199
     1      43     0.09897     0.00000     0.09897    1.811696261    0.761898520   -1.049797741
     1      43     0.09897    -0.09897     0.00000    1.811696261    0.737009061   -1.074687199
     1      43    -0.09897    -0.09897     0.00000    1.811696261    0.761898520   -1.049797741
     1      43    -0.09897     0.09897     0.00000    1.811696261    0.737009061   -1.074687199
     1      43     0.09897     0.09897     0.00000    1.811696261    0.761898520   -1.049797741
     1      43     0.00000     0.09897     0.19795    2.274447566    1.330021117   -0.944426449
     1      43     0.00000    -0.09897     0.19795    2.274447566    1.366265264   -0.908182302
     1      43     0.00000     0.09897    -0.19795    2.274447566    1.366265264   -0.908182302
     1      43     0.00000    -0.09897    -0.19795    2.274447566    1.330021117   -0.944426449
     1      43     0.09897     0.00000    -0.19795    2.274447566    1.366265264   -0.908182302
     1      43    -0.09897     0.00000    -0.19795    2.274447566    1.330021117   -0.944426449
     1      43    -0.09897     0.00000     0.19795    2.274447566    1.366265264   -0.908182302
     1      43     0.09897     0.00000     0.19795    2.274447566    1.330021117   -0.944426449
     1      43     0.19795    -0.09897     0.00000    2.274447566    1.366265264   -0.908182302
     1      43    -0.19795    -0.09897     0.00000    2.274447566    1.330021117   -0.944426449
     1      43    -0.19795     0.09897     0.00000    2.274447566    1.366265264   -0.908182302
     1      43     0.19795     0.09897     0.00000    2.274447566    1.330021117   -0.944426449
     1      43     0.00000     0.19795     0.09897    2.274447566    1.330021117   -0.944426449
     1      43     0.00000    -0.19795    -0.09897    2.274447566    1.330021117   -0.944426449
     1      43     0.00000    -0.19795     0.09897    2.274447566    1.366265264   -0.908182302
     1      43     0.00000     0.19795    -0.09897    2.274447566    1.366265264   -0.908182302
     1      43     0.19795     0.00000     0.09897    2.274447566    1.330021117   -0.944426449
     1      43    -0.19795     0.00000     0.09897    2.274447566    1.366265264   -0.908182302
     1      43    -0.19795     0.00000    -0.09897    2.274447566    1.330021117   -0.944426449
     1      43     0.19795     0.00000    -0.09897    2.274447566    1.366265264   -0.908182302
     1      43     0.09897     0.19795     0.00000    2.274447566    1.330021117   -0.944426449
     1      43    -0.09897    -0.19795     0.00000    2.274447566    1.330021117   -0.944426449
     1      43    -0.09897     0.19795     0.00000    2.274447566    1.366265264   -0.908182302
     1      43     0.09897    -0.19795     0.00000    2.274447566    1.366265264   -0.908182302
     1      43     0.00000     0.09897     0.29692    2.884209397    2.186366534   -0.697842863
     1      43     0.00000    -0.09897     0.29692    2.884209397    2.186366534   -0.697842863
     1      43     0.09897     0.00000     0.29692    2.884209397    2.186366534   -0.697842863
     1      43    -0.09897     0.00000     0.29692    2.884209397    2.186366534   -0.697842863
     1      43     0.29692    -0.09897     0.00000    2.884209397    2.186366534   -0.697842863
     1      43     0.29692     0.09897     0.00000    2.884209397    2.186366534   -0.697842863
     1      43     0.00000     0.29692     0.09897    2.884209397    2.186366534   -0.697842863
     1      43     0.00000     0.29692    -0.09897    2.884209397    2.186366534   -0.697842863
     1      43     0.29692     0.00000     0.09897    2.884209397    2.186366534   -0.697842863
     1      43     0.29692     0.00000    -0.09897    2.884209397    2.186366534   -0.697842863
     1      43     0.09897     0.29692     0.00000    2.884209397    2.186366534   -0.697842863
     1      43    -0.09897     0.29692     0.00000    2.884209397    2.186366534   -0.697842863
     1      43     0.00000     0.19795     0.19795    2.658383024    1.854323625   -0.804059399
     1      43     0.00000    -0.19795     0.19795    2.658383024    1.716994580   -0.941388444
     1      43     0.00000     0.19795    -0.19795    2.658383024    1.716994580   -0.941388444
     1      43     0.00000    -0.19795    -0.19795    2.658383024    1.854323625   -0.804059399
     1      43     0.19795     0.00000    -0.19795    2.658383024    1.716994580   -0.941388444
     1      43    -0.19795     0.00000    -0.19795    2.658383024    1.854323625   -0.804059399
     1      43    -0.19795     0.00000     0.19795    2.658383024    1.716994580   -0.941388444
     1      43     0.19795     0.00000     0.19795    2.658383024    1.854323625   -0.804059399
     1      43     0.19795    -0.19795     0.00000    2.658383024    1.716994580   -0.941388444
     1      43    -0.19795    -0.19795     0.00000    2.658383024    1.854323625   -0.804059399
     1      43    -0.19795     0.19795     0.00000    2.658383024    1.716994580   -0.941388444
     1      43     0.19795     0.19795     0.00000    2.658383024    1.854323625   -0.804059399
     1      43     0.00000     0.19795     0.29692    3.183885222    2.474039476   -0.709845746
     1      43     0.00000    -0.19795     0.29692    3.183885222    2.474039476   -0.709845746
     1      43     0.19795     0.00000     0.29692    3.183885222    2.474039476   -0.709845746
     1      43    -0.19795     0.00000     0.29692    3.183885222    2.474039476   -0.709845746
     1      43     0.29692    -0.19795     0.00000    3.183885222    2.474039476   -0.709845746
     1      43     0.29692     0.19795     0.00000    3.183885222    2.474039476   -0.709845746
     1      43     0.00000     0.29692     0.19795    3.183885222    2.474039476   -0.709845746
     1      43     0.00000     0.29692    -0.19795    3.183885222    2.474039476   -0.709845746
     1      43     0.29692     0.00000     0.19795    3.183885222    2.474039476   -0.709845746
     1      43     0.29692     0.00000    -0.19795    3.183885222    2.474039476   -0.709845746
     1      43     0.19795     0.29692     0.00000    3.183885222    2.474039476   -0.709845746
     1      43    -0.19795     0.29692     0.00000    3.183885222    2.474039476   -0.709845746
     1      43     0.00000     0.29692     0.29692    3.597283602    2.880709985   -0.716573617
     1      43     0.29692     0.00000     0.29692    3.597283602    2.880709985   -0.716573617
     1      43     0.29692     0.29692     0.00000    3.597283602    2.880709985   -0.716573617
     1      43     0.09897     0.09897     0.09897    1.810897580    0.727753728   -1.083143852
     1      43    -0.09897    -0.09897     0.09897    1.810897580    0.708572692   -1.102324888
     1      43    -0.09897     0.09897    -0.09897    1.810897580    0.723380055   -1.087517526
     1      43     0.09897    -0.09897    -0.09897    1.810897580    0.723380055   -1.087517526
     1      43     0.09897     0.09897    -0.09897    1.810897580    0.708572692   -1.102324888
     1      43    -0.09897    -0.09897    -0.09897    1.810897580    0.727753728   -1.083143852
     1      43    -0.09897     0.09897     0.09897    1.810897580    0.723380055   -1.087517526
     1      43     0.09897    -0.09897     0.09897    1.810897580    0.723380055   -1.087517526
     1      43     0.09897     0.09897     0.19795    2.321056390    1.371052520   -0.950003870
     1      43    -0.09897    -0.09897     0.19795    2.321056390    1.397866147   -0.923190243
     1      43    -0.09897     0.09897    -0.19795    2.321056390    1.408091336   -0.912965054
     1      43     0.09897    -0.09897    -0.19795    2.321056390    1.408091335   -0.912965055
     1      43     0.09897     0.09897    -0.19795    2.321056390    1.397866147   -0.923190243
     1      43    -0.09897    -0.09897    -0.19795    2.321056390    1.371052520   -0.950003870
     1      43    -0.09897     0.09897     0.19795    2.321056390    1.408091336   -0.912965054
     1      43     0.09897    -0.09897     0.19795    2.321056390    1.408091335   -0.912965055
     1      43     0.19795    -0.09897     0.09897    2.321056390    1.371052520   -0.950003870
     1      43    -0.19795    -0.09897    -0.09897    2.321056390    1.408091336   -0.912965054
     1      43    -0.19795     0.09897     0.09897    2.321056390    1.397866147   -0.923190243
     1      43     0.19795     0.09897    -0.09897    2.321056390    1.398589087   -0.922467303
     1      43    -0.09897     0.19795     0.09897    2.321056390    1.371052520   -0.950003870
     1      43    -0.09897    -0.19795    -0.09897    2.321056390    1.408091335   -0.912965055
     1      43     0.09897    -0.19795     0.09897    2.321056390    1.397866147   -0.923190243
     1      43     0.09897     0.19795    -0.09897    2.321056390    1.398589087   -0.922467303
     1      43     0.19795     0.09897     0.09897    2.321056390    1.408091335   -0.912965055
     1      43    -0.19795    -0.09897     0.09897    2.321056390    1.398589087   -0.922467303
     1      43    -0.19795     0.09897    -0.09897    2.321056390    1.371052520   -0.950003870
     1      43     0.19795    -0.09897    -0.09897    2.321056390    1.397866147   -0.923190243
     1      43     0.09897     0.19795     0.09897    2.321056390    1.408091336   -0.912965054
     1      43    -0.09897    -0.19795     0.09897    2.321056390    1.398589087   -0.922467303
     1      43    -0.09897     0.19795    -0.09897    2.321056390    1.397866147   -0.923190243
     1      43     0.09897    -0.19795    -0.09897    2.321056390    1.371052520   -0.950003870
     1      43     0.09897     0.09897     0.29692    2.949593020    2.226116411   -0.723476610
     1      43    -0.09897    -0.09897     0.29692    2.949593020    2.226116411   -0.723476610
     1      43    -0.09897     0.09897     0.29692    2.949593020    2.214382307   -0.735210713
     1      43     0.09897    -0.09897     0.29692    2.949593020    2.214382307   -0.735210713
     1      43     0.29692    -0.09897     0.09897    2.949593020    2.214382307   -0.735210713
     1      43     0.29692    -0.09897    -0.09897    2.949593020    2.226116411   -0.723476610
     1      43     0.29692     0.09897     0.09897    2.949593020    2.226116411   -0.723476610
     1      43     0.29692     0.09897    -0.09897    2.949593020    2.214382307   -0.735210713
     1      43    -0.09897     0.29692     0.09897    2.949593020    2.214382307   -0.735210713
     1      43    -0.09897     0.29692    -0.09897    2.949593020    2.226116411   -0.723476610
     1      43     0.09897     0.29692     0.09897    2.949593020    2.226116411   -0.723476610
     1      43     0.09897     0.29692    -0.09897    2.949593020    2.214382307   -0.735210713
     1      43     0.09897     0.19795     0.19795    2.700931538    1.876840682   -0.824090856
     1      43    -0.09897    -0.19795     0.19795    2.700931538    1.787498806   -0.913432732
     1      43    -0.09897     0.19795    -0.19795    2.700931538    1.748752794   -0.952178744
     1      43     0.09897    -0.19795    -0.19795    2.700931538    1.865429341   -0.835502197
     1      43     0.19795     0.09897    -0.19795    2.700931538    1.787498806   -0.913432732
     1      43    -0.19795    -0.09897    -0.19795    2.700931538    1.876840682   -0.824090856
     1      43    -0.19795     0.09897     0.19795    2.700931538    1.748752794   -0.952178744
     1      43     0.19795    -0.09897     0.19795    2.700931538    1.865429341   -0.835502197
     1      43     0.19795    -0.19795     0.09897    2.700931538    1.876840682   -0.824090856
     1      43    -0.19795    -0.19795    -0.09897    2.700931538    1.748752794   -0.952178744
     1      43    -0.19795     0.19795     0.09897    2.700931538    1.876840681   -0.824090857
     1      43     0.19795     0.19795    -0.09897    2.700931538    1.865429341   -0.835502197
     1      43    -0.09897     0.19795     0.19795    2.700931538    1.865429341   -0.835502197
     1      43    -0.09897    -0.19795    -0.19795    2.700931538    1.876840681   -0.824090857
     1      43     0.09897    -0.19795     0.19795    2.700931538    1.748752794   -0.952178744
     1      43     0.09897     0.19795    -0.19795    2.700931538    1.787498806   -0.913432732
     1      43     0.19795     0.09897     0.19795    2.700931538    1.876840681   -0.824090857
     1      43    -0.19795    -0.09897     0.19795    2.700931538    1.787498806   -0.913432732
     1      43    -0.19795     0.09897    -0.19795    2.700931538    1.865429341   -0.835502197
     1      43     0.19795    -0.09897    -0.19795    2.700931538    1.748752794   -0.952178744
     1      43     0.19795     0.19795     0.09897    2.700931538    1.748752794   -0.952178744
     1      43    -0.19795    -0.19795     0.09897    2.700931538    1.865429341   -0.835502197
     1      43    -0.19795     0.19795    -0.09897    2.700931538    1.876840681   -0.824090857
     1      43     0.19795    -0.19795    -0.09897    2.700931538    1.876840682   -0.824090856
     1      43     0.09897     0.19795     0.29692    3.240363152    2.493396116   -0.746967037
     1      43    -0.09897    -0.19795     0.29692    3.240363152    2.493396116   -0.746967037
     1      43    -0.09897     0.19795     0.29692    3.240363152    2.505033976   -0.735329177
     1      43     0.09897    -0.19795     0.29692    3.240363152    2.505033976   -0.735329177
     1      43     0.19795     0.09897     0.29692    3.240363152    2.493396116   -0.746967037
     1      43    -0.19795    -0.09897     0.29692    3.240363152    2.493396116   -0.746967037
     1      43    -0.19795     0.09897     0.29692    3.240363152    2.505033976   -0.735329177
     1      43     0.19795    -0.09897     0.29692    3.240363152    2.505033976   -0.735329177
     1      43     0.29692    -0.19795     0.09897    3.240363152    2.505033976   -0.735329177
     1      43     0.29692    -0.19795    -0.09897    3.240363152    2.493396116   -0.746967037
     1      43     0.29692     0.19795     0.09897    3.240363152    2.493396116   -0.746967037
     1      43     0.29692     0.19795    -0.09897    3.240363152    2.505033976   -0.735329177
     1      43    -0.09897     0.29692     0.19795    3.240363152    2.505033976   -0.735329177
     1      43    -0.09897     0.29692    -0.19795    3.240363152    2.493396116   -0.746967037
     1      43     0.09897     0.29692     0.19795    3.240363152    2.493396116   -0.746967037
     1      43     0.09897     0.29692    -0.19795    3.240363152    2.505033976   -0.735329177
     1      43     0.29692     0.09897     0.19795    3.240363152    2.493396116   -0.746967037
     1      43     0.29692    -0.09897     0.19795    3.240363152    2.505033976   -0.735329177
     1      43     0.29692     0.09897    -0.19795    3.240363152    2.505033976   -0.735329177
     1      43     0.29692    -0.09897    -0.19795    3.240363152    2.493396116   -0.746967037
     1      43     0.19795     0.29692     0.09897    3.240363152    2.493396116   -0.746967037
     1      43    -0.19795     0.29692     0.09897    3.240363152    2.505033976   -0.735329177
     1      43    -0.19795     0.29692    -0.09897    3.240363152    2.493396116   -0.746967037
     1      43     0.19795     0.29692    -0.09897    3.240363152    2.505033976   -0.735329177
     1      43     0.09897     0.29692     0.29692    3.655924786    2.917035977   -0.738888809
     1      43    -0.09897     0.29692     0.29692    3.655924786    2.917035977   -0.738888809
     1      43     0.29692     0.09897     0.29692    3.655924786    2.917035977   -0.738888809
     1      43     0.29692    -0.09897     0.29692    3.655924786    2.917035977   -0.738888809
     1      43     0.29692     0.29692     0.09897    3.655924786    2.917035977   -0.738888809
     1      43     0.29692     0.29692    -0.09897    3.655924786    2.917035977   -0.738888809
     1      43     0.19795     0.19795     0.19795    3.005736871    2.251971592   -0.753765278
     1      43    -0.19795    -0.19795     0.19795    3.005736871    2.049099748   -0.956637123
     1      43    -0.19795     0.19795    -0.19795    3.005736871    2.173061373   -0.832675497
     1      43     0.19795    -0.19795    -0.19795    3.005736871    2.173061373   -0.832675497
     1      43     0.19795     0.19795    -0.19795    3.005736871    2.049112301   -0.956624570
     1      43    -0.19795    -0.19795    -0.19795    3.005736871    2.251971592   -0.753765278
     1      43    -0.19795     0.19795     0.19795    3.005736871    2.173061373   -0.832675497
     1      43     0.19795    -0.19795     0.19795    3.005736871    2.173061373   -0.832675497
     1      43     0.19795     0.19795     0.29692    3.497304306    2.750059283   -0.747245023
     1      43    -0.19795    -0.19795     0.29692    3.497304306    2.750059283   -0.747245023
     1      43    -0.19795     0.19795     0.29692    3.497304306    2.742110364   -0.755193942
     1      43     0.19795    -0.19795     0.29692    3.497304306    2.742179980   -0.755124325
     1      43     0.29692    -0.19795     0.19795    3.497304306    2.742161614   -0.755142691
     1      43     0.29692    -0.19795    -0.19795    3.497304306    2.750059283   -0.747245023
     1      43     0.29692     0.19795     0.19795    3.497304306    2.750059283   -0.747245023
     1      43     0.29692     0.19795    -0.19795    3.497304306    2.742119135   -0.755185171
     1      43    -0.19795     0.29692     0.19795    3.497304306    2.742016618   -0.755287687
     1      43    -0.19795     0.29692    -0.19795    3.497304306    2.750059283   -0.747245023
     1      43     0.19795     0.29692     0.19795    3.497304306    2.750059283   -0.747245023
     1      43     0.19795     0.29692    -0.19795    3.497304306    2.742046752   -0.755257554
     1      43     0.19795     0.29692     0.29692    3.906869307    3.159805397   -0.747063910
     1      43    -0.19795     0.29692     0.29692    3.906869307    3.159746398   -0.747122909
     1      43     0.29692     0.19795     0.29692    3.906869307    3.159729679   -0.747139628
     1      43     0.29692    -0.19795     0.29692    3.906869307    3.159772043   -0.747097264
     1      43     0.29692     0.29692     0.19795    3.906869307    3.159906986   -0.746962321
     1      43     0.29692     0.29692    -0.19795    3.906869307    3.159855244   -0.747014063
     1      43     0.29692     0.29692     0.29692    4.327966058    3.567360371   -0.760605687
     1      44     0.00000     0.00000     0.00000    1.779297008    0.650332256   -1.128964752
     1      44     0.00000     0.00000     0.09897    1.788668810    0.767603245   -1.021065565
     1      44     0.00000     0.00000    -0.09897    1.788668810    0.767603245   -1.021065565
     1      44     0.09897     0.00000     0.00000    1.788668810    0.767603245   -1.021065565
     1      44    -0.09897     0.00000     0.00000    1.788668810    0.767603245   -1.021065565
     1      44     0.00000     0.09897     0.00000    1.788668810    0.767603245   -1.021065565
     1      44     0.00000    -0.09897     0.00000    1.788668810    0.767603245   -1.021065565
     1      44     0.00000     0.00000     0.19795    2.218961770    1.286034287   -0.932927483
     1      44     0.00000     0.00000    -0.19795    2.218961770    1.286034287   -0.932927483
     1      44     0.19795     0.00000     0.00000    2.218961770    1.286034287   -0.932927483
     1      44    -0.19795     0.00000     0.00000    2.218961770    1.286034287   -0.932927483
     1      44     0.00000     0.19795     0.00000    2.218961770    1.286034287   -0.932927483
     1      44     0.00000    -0.19795     0.00000    2.218961770    1.286034287   -0.932927483
     1      44     0.00000     0.00000     0.29692    2.815948451    2.170129267   -0.645819184
     1      44     0.29692     0.00000     0.00000    2.815948451    2.170129267   -0.645819184
     1      44     0.00000     0.29692     0.00000    2.815948451    2.170129267   -0.645819184
     1      44     0.00000     0.09897     0.09897    1.811696261    0.761898517   -1.049797744
     1      44     0.00000    -0.09897     0.09897    1.811696261    0.737009062   -1.074687199
     1      44     0.00000     0.09897    -0.09897    1.811696261    0.737009062   -1.074687199
     1      44     0.00000    -0.09897    -0.09897    1.811696261    0.761898517   -1.049797744
     1      44     0.09897     0.00000    -0.09897    1.811696261    0.737009062   -1.074687199
     1      44    -0.09897     0.00000    -0.09897    1.811696261    0.761898517   -1.049797744
     1      44    -0.09897     0.00000     0.09897    1.811696261    0.737009062   -1.074687199
     1      44     0.09897     0.00000     0.09897    1.811696261    0.761898517   -1.049797744
     1      44     0.09897    -0.09897     0.00000    1.811696261    0.737009062   -1.074687199
     1      44    -0.09897    -0.09897     0.00000    1.811696261    0.761898517   -1.049797744
     1      44    -0.09897     0.09897     0.00000    1.811696261    0.737009062   -1.074687199
     1      44     0.09897     0.09897     0.00000    1.811696261    0.761898517   -1.049797744
     1      44     0.00000     0.09897     0.19795    2.274447566    1.330021116   -0.944426450
     1      44     0.00000    -0.09897     0.19795    2.274447566    1.366265263   -0.908182303
     1      44     0.00000     0.09897    -0.19795    2.274447566    1.366265263   -0.908182303
     1      44     0.00000    -0.09897    -0.19795    2.274447566    1.330021116   -0.944426450
     1      44     0.09897     0.00000    -0.19795    2.274447566    1.366265263   -0.908182303
     1      44    -0.09897     0.00000    -0.19795    2.274447566    1.330021116   -0.944426450
     1      44    -0.09897     0.00000     0.19795    2.274447566    1.366265263   -0.908182303
     1      44     0.09897     0.00000     0.19795    2.274447566    1.330021116   -0.944426450
     1      44     0.19795    -0.09897     0.00000    2.274447566    1.366265263   -0.908182303
     1      44    -0.19795    -0.09897     0.00000    2.274447566    1.330021116   -0.944426450
     1      44    -0.19795     0.09897     0.00000    2.274447566    1.366265263   -0.908182303
     1      44     0.19795     0.09897     0.00000    2.274447566    1.330021116   -0.944426450
     1      44     0.00000     0.19795     0.09897    2.274447566    1.330021116   -0.944426450
     1      44     0.00000    -0.19795    -0.09897    2.274447566    1.330021116   -0.944426450
     1      44     0.00000    -0.19795     0.09897    2.274447566    1.366265263   -0.908182303
     1      44     0.00000     0.19795    -0.09897    2.274447566    1.366265263   -0.908182303
     1      44     0.19795     0.00000     0.09897    2.274447566    1.330021116   -0.944426450
     1      44    -0.19795     0.00000     0.09897    2.274447566    1.366265263   -0.908182303
     1      44    -0.19795     0.00000    -0.09897    2.274447566    1.330021116   -0.944426450
     1      44     0.19795     0.00000    -0.09897    2.274447566    1.366265263   -0.908182303
     1      44     0.09897     0.19795     0.00000    2.274447566    1.330021116   -0.944426450
     1      44    -0.09897    -0.19795     0.00000    2.274447566    1.330021116   -0.944426450
     1      44    -0.09897     0.19795     0.00000    2.274447566    1.366265263   -0.908182303
     1      44     0.09897    -0.19795     0.00000    2.274447566    1.366265263   -0.908182303
     1      44     0.00000     0.09897     0.29692    2.884209397    2.186366535   -0.697842863
     1      44     0.00000    -0.09897     0.29692    2.884209397    2.186366535   -0.697842863
     1      44     0.09897     0.00000     0.29692    2.884209397    2.186366535   -0.697842863
     1      44    -0.09897     0.00000     0.29692    2.884209397    2.186366535   -0.697842863
     1      44     0.29692    -0.09897     0.00000    2.884209397    2.186366535   -0.697842863
     1      44     0.29692     0.09897     0.00000    2.884209397    2.186366535   -0.697842863
     1      44     0.00000     0.29692     0.09897    2.884209397    2.186366535   -0.697842863
     1      44     0.00000     0.29692    -0.09897    2.884209397    2.186366535   -0.697842863
     1      44     0.29692     0.00000     0.09897    2.884209397    2.186366535   -0.697842863
     1      44     0.29692     0.00000    -0.09897    2.884209397    2.186366535   -0.697842863
     1      44     0.09897     0.29692     0.00000    2.884209397    2.186366535   -0.697842863
     1      44    -0.09897     0.29692     0.00000    2.884209397    2.186366535   -0.697842863
     1      44     0.00000     0.19795     0.19795    2.658383024    1.854323626   -0.804059398
     1      44     0.00000    -0.19795     0.19795    2.658383024    1.716994580   -0.941388443
     1      44     0.00000     0.19795    -0.19795    2.658383024    1.716994580   -0.941388443
     1      44     0.00000    -0.19795    -0.19795    2.658383024    1.854323626   -0.804059398
     1      44     0.19795     0.00000    -0.19795    2.658383024    1.716994580   -0.941388443
     1      44    -0.19795     0.00000    -0.19795    2.658383024    1.854323626   -0.804059398
     1      44    -0.19795     0.00000     0.19795    2.658383024    1.716994580   -0.941388443
     1      44     0.19795     0.00000     0.19795    2.658383024    1.854323626   -0.804059398
     1      44     0.19795    -0.19795     0.00000    2.658383024    1.716994580   -0.941388443
     1      44    -0.19795    -0.19795     0.00000    2.658383024    1.854323626   -0.804059398
     1      44    -0.19795     0.19795     0.00000    2.658383024    1.716994580   -0.941388443
     1      44     0.19795     0.19795     0.00000    2.658383024    1.854323626   -0.804059398
     1      44     0.00000     0.19795     0.29692    3.183885224    2.474039477   -0.709845746
     1      44     0.00000    -0.19795     0.29692    3.183885224    2.474039477   -0.709845746
     1      44     0.19795     0.00000     0.29692    3.183885224    2.474039477   -0.709845746
     1      44    -0.19795     0.00000     0.29692    3.183885224    2.474039477   -0.709845746
     1      44     0.29692    -0.19795     0.00000    3.183885224    2.474039477   -0.709845746
     1      44     0.29692     0.19795     0.00000    3.183885224    2.474039477   -0.709845746
     1      44     0.00000     0.29692     0.19795    3.183885224    2.474039477   -0.709845746
     1      44     0.00000     0.29692    -0.19795    3.183885224    2.474039477   -0.709845746
     1      44     0.29692     0.00000     0.19795    3.183885224    2.474039477   -0.709845746
     1      44     0.29692     0.00000    -0.19795    3.183885224    2.474039477   -0.709845746
     1      44     0.19795     0.29692     0.00000    3.183885224    2.474039477   -0.709845746
     1      44    -0.19795     0.29692     0.00000    3.183885224    2.474039477   -0.709845746
     1      44     0.00000     0.29692     0.29692    3.597283602    2.880709985   -0.716573617
     1      44     0.29692     0.00000     0.29692    3.597283602    2.880709985   -0.716573617
     1      44     0.29692     0.29692     0.00000    3.597283602    2.880709985   -0.716573617
     1      44     0.09897     0.09897     0.09897    1.810897580    0.727753728   -1.083143853
     1      44    -0.09897    -0.09897     0.09897    1.810897580    0.708572692   -1.102324888
     1      44    -0.09897     0.09897    -0.09897    1.810897580    0.723380054   -1.087517527
     1      44     0.09897    -0.09897    -0.09897    1.810897580    0.723380055   -1.087517526
     1      44     0.09897     0.09897    -0.09897    1.810897580    0.708572692   -1.102324888
     1      44    -0.09897    -0.09897    -0.09897    1.810897580    0.727753728   -1.083143853
     1      44    -0.09897     0.09897     0.09897    1.810897580    0.723380054   -1.087517527
     1      44     0.09897    -0.09897     0.09897    1.810897580    0.723380055   -1.087517526
     1      44     0.09897     0.09897     0.19795    2.321056390    1.371052520   -0.950003870
     1      44    -0.09897    -0.09897     0.19795    2.321056390    1.397866146   -0.923190244
     1      44    -0.09897     0.09897    -0.19795    2.321056390    1.408091336   -0.912965054
     1      44     0.09897    -0.09897    -0.19795    2.321056390    1.408091335   -0.912965055
     1      44     0.09897     0.09897    -0.19795    2.321056390    1.397866146   -0.923190244
     1      44    -0.09897    -0.09897    -0.19795    2.321056390    1.371052520   -0.950003870
     1      44    -0.09897     0.09897     0.19795    2.321056390    1.408091336   -0.912965054
     1      44     0.09897    -0.09897     0.19795    2.321056390    1.408091335   -0.912965055
     1      44     0.19795    -0.09897     0.09897    2.321056390    1.371052520   -0.950003870
     1      44    -0.19795    -0.09897    -0.09897    2.321056390    1.408091336   -0.912965054
     1      44    -0.19795     0.09897     0.09897    2.321056390    1.397866146   -0.923190244
     1      44     0.19795     0.09897    -0.09897    2.321056390    1.398589088   -0.922467302
     1      44    -0.09897     0.19795     0.09897    2.321056390    1.371052520   -0.950003870
     1      44    -0.09897    -0.19795    -0.09897    2.321056390    1.408091335   -0.912965055
     1      44     0.09897    -0.19795     0.09897    2.321056390    1.397866146   -0.923190244
     1      44     0.09897     0.19795    -0.09897    2.321056390    1.398589088   -0.922467302
     1      44     0.19795     0.09897     0.09897    2.321056390    1.408091335   -0.912965055
     1      44    -0.19795    -0.09897     0.09897    2.321056390    1.398589088   -0.922467302
     1      44    -0.19795     0.09897    -0.09897    2.321056390    1.371052520   -0.950003870
     1      44     0.19795    -0.09897    -0.09897    2.321056390    1.397866146   -0.923190244
     1      44     0.09897     0.19795     0.09897    2.321056390    1.408091336   -0.912965054
     1      44    -0.09897    -0.19795     0.09897    2.321056390    1.398589088   -0.922467302
     1      44    -0.09897     0.19795    -0.09897    2.321056390    1.397866146   -0.923190244
     1      44     0.09897    -0.19795    -0.09897    2.321056390    1.371052520   -0.950003870
     1      44     0.09897     0.09897     0.29692    2.949593020    2.226116411   -0.723476610
     1      44    -0.09897    -0.09897     0.29692    2.949593020    2.226116411   -0.723476610
     1      44    -0.09897     0.09897     0.29692    2.949593020    2.214382307   -0.735210714
     1      44     0.09897    -0.09897     0.29692    2.949593020    2.214382307   -0.735210714
     1      44     0.29692    -0.09897     0.09897    2.949593020    2.214382307   -0.735210714
     1      44     0.29692    -0.09897    -0.09897    2.949593020    2.226116411   -0.723476610
     1      44     0.29692     0.09897     0.09897    2.949593020    2.226116411   -0.723476610
     1      44     0.29692     0.09897    -0.09897    2.949593020    2.214382307   -0.735210714
     1      44    -0.09897     0.29692     0.09897    2.949593020    2.214382307   -0.735210714
     1      44    -0.09897     0.29692    -0.09897    2.949593020    2.226116411   -0.723476610
     1      44     0.09897     0.29692     0.09897    2.949593020    2.226116411   -0.723476610
     1      44     0.09897     0.29692    -0.09897    2.949593020    2.214382307   -0.735210714
     1      44     0.09897     0.19795     0.19795    2.700931538    1.876840682   -0.824090856
     1      44    -0.09897    -0.19795     0.19795    2.700931538    1.787498805   -0.913432732
     1      44    -0.09897     0.19795    -0.19795    2.700931538    1.748752794   -0.952178744
     1      44     0.09897    -0.19795    -0.19795    2.700931538    1.865429342   -0.835502196
     1      44     0.19795     0.09897    -0.19795    2.700931538    1.787498805   -0.913432732
     1      44    -0.19795    -0.09897    -0.19795    2.700931538    1.876840682   -0.824090856
     1      44    -0.19795     0.09897     0.19795    2.700931538    1.748752794   -0.952178744
     1      44     0.19795    -0.09897     0.19795    2.700931538    1.865429342   -0.835502196
     1      44     0.19795    -0.19795     0.09897    2.700931538    1.876840682   -0.824090856
     1      44    -0.19795    -0.19795    -0.09897    2.700931538    1.748752794   -0.952178744
     1      44    -0.19795     0.19795     0.09897    2.700931538    1.876840682   -0.824090855
     1      44     0.19795     0.19795    -0.09897    2.700931538    1.865429342   -0.835502196
     1      44    -0.09897     0.19795     0.19795    2.700931538    1.865429342   -0.835502196
     1      44    -0.09897    -0.19795    -0.19795    2.700931538    1.876840682   -0.824090855
     1      44     0.09897    -0.19795     0.19795    2.700931538    1.748752794   -0.952178744
     1      44     0.09897     0.19795    -0.19795    2.700931538    1.787498805   -0.913432732
     1      44     0.19795     0.09897     0.19795    2.700931538    1.876840682   -0.824090855
     1      44    -0.19795    -0.09897     0.19795    2.700931538    1.787498805   -0.913432732
     1      44    -0.19795     0.09897    -0.19795    2.700931538    1.865429342   -0.835502196
     1      44     0.19795    -0.09897    -0.19795    2.700931538    1.748752794   -0.952178744
     1      44     0.19795     0.19795     0.09897    2.700931538    1.748752794   -0.952178744
     1      44    -0.19795    -0.19795     0.09897    2.700931538    1.865429342   -0.835502196
     1      44    -0.19795     0.19795    -0.09897    2.700931538    1.876840682   -0.824090855
     1      44     0.19795    -0.19795    -0.09897    2.700931538    1.876840682   -0.824090856
     1      44     0.09897     0.19795     0.29692    3.240363153    2.493396116   -0.746967037
     1      44    -0.09897    -0.19795     0.29692    3.240363153    2.493396116   -0.746967037
     1      44    -0.09897     0.19795     0.29692    3.240363153    2.505033976   -0.735329176
     1      44     0.09897    -0.19795     0.29692    3.240363153    2.505033976   -0.735329176
     1      44     0.19795     0.09897     0.29692    3.240363153    2.493396116   -0.746967037
     1      44    -0.19795    -0.09897     0.29692    3.240363153    2.493396116   -0.746967037
     1      44    -0.19795     0.09897     0.29692    3.240363153    2.505033976   -0.735329176
     1      44     0.19795    -0.09897     0.29692    3.240363153    2.505033976   -0.735329176
     1      44     0.29692    -0.19795     0.09897    3.240363153    2.505033976   -0.735329176
     1      44     0.29692    -0.19795    -0.09897    3.240363153    2.493396116   -0.746967037
     1      44     0.29692     0.19795     0.09897    3.240363153    2.493396116   -0.746967037
     1      44     0.29692     0.19795    -0.09897    3.240363153    2.505033976   -0.735329176
     1      44    -0.09897     0.29692     0.19795    3.240363153    2.505033976   -0.735329176
     1      44    -0.09897     0.29692    -0.19795    3.240363153    2.493396116   -0.746967037
     1      44     0.09897     0.29692     0.19795    3.240363153    2.493396116   -0.746967037
     1      44     0.09897     0.29692    -0.19795    3.240363153    2.505033976   -0.735329176
     1      44     0.29692     0.09897     0.19795    3.240363153    2.493396116   -0.746967037
     1      44     0.29692    -0.09897     0.19795    3.240363153    2.505033976   -0.735329176
     1      44     0.29692     0.09897    -0.19795    3.240363153    2.505033976   -0.735329176
     1      44     0.29692    -0.09897    -0.19795    3.240363153    2.493396116   -0.746967037
     1      44     0.19795     0.29692     0.09897    3.240363153    2.493396116   -0.746967037
     1      44    -0.19795     0.29692     0.09897    3.240363153    2.505033976   -0.735329176
     1      44    -0.19795     0.29692    -0.09897    3.240363153    2.493396116   -0.746967037
     1      44     0.19795     0.29692    -0.09897    3.240363153    2.505033976   -0.735329176
     1      44     0.09897     0.29692     0.29692    3.655924786    2.917035977   -0.738888809
     1      44    -0.09897     0.29692     0.29692    3.655924786    2.917035977   -0.738888809
     1      44     0.29692     0.09897     0.29692    3.655924786    2.917035977   -0.738888809
     1      44     0.29692    -0.09897     0.29692    3.655924786    2.917035977   -0.738888809
     1      44     0.29692     0.29692     0.09897    3.655924786    2.917035977   -0.738888809
     1      44     0.29692     0.29692    -0.09897    3.655924786    2.917035977   -0.738888809
     1      44     0.19795     0.19795     0.19795    3.005736871    2.251971592   -0.753765278
     1      44    -0.19795    -0.19795     0.19795    3.005736871    2.049109402   -0.956627469
     1      44    -0.19795     0.19795    -0.19795    3.005736871    2.173061373   -0.832675497
     1      44     0.19795    -0.19795    -0.19795    3.005736871    2.173061373   -0.832675497
     1      44     0.19795     0.19795    -0.19795    3.005736871    2.049096851   -0.956640020
     1      44    -0.19795    -0.19795    -0.19795    3.005736871    2.251971592   -0.753765278
     1      44    -0.19795     0.19795     0.19795    3.005736871    2.173061373   -0.832675497
     1      44     0.19795    -0.19795     0.19795    3.005736871    2.173061373   -0.832675497
     1      44     0.19795     0.19795     0.29692    3.497304306    2.750059283   -0.747245023
     1      44    -0.19795    -0.19795     0.29692    3.497304306    2.750059283   -0.747245023
     1      44    -0.19795     0.19795     0.29692    3.497304306    2.742165788   -0.755138518
     1      44     0.19795    -0.19795     0.29692    3.497304306    2.742096203   -0.755208103
     1      44     0.29692    -0.19795     0.19795    3.497304306    2.742065987   -0.755238319
     1      44     0.29692    -0.19795    -0.19795    3.497304306    2.750059283   -0.747245023
     1      44     0.29692     0.19795     0.19795    3.497304306    2.750059283   -0.747245023
     1      44     0.29692     0.19795    -0.19795    3.497304306    2.742108397   -0.755195909
     1      44    -0.19795     0.29692     0.19795    3.497304306    2.742121109   -0.755183197
     1      44    -0.19795     0.29692    -0.19795    3.497304306    2.750059283   -0.747245023
     1      44     0.19795     0.29692     0.19795    3.497304306    2.750059283   -0.747245023
     1      44     0.19795     0.29692    -0.19795    3.497304306    2.742090906   -0.755213400
     1      44     0.19795     0.29692     0.29692    3.906869307    3.159707528   -0.747161779
     1      44    -0.19795     0.29692     0.29692    3.906869307    3.159766457   -0.747102850
     1      44     0.29692     0.19795     0.29692    3.906869307    3.159799182   -0.747070125
     1      44     0.29692    -0.19795     0.29692    3.906869307    3.159756782   -0.747112525
     1      44     0.29692     0.29692     0.19795    3.906869307    3.159846884   -0.747022422
     1      44     0.29692     0.29692    -0.19795    3.906869307    3.159898613   -0.746970694
     1      44     0.29692     0.29692     0.29692    4.327966058    3.567360371   -0.760605687
     1      45     0.00000     0.00000     0.00000    7.593560417    8.028161258    0.434600841
     1      45     0.00000     0.00000     0.09897    7.856487051    8.393007339    0.536520288
     1      45     0.00000     0.00000    -0.09897    7.856487051    8.393077475    0.536590424
     1      45     0.09897     0.00000     0.00000    7.856487051    8.393037578    0.536550527
     1      45    -0.09897     0.00000     0.00000    7.856487051    8.393146078    0.536659027
     1      45     0.00000     0.09897     0.00000    7.856487051    8.392998834    0.536511783
     1      45     0.00000    -0.09897     0.00000    7.856487051    8.393099292    0.536612241
     1      45     0.00000     0.00000     0.19795    7.699437997    8.250285437    0.550847440
     1      45     0.00000     0.00000    -0.19795    7.699437997    8.250285437    0.550847440
     1      45     0.19795     0.00000     0.00000    7.699437997    8.250285437    0.550847440
     1      45    -0.19795     0.00000     0.00000    7.699437997    8.250285437    0.550847440
     1      45     0.00000     0.19795     0.00000    7.699437997    8.250285437    0.550847440
     1      45     0.00000    -0.19795     0.00000    7.699437997    8.250285437    0.550847440
     1      45     0.00000     0.00000     0.29692    6.980398319    7.402353554    0.421955235
     1      45     0.29692     0.00000     0.00000    6.980398319    7.402353554    0.421955235
     1      45     0.00000     0.29692     0.00000    6.980398319    7.402353554    0.421955235
     1      45     0.00000     0.09897     0.09897    8.069704695    8.629768632    0.560063937
     1      45     0.00000    -0.09897     0.09897    8.069704695    8.613673106    0.543968412
     1      45     0.00000     0.09897    -0.09897    8.069704695    8.613700221    0.543995527
     1      45     0.00000    -0.09897    -0.09897    8.069704695    8.629768632    0.560063937
     1      45     0.09897     0.00000    -0.09897    8.069704695    8.613656209    0.543951514
     1      45    -0.09897     0.00000    -0.09897    8.069704695    8.629768632    0.560063937
     1      45    -0.09897     0.00000     0.09897    8.069704695    8.613636544    0.543931850
     1      45     0.09897     0.00000     0.09897    8.069704695    8.629768632    0.560063937
     1      45     0.09897    -0.09897     0.00000    8.069704695    8.613621930    0.543917235
     1      45    -0.09897    -0.09897     0.00000    8.069704695    8.629768632    0.560063937
     1      45    -0.09897     0.09897     0.00000    8.069704695    8.613627463    0.543922768
     1      45     0.09897     0.09897     0.00000    8.069704695    8.629768632    0.560063937
     1      45     0.00000     0.09897     0.19795    7.529532231    8.099652208    0.570119977
     1      45     0.00000    -0.09897     0.19795    7.529532231    8.059353307    0.529821076
     1      45     0.00000     0.09897    -0.19795    7.529532231    8.059353307    0.529821076
     1      45     0.00000    -0.09897    -0.19795    7.529532231    8.099652208    0.570119977
     1      45     0.09897     0.00000    -0.19795    7.529532231    8.059353307    0.529821076
     1      45    -0.09897     0.00000    -0.19795    7.529532231    8.099652208    0.570119977
     1      45    -0.09897     0.00000     0.19795    7.529532231    8.059353307    0.529821076
     1      45     0.09897     0.00000     0.19795    7.529532231    8.099652208    0.570119977
     1      45     0.19795    -0.09897     0.00000    7.529532231    8.059353307    0.529821076
     1      45    -0.19795    -0.09897     0.00000    7.529532231    8.099652208    0.570119977
     1      45    -0.19795     0.09897     0.00000    7.529532231    8.059353307    0.529821076
     1      45     0.19795     0.09897     0.00000    7.529532231    8.099652208    0.570119977
     1      45     0.00000     0.19795     0.09897    7.529532231    8.099652208    0.570119977
     1      45     0.00000    -0.19795    -0.09897    7.529532231    8.099652208    0.570119977
     1      45     0.00000    -0.19795     0.09897    7.529532231    8.059353307    0.529821076
     1      45     0.00000     0.19795    -0.09897    7.529532231    8.059353307    0.529821076
     1      45     0.19795     0.00000     0.09897    7.529532231    8.099652208    0.570119977
     1      45    -0.19795     0.00000     0.09897    7.529532231    8.059353307    0.529821076
     1      45    -0.19795     0.00000    -0.09897    7.529532231    8.099652208    0.570119977
     1      45     0.19795     0.00000    -0.09897    7.529532231    8.059353307    0.529821076
     1      45     0.09897     0.19795     0.00000    7.529532231    8.099652208    0.570119977
     1      45    -0.09897    -0.19795     0.00000    7.529532231    8.099652208    0.570119977
     1      45    -0.09897     0.19795     0.00000    7.529532231    8.059353307    0.529821076
     1      45     0.09897    -0.19795     0.00000    7.529532231    8.059353307    0.529821076
     1      45     0.00000     0.09897     0.29692    6.826737578    7.232435668    0.405698089
     1      45     0.00000    -0.09897     0.29692    6.826737578    7.232435668    0.405698089
     1      45     0.09897     0.00000     0.29692    6.826737578    7.232435668    0.405698089
     1      45    -0.09897     0.00000     0.29692    6.826737578    7.232435668    0.405698089
     1      45     0.29692    -0.09897     0.00000    6.826737578    7.232435668    0.405698089
     1      45     0.29692     0.09897     0.00000    6.826737578    7.232435668    0.405698089
     1      45     0.00000     0.29692     0.09897    6.826737578    7.232435668    0.405698089
     1      45     0.00000     0.29692    -0.09897    6.826737578    7.232435668    0.405698089
     1      45     0.29692     0.00000     0.09897    6.826737578    7.232435668    0.405698089
     1      45     0.29692     0.00000    -0.09897    6.826737578    7.232435668    0.405698089
     1      45     0.09897     0.29692     0.00000    6.826737578    7.232435668    0.405698089
     1      45    -0.09897     0.29692     0.00000    6.826737578    7.232435668    0.405698089
     1      45     0.00000     0.19795     0.19795    6.983972518    7.469841818    0.485869301
     1      45     0.00000    -0.19795     0.19795    6.983972518    7.537875440    0.553902922
     1      45     0.00000     0.19795    -0.19795    6.983972518    7.537875440    0.553902922
     1      45     0.00000    -0.19795    -0.19795    6.983972518    7.469841818    0.485869301
     1      45     0.19795     0.00000    -0.19795    6.983972518    7.537875440    0.553902922
     1      45    -0.19795     0.00000    -0.19795    6.983972518    7.469841818    0.485869301
     1      45    -0.19795     0.00000     0.19795    6.983972518    7.537875440    0.553902922
     1      45     0.19795     0.00000     0.19795    6.983972518    7.469841818    0.485869301
     1      45     0.19795    -0.19795     0.00000    6.983972518    7.537875440    0.553902922
     1      45    -0.19795    -0.19795     0.00000    6.983972518    7.469841818    0.485869301
     1      45    -0.19795     0.19795     0.00000    6.983972518    7.537875440    0.553902922
     1      45     0.19795     0.19795     0.00000    6.983972518    7.469841818    0.485869301
     1      45     0.00000     0.19795     0.29692    6.418230094    6.808186597    0.389956503
     1      45     0.00000    -0.19795     0.29692    6.418230094    6.808186597    0.389956503
     1      45     0.19795     0.00000     0.29692    6.418230094    6.808186597    0.389956503
     1      45    -0.19795     0.00000     0.29692    6.418230094    6.808186597    0.389956503
     1      45     0.29692    -0.19795     0.00000    6.418230094    6.808186597    0.389956503
     1      45     0.29692     0.19795     0.00000    6.418230094    6.808186597    0.389956503
     1      45     0.00000     0.29692     0.19795    6.418230094    6.808186597    0.389956503
     1      45     0.00000     0.29692    -0.19795    6.418230094    6.808186597    0.389956503
     1      45     0.29692     0.00000     0.19795    6.418230094    6.808186597    0.389956503
     1      45     0.29692     0.00000    -0.19795    6.418230094    6.808186597    0.389956503
     1      45     0.19795     0.29692     0.00000    6.418230094    6.808186597    0.389956503
     1      45    -0.19795     0.29692     0.00000    6.418230094    6.808186597    0.389956503
     1      45     0.00000     0.29692     0.29692    6.000146976    6.326407565    0.326260589
     1      45     0.29692     0.00000     0.29692    6.000146976    6.326407565    0.326260589
     1      45     0.29692     0.29692     0.00000    6.000146976    6.326407565    0.326260589
     1      45     0.09897     0.09897     0.09897    8.107365480    8.704154361    0.596788881
     1      45    -0.09897    -0.09897     0.09897    8.107365480    8.652156912    0.544791432
     1      45    -0.09897     0.09897    -0.09897    8.107365480    8.686055158    0.578689679
     1      45     0.09897    -0.09897    -0.09897    8.107365480    8.686055159    0.578689679
     1      45     0.09897     0.09897    -0.09897    8.107365480    8.652219348    0.544853868
     1      45    -0.09897    -0.09897    -0.09897    8.107365480    8.704154361    0.596788881
     1      45    -0.09897     0.09897     0.09897    8.107365480    8.686055158    0.578689679
     1      45     0.09897    -0.09897     0.09897    8.107365480    8.686055159    0.578689679
     1      45     0.09897     0.09897     0.19795    7.355983540    7.899639543    0.543656003
     1      45    -0.09897    -0.09897     0.19795    7.355983540    7.884451576    0.528468036
     1      45    -0.09897     0.09897    -0.19795    7.355983540    7.881674575    0.525691034
     1      45     0.09897    -0.09897    -0.19795    7.355983540    7.881674575    0.525691034
     1      45     0.09897     0.09897    -0.19795    7.355983540    7.884451576    0.528468036
     1      45    -0.09897    -0.09897    -0.19795    7.355983540    7.899639543    0.543656003
     1      45    -0.09897     0.09897     0.19795    7.355983540    7.881674575    0.525691034
     1      45     0.09897    -0.09897     0.19795    7.355983540    7.881674575    0.525691034
     1      45     0.19795    -0.09897     0.09897    7.355983540    7.899639543    0.543656003
     1      45    -0.19795    -0.09897    -0.09897    7.355983540    7.881674575    0.525691034
     1      45    -0.19795     0.09897     0.09897    7.355983540    7.884451576    0.528468036
     1      45     0.19795     0.09897    -0.09897    7.355983540    7.868009536    0.512025996
     1      45    -0.09897     0.19795     0.09897    7.355983540    7.899639543    0.543656003
     1      45    -0.09897    -0.19795    -0.09897    7.355983540    7.881674575    0.525691034
     1      45     0.09897    -0.19795     0.09897    7.355983540    7.884451576    0.528468036
     1      45     0.09897     0.19795    -0.09897    7.355983540    7.868009536    0.512025996
     1      45     0.19795     0.09897     0.09897    7.355983540    7.881674575    0.525691034
     1      45    -0.19795    -0.09897     0.09897    7.355983540    7.868009536    0.512025996
     1      45    -0.19795     0.09897    -0.09897    7.355983540    7.899639543    0.543656003
     1      45     0.19795    -0.09897    -0.09897    7.355983540    7.884451576    0.528468036
     1      45     0.09897     0.19795     0.09897    7.355983540    7.881674575    0.525691034
     1      45    -0.09897    -0.19795     0.09897    7.355983540    7.868009536    0.512025996
     1      45    -0.09897     0.19795    -0.09897    7.355983540    7.884451576    0.528468036
     1      45     0.09897    -0.19795    -0.09897    7.355983540    7.899639543    0.543656003
     1      45     0.09897     0.09897     0.29692    6.675058504    7.069270411    0.394211907
     1      45    -0.09897    -0.09897     0.29692    6.675058504    7.069270411    0.394211907
     1      45    -0.09897     0.09897     0.29692    6.675058504    7.061929242    0.386870738
     1      45     0.09897    -0.09897     0.29692    6.675058504    7.061929242    0.386870738
     1      45     0.29692    -0.09897     0.09897    6.675058504    7.061929242    0.386870738
     1      45     0.29692    -0.09897    -0.09897    6.675058504    7.069270411    0.394211907
     1      45     0.29692     0.09897     0.09897    6.675058504    7.069270411    0.394211907
     1      45     0.29692     0.09897    -0.09897    6.675058504    7.061929242    0.386870738
     1      45    -0.09897     0.29692     0.09897    6.675058504    7.061929242    0.386870738
     1      45    -0.09897     0.29692    -0.09897    6.675058504    7.069270411    0.394211907
     1      45     0.09897     0.29692     0.09897    6.675058504    7.069270411    0.394211907
     1      45     0.09897     0.29692    -0.09897    6.675058504    7.061929242    0.386870738
     1      45     0.09897     0.19795     0.19795    6.827126237    7.291067146    0.463940909
     1      45    -0.09897    -0.19795     0.19795    6.827126237    7.317209852    0.490083615
     1      45    -0.09897     0.19795    -0.19795    6.827126237    7.353795345    0.526669108
     1      45     0.09897    -0.19795    -0.19795    6.827126237    7.290387050    0.463260814
     1      45     0.19795     0.09897    -0.19795    6.827126237    7.317209852    0.490083615
     1      45    -0.19795    -0.09897    -0.19795    6.827126237    7.291067146    0.463940909
     1      45    -0.19795     0.09897     0.19795    6.827126237    7.353795345    0.526669108
     1      45     0.19795    -0.09897     0.19795    6.827126237    7.290387050    0.463260814
     1      45     0.19795    -0.19795     0.09897    6.827126237    7.291067146    0.463940909
     1      45    -0.19795    -0.19795    -0.09897    6.827126237    7.353795345    0.526669108
     1      45    -0.19795     0.19795     0.09897    6.827126237    7.291067145    0.463940908
     1      45     0.19795     0.19795    -0.09897    6.827126237    7.290387050    0.463260814
     1      45    -0.09897     0.19795     0.19795    6.827126237    7.290387050    0.463260814
     1      45    -0.09897    -0.19795    -0.19795    6.827126237    7.291067145    0.463940908
     1      45     0.09897    -0.19795     0.19795    6.827126237    7.353795345    0.526669108
     1      45     0.09897     0.19795    -0.19795    6.827126237    7.317209852    0.490083615
     1      45     0.19795     0.09897     0.19795    6.827126237    7.291067145    0.463940908
     1      45    -0.19795    -0.09897     0.19795    6.827126237    7.317209852    0.490083615
     1      45    -0.19795     0.09897    -0.19795    6.827126237    7.290387050    0.463260814
     1      45     0.19795    -0.09897    -0.19795    6.827126237    7.353795345    0.526669108
     1      45     0.19795     0.19795     0.09897    6.827126237    7.353795345    0.526669108
     1      45    -0.19795    -0.19795     0.09897    6.827126237    7.290387050    0.463260814
     1      45    -0.19795     0.19795    -0.09897    6.827126237    7.291067145    0.463940908
     1      45     0.19795    -0.19795    -0.09897    6.827126237    7.291067146    0.463940909
     1      45     0.09897     0.19795     0.29692    6.271655647    6.640532079    0.368876432
     1      45    -0.09897    -0.19795     0.29692    6.271655647    6.640532079    0.368876432
     1      45    -0.09897     0.19795     0.29692    6.271655647    6.631354708    0.359699061
     1      45     0.09897    -0.19795     0.29692    6.271655647    6.631354708    0.359699061
     1      45     0.19795     0.09897     0.29692    6.271655647    6.640532079    0.368876432
     1      45    -0.19795    -0.09897     0.29692    6.271655647    6.640532079    0.368876432
     1      45    -0.19795     0.09897     0.29692    6.271655647    6.631354708    0.359699061
     1      45     0.19795    -0.09897     0.29692    6.271655647    6.631354708    0.359699061
     1      45     0.29692    -0.19795     0.09897    6.271655647    6.631354708    0.359699061
     1      45     0.29692    -0.19795    -0.09897    6.271655647    6.640532079    0.368876432
     1      45     0.29692     0.19795     0.09897    6.271655647    6.640532079    0.368876432
     1      45     0.29692     0.19795    -0.09897    6.271655647    6.631354708    0.359699061
     1      45    -0.09897     0.29692     0.19795    6.271655647    6.631354708    0.359699061
     1      45    -0.09897     0.29692    -0.19795    6.271655647    6.640532079    0.368876432
     1      45     0.09897     0.29692     0.19795    6.271655647    6.640532079    0.368876432
     1      45     0.09897     0.29692    -0.19795    6.271655647    6.631354708    0.359699061
     1      45     0.29692     0.09897     0.19795    6.271655647    6.640532079    0.368876432
     1      45     0.29692    -0.09897     0.19795    6.271655647    6.631354708    0.359699061
     1      45     0.29692     0.09897    -0.19795    6.271655647    6.631354708    0.359699061
     1      45     0.29692    -0.09897    -0.19795    6.271655647    6.640532079    0.368876432
     1      45     0.19795     0.29692     0.09897    6.271655647    6.640532079    0.368876432
     1      45    -0.19795     0.29692     0.09897    6.271655647    6.631354708    0.359699061
     1      45    -0.19795     0.29692    -0.09897    6.271655647    6.640532079    0.368876432
     1      45     0.19795     0.29692    -0.09897    6.271655647    6.631354708    0.359699061
     1      45     0.09897     0.29692     0.29692    5.852742019    6.152690204    0.299948185
     1      45    -0.09897     0.29692     0.29692    5.852742019    6.152690204    0.299948185
     1      45     0.29692     0.09897     0.29692    5.852742019    6.152690204    0.299948185
     1      45     0.29692    -0.09897     0.29692    5.852742019    6.152690204    0.299948185
     1      45     0.29692     0.29692     0.09897    5.852742019    6.152690204    0.299948185
     1      45     0.29692     0.29692    -0.09897    5.852742019    6.152690204    0.299948185
     1      45     0.19795     0.19795     0.19795    6.374040633    6.781125307    0.407084673
     1      45    -0.19795    -0.19795     0.19795    6.374040633    6.883489077    0.509448444
     1      45    -0.19795     0.19795    -0.19795    6.374040633    6.798442354    0.424401720
     1      45     0.19795    -0.19795    -0.19795    6.374040633    6.798442354    0.424401720
     1      45     0.19795     0.19795    -0.19795    6.374040633    6.883470469    0.509429836
     1      45    -0.19795    -0.19795    -0.19795    6.374040633    6.781125307    0.407084673
     1      45    -0.19795     0.19795     0.19795    6.374040633    6.798442354    0.424401720
     1      45     0.19795    -0.19795     0.19795    6.374040633    6.798442354    0.424401720
     1      45     0.19795     0.19795     0.29692    5.885283420    6.210323938    0.325040518
     1      45    -0.19795    -0.19795     0.29692    5.885283420    6.210323938    0.325040518
     1      45    -0.19795     0.19795     0.29692    5.885283420    6.239422031    0.354138611
     1      45     0.19795    -0.19795     0.29692    5.885283420    6.239720119    0.354436700
     1      45     0.29692    -0.19795     0.19795    5.885283420    6.239947010    0.354663590
     1      45     0.29692    -0.19795    -0.19795    5.885283420    6.210323938    0.325040518
     1      45     0.29692     0.19795     0.19795    5.885283420    6.210323938    0.325040518
     1      45     0.29692     0.19795    -0.19795    5.885283420    6.239807290    0.354523870
     1      45    -0.19795     0.29692     0.19795    5.885283420    6.239292414    0.354008995
     1      45    -0.19795     0.29692    -0.19795    5.885283420    6.210323938    0.325040518
     1      45     0.19795     0.29692     0.19795    5.885283420    6.210323938    0.325040518
     1      45     0.19795     0.29692    -0.19795    5.885283420    6.239863139    0.354579719
     1      45     0.19795     0.29692     0.29692    5.479443096    5.762417006    0.282973910
     1      45    -0.19795     0.29692     0.29692    5.479443096    5.762165729    0.282722633
     1      45     0.29692     0.19795     0.29692    5.479443096    5.762271926    0.282828830
     1      45     0.29692    -0.19795     0.29692    5.479443096    5.762145801    0.282702704
     1      45     0.29692     0.29692     0.19795    5.479443096    5.762568758    0.283125662
     1      45     0.29692     0.29692    -0.19795    5.479443096    5.762064030    0.282620934
     1      45     0.29692     0.29692     0.29692    5.073938978    5.303462605    0.229523627
     1      46     0.00000     0.00000     0.00000    7.593560418    8.028161259    0.434600841
     1      46     0.00000     0.00000     0.09897    7.856487051    8.393154789    0.536667738
     1      46     0.00000     0.00000    -0.09897    7.856487051    8.393084963    0.536597912
     1      46     0.09897     0.00000     0.00000    7.856487051    8.393151304    0.536664253
     1      46    -0.09897     0.00000     0.00000    7.856487051    8.393042836    0.536555785
     1      46     0.00000     0.09897     0.00000    7.856487051    8.393149885    0.536662834
     1      46     0.00000    -0.09897     0.00000    7.856487051    8.393049719    0.536562668
     1      46     0.00000     0.00000     0.19795    7.699437997    8.250285439    0.550847441
     1      46     0.00000     0.00000    -0.19795    7.699437997    8.250285439    0.550847441
     1      46     0.19795     0.00000     0.00000    7.699437997    8.250285439    0.550847441
     1      46    -0.19795     0.00000     0.00000    7.699437997    8.250285439    0.550847441
     1      46     0.00000     0.19795     0.00000    7.699437997    8.250285439    0.550847441
     1      46     0.00000    -0.19795     0.00000    7.699437997    8.250285439    0.550847441
     1      46     0.00000     0.00000     0.29692    6.980398319    7.402353554    0.421955235
     1      46     0.29692     0.00000     0.00000    6.980398319    7.402353554    0.421955235
     1      46     0.00000     0.29692     0.00000    6.980398319    7.402353554    0.421955235
     1      46     0.00000     0.09897     0.09897    8.069704695    8.629768631    0.560063936
     1      46     0.00000    -0.09897     0.09897    8.069704695    8.613700990    0.543996295
     1      46     0.00000     0.09897    -0.09897    8.069704695    8.613673876    0.543969181
     1      46     0.00000    -0.09897    -0.09897    8.069704695    8.629768631    0.560063936
     1      46     0.09897     0.00000    -0.09897    8.069704695    8.613694290    0.543989595
     1      46    -0.09897     0.00000    -0.09897    8.069704695    8.629768631    0.560063936
     1      46    -0.09897     0.00000     0.09897    8.069704695    8.613713890    0.544009195
     1      46     0.09897     0.00000     0.09897    8.069704695    8.629768631    0.560063936
     1      46     0.09897    -0.09897     0.00000    8.069704695    8.613729168    0.544024473
     1      46    -0.09897    -0.09897     0.00000    8.069704695    8.629768631    0.560063936
     1      46    -0.09897     0.09897     0.00000    8.069704695    8.613723667    0.544018972
     1      46     0.09897     0.09897     0.00000    8.069704695    8.629768631    0.560063936
     1      46     0.00000     0.09897     0.19795    7.529532231    8.099652209    0.570119978
     1      46     0.00000    -0.09897     0.19795    7.529532231    8.059353306    0.529821075
     1      46     0.00000     0.09897    -0.19795    7.529532231    8.059353306    0.529821075
     1      46     0.00000    -0.09897    -0.19795    7.529532231    8.099652209    0.570119978
     1      46     0.09897     0.00000    -0.19795    7.529532231    8.059353306    0.529821075
     1      46    -0.09897     0.00000    -0.19795    7.529532231    8.099652209    0.570119978
     1      46    -0.09897     0.00000     0.19795    7.529532231    8.059353306    0.529821075
     1      46     0.09897     0.00000     0.19795    7.529532231    8.099652209    0.570119978
     1      46     0.19795    -0.09897     0.00000    7.529532231    8.059353306    0.529821075
     1      46    -0.19795    -0.09897     0.00000    7.529532231    8.099652209    0.570119978
     1      46    -0.19795     0.09897     0.00000    7.529532231    8.059353306    0.529821075
     1      46     0.19795     0.09897     0.00000    7.529532231    8.099652209    0.570119978
     1      46     0.00000     0.19795     0.09897    7.529532231    8.099652209    0.570119978
     1      46     0.00000    -0.19795    -0.09897    7.529532231    8.099652209    0.570119978
     1      46     0.00000    -0.19795     0.09897    7.529532231    8.059353306    0.529821075
     1      46     0.00000     0.19795    -0.09897    7.529532231    8.059353306    0.529821075
     1      46     0.19795     0.00000     0.09897    7.529532231    8.099652209    0.570119978
     1      46    -0.19795     0.00000     0.09897    7.529532231    8.059353306    0.529821075
     1      46    -0.19795     0.00000    -0.09897    7.529532231    8.099652209    0.570119978
     1      46     0.19795     0.00000    -0.09897    7.529532231    8.059353306    0.529821075
     1      46     0.09897     0.19795     0.00000    7.529532231    8.099652209    0.570119978
     1      46    -0.09897    -0.19795     0.00000    7.529532231    8.099652209    0.570119978
     1      46    -0.09897     0.19795     0.00000    7.529532231    8.059353306    0.529821075
     1      46     0.09897    -0.19795     0.00000    7.529532231    8.059353306    0.529821075
     1      46     0.00000     0.09897     0.29692    6.826737579    7.232435668    0.405698089
     1      46     0.00000    -0.09897     0.29692    6.826737579    7.232435668    0.405698089
     1      46     0.09897     0.00000     0.29692    6.826737579    7.232435668    0.405698089
     1      46    -0.09897     0.00000     0.29692    6.826737579    7.232435668    0.405698089
     1      46     0.29692    -0.09897     0.00000    6.826737579    7.232435668    0.405698089
     1      46     0.29692     0.09897     0.00000    6.826737579    7.232435668    0.405698089
     1      46     0.00000     0.29692     0.09897    6.826737579    7.232435668    0.405698089
     1      46     0.00000     0.29692    -0.09897    6.826737579    7.232435668    0.405698089
     1      46     0.29692     0.00000     0.09897    6.826737579    7.232435668    0.405698089
     1      46     0.29692     0.00000    -0.09897    6.826737579    7.232435668    0.405698089
     1      46     0.09897     0.29692     0.00000    6.826737579    7.232435668    0.405698089
     1      46    -0.09897     0.29692     0.00000    6.826737579    7.232435668    0.405698089
     1      46     0.00000     0.19795     0.19795    6.983972518    7.469841819    0.485869301
     1      46     0.00000    -0.19795     0.19795    6.983972518    7.537875440    0.553902922
     1      46     0.00000     0.19795    -0.19795    6.983972518    7.537875440    0.553902922
     1      46     0.00000    -0.19795    -0.19795    6.983972518    7.469841819    0.485869301
     1      46     0.19795     0.00000    -0.19795    6.983972518    7.537875440    0.553902922
     1      46    -0.19795     0.00000    -0.19795    6.983972518    7.469841819    0.485869301
     1      46    -0.19795     0.00000     0.19795    6.983972518    7.537875440    0.553902922
     1      46     0.19795     0.00000     0.19795    6.983972518    7.469841819    0.485869301
     1      46     0.19795    -0.19795     0.00000    6.983972518    7.537875440    0.553902922
     1      46    -0.19795    -0.19795     0.00000    6.983972518    7.469841819    0.485869301
     1      46    -0.19795     0.19795     0.00000    6.983972518    7.537875440    0.553902922
     1      46     0.19795     0.19795     0.00000    6.983972518    7.469841819    0.485869301
     1      46     0.00000     0.19795     0.29692    6.418230094    6.808186597    0.389956503
     1      46     0.00000    -0.19795     0.29692    6.418230094    6.808186597    0.389956503
     1      46     0.19795     0.00000     0.29692    6.418230094    6.808186597    0.389956503
     1      46    -0.19795     0.00000     0.29692    6.418230094    6.808186597    0.389956503
     1      46     0.29692    -0.19795     0.00000    6.418230094    6.808186597    0.389956503
     1      46     0.29692     0.19795     0.00000    6.418230094    6.808186597    0.389956503
     1      46     0.00000     0.29692     0.19795    6.418230094    6.808186597    0.389956503
     1      46     0.00000     0.29692    -0.19795    6.418230094    6.808186597    0.389956503
     1      46     0.29692     0.00000     0.19795    6.418230094    6.808186597    0.389956503
     1      46     0.29692     0.00000    -0.19795    6.418230094    6.808186597    0.389956503
     1      46     0.19795     0.29692     0.00000    6.418230094    6.808186597    0.389956503
     1      46    -0.19795     0.29692     0.00000    6.418230094    6.808186597    0.389956503
     1      46     0.00000     0.29692     0.29692    6.000146976    6.326407565    0.326260589
     1      46     0.29692     0.00000     0.29692    6.000146976    6.326407565    0.326260589
     1      46     0.29692     0.29692     0.00000    6.000146976    6.326407565    0.326260589
     1      46     0.09897     0.09897     0.09897    8.107365480    8.704154361    0.596788881
     1      46    -0.09897    -0.09897     0.09897    8.107365480    8.652148259    0.544782779
     1      46    -0.09897     0.09897    -0.09897    8.107365480    8.686055159    0.578689679
     1      46     0.09897    -0.09897    -0.09897    8.107365480    8.686055159    0.578689679
     1      46     0.09897     0.09897    -0.09897    8.107365480    8.652085566    0.544720086
     1      46    -0.09897    -0.09897    -0.09897    8.107365480    8.704154361    0.596788881
     1      46    -0.09897     0.09897     0.09897    8.107365480    8.686055159    0.578689679
     1      46     0.09897    -0.09897     0.09897    8.107365480    8.686055159    0.578689679
     1      46     0.09897     0.09897     0.19795    7.355983540    7.899639543    0.543656003
     1      46    -0.09897    -0.09897     0.19795    7.355983540    7.884451576    0.528468036
     1      46    -0.09897     0.09897    -0.19795    7.355983540    7.881674575    0.525691034
     1      46     0.09897    -0.09897    -0.19795    7.355983540    7.881674575    0.525691034
     1      46     0.09897     0.09897    -0.19795    7.355983540    7.884451576    0.528468036
     1      46    -0.09897    -0.09897    -0.19795    7.355983540    7.899639543    0.543656003
     1      46    -0.09897     0.09897     0.19795    7.355983540    7.881674575    0.525691034
     1      46     0.09897    -0.09897     0.19795    7.355983540    7.881674575    0.525691034
     1      46     0.19795    -0.09897     0.09897    7.355983540    7.899639543    0.543656003
     1      46    -0.19795    -0.09897    -0.09897    7.355983540    7.881674575    0.525691034
     1      46    -0.19795     0.09897     0.09897    7.355983540    7.884451576    0.528468036
     1      46     0.19795     0.09897    -0.09897    7.355983540    7.868009536    0.512025995
     1      46    -0.09897     0.19795     0.09897    7.355983540    7.899639543    0.543656003
     1      46    -0.09897    -0.19795    -0.09897    7.355983540    7.881674575    0.525691034
     1      46     0.09897    -0.19795     0.09897    7.355983540    7.884451576    0.528468036
     1      46     0.09897     0.19795    -0.09897    7.355983540    7.868009536    0.512025995
     1      46     0.19795     0.09897     0.09897    7.355983540    7.881674575    0.525691034
     1      46    -0.19795    -0.09897     0.09897    7.355983540    7.868009536    0.512025995
     1      46    -0.19795     0.09897    -0.09897    7.355983540    7.899639543    0.543656003
     1      46     0.19795    -0.09897    -0.09897    7.355983540    7.884451576    0.528468036
     1      46     0.09897     0.19795     0.09897    7.355983540    7.881674575    0.525691034
     1      46    -0.09897    -0.19795     0.09897    7.355983540    7.868009536    0.512025995
     1      46    -0.09897     0.19795    -0.09897    7.355983540    7.884451576    0.528468036
     1      46     0.09897    -0.19795    -0.09897    7.355983540    7.899639543    0.543656003
     1      46     0.09897     0.09897     0.29692    6.675058504    7.069270411    0.394211907
     1      46    -0.09897    -0.09897     0.29692    6.675058504    7.069270411    0.394211907
     1      46    -0.09897     0.09897     0.29692    6.675058504    7.061929242    0.386870737
     1      46     0.09897    -0.09897     0.29692    6.675058504    7.061929242    0.386870737
     1      46     0.29692    -0.09897     0.09897    6.675058504    7.061929242    0.386870737
     1      46     0.29692    -0.09897    -0.09897    6.675058504    7.069270411    0.394211907
     1      46     0.29692     0.09897     0.09897    6.675058504    7.069270411    0.394211907
     1      46     0.29692     0.09897    -0.09897    6.675058504    7.061929242    0.386870737
     1      46    -0.09897     0.29692     0.09897    6.675058504    7.061929242    0.386870737
     1      46    -0.09897     0.29692    -0.09897    6.675058504    7.069270411    0.394211907
     1      46     0.09897     0.29692     0.09897    6.675058504    7.069270411    0.394211907
     1      46     0.09897     0.29692    -0.09897    6.675058504    7.061929242    0.386870737
     1      46     0.09897     0.19795     0.19795    6.827126237    7.291067145    0.463940908
     1      46    -0.09897    -0.19795     0.19795    6.827126237    7.317209852    0.490083615
     1      46    -0.09897     0.19795    -0.19795    6.827126237    7.353795345    0.526669108
     1      46     0.09897    -0.19795    -0.19795    6.827126237    7.290387050    0.463260813
     1      46     0.19795     0.09897    -0.19795    6.827126237    7.317209852    0.490083615
     1      46    -0.19795    -0.09897    -0.19795    6.827126237    7.291067145    0.463940908
     1      46    -0.19795     0.09897     0.19795    6.827126237    7.353795345    0.526669108
     1      46     0.19795    -0.09897     0.19795    6.827126237    7.290387050    0.463260813
     1      46     0.19795    -0.19795     0.09897    6.827126237    7.291067145    0.463940908
     1      46    -0.19795    -0.19795    -0.09897    6.827126237    7.353795345    0.526669108
     1      46    -0.19795     0.19795     0.09897    6.827126237    7.291067144    0.463940908
     1      46     0.19795     0.19795    -0.09897    6.827126237    7.290387050    0.463260813
     1      46    -0.09897     0.19795     0.19795    6.827126237    7.290387050    0.463260813
     1      46    -0.09897    -0.19795    -0.19795    6.827126237    7.291067144    0.463940908
     1      46     0.09897    -0.19795     0.19795    6.827126237    7.353795345    0.526669108
     1      46     0.09897     0.19795    -0.19795    6.827126237    7.317209852    0.490083615
     1      46     0.19795     0.09897     0.19795    6.827126237    7.291067144    0.463940908
     1      46    -0.19795    -0.09897     0.19795    6.827126237    7.317209852    0.490083615
     1      46    -0.19795     0.09897    -0.19795    6.827126237    7.290387050    0.463260813
     1      46     0.19795    -0.09897    -0.19795    6.827126237    7.353795345    0.526669108
     1      46     0.19795     0.19795     0.09897    6.827126237    7.353795345    0.526669108
     1      46    -0.19795    -0.19795     0.09897    6.827126237    7.290387050    0.463260813
     1      46    -0.19795     0.19795    -0.09897    6.827126237    7.291067144    0.463940908
     1      46     0.19795    -0.19795    -0.09897    6.827126237    7.291067145    0.463940908
     1      46     0.09897     0.19795     0.29692    6.271655647    6.640532079    0.368876432
     1      46    -0.09897    -0.19795     0.29692    6.271655647    6.640532079    0.368876432
     1      46    -0.09897     0.19795     0.29692    6.271655647    6.631354708    0.359699061
     1      46     0.09897    -0.19795     0.29692    6.271655647    6.631354708    0.359699061
     1      46     0.19795     0.09897     0.29692    6.271655647    6.640532079    0.368876432
     1      46    -0.19795    -0.09897     0.29692    6.271655647    6.640532079    0.368876432
     1      46    -0.19795     0.09897     0.29692    6.271655647    6.631354708    0.359699061
     1      46     0.19795    -0.09897     0.29692    6.271655647    6.631354708    0.359699061
     1      46     0.29692    -0.19795     0.09897    6.271655647    6.631354708    0.359699061
     1      46     0.29692    -0.19795    -0.09897    6.271655647    6.640532079    0.368876432
     1      46     0.29692     0.19795     0.09897    6.271655647    6.640532079    0.368876432
     1      46     0.29692     0.19795    -0.09897    6.271655647    6.631354708    0.359699061
     1      46    -0.09897     0.29692     0.19795    6.271655647    6.631354708    0.359699061
     1      46    -0.09897     0.29692    -0.19795    6.271655647    6.640532079    0.368876432
     1      46     0.09897     0.29692     0.19795    6.271655647    6.640532079    0.368876432
     1      46     0.09897     0.29692    -0.19795    6.271655647    6.631354708    0.359699061
     1      46     0.29692     0.09897     0.19795    6.271655647    6.640532079    0.368876432
     1      46     0.29692    -0.09897     0.19795    6.271655647    6.631354708    0.359699061
     1      46     0.29692     0.09897    -0.19795    6.271655647    6.631354708    0.359699061
     1      46     0.29692    -0.09897    -0.19795    6.271655647    6.640532079    0.368876432
     1      46     0.19795     0.29692     0.09897    6.271655647    6.640532079    0.368876432
     1      46    -0.19795     0.29692     0.09897    6.271655647    6.631354708    0.359699061
     1      46    -0.19795     0.29692    -0.09897    6.271655647    6.640532079    0.368876432
     1      46     0.19795     0.29692    -0.09897    6.271655647    6.631354708    0.359699061
     1      46     0.09897     0.29692     0.29692    5.852742019    6.152690204    0.299948185
     1      46    -0.09897     0.29692     0.29692    5.852742019    6.152690204    0.299948185
     1      46     0.29692     0.09897     0.29692    5.852742019    6.152690204    0.299948185
     1      46     0.29692    -0.09897     0.29692    5.852742019    6.152690204    0.299948185
     1      46     0.29692     0.29692     0.09897    5.852742019    6.152690204    0.299948185
     1      46     0.29692     0.29692    -0.09897    5.852742019    6.152690204    0.299948185
     1      46     0.19795     0.19795     0.19795    6.374040633    6.781125303    0.407084669
     1      46    -0.19795    -0.19795     0.19795    6.374040633    6.883479143    0.509438509
     1      46    -0.19795     0.19795    -0.19795    6.374040633    6.798442353    0.424401719
     1      46     0.19795    -0.19795    -0.19795    6.374040633    6.798442352    0.424401718
     1      46     0.19795     0.19795    -0.19795    6.374040633    6.883497726    0.509457092
     1      46    -0.19795    -0.19795    -0.19795    6.374040633    6.781125303    0.407084669
     1      46    -0.19795     0.19795     0.19795    6.374040633    6.798442353    0.424401719
     1      46     0.19795    -0.19795     0.19795    6.374040633    6.798442352    0.424401718
     1      46     0.19795     0.19795     0.29692    5.885283420    6.210323937    0.325040517
     1      46    -0.19795    -0.19795     0.29692    5.885283420    6.210323937    0.325040517
     1      46    -0.19795     0.19795     0.29692    5.885283420    6.239882459    0.354599039
     1      46     0.19795    -0.19795     0.29692    5.885283420    6.239592245    0.354308825
     1      46     0.29692    -0.19795     0.19795    5.885283420    6.239467194    0.354183774
     1      46     0.29692    -0.19795    -0.19795    5.885283420    6.210323937    0.325040517
     1      46     0.29692     0.19795     0.19795    5.885283420    6.210323937    0.325040517
     1      46     0.29692     0.19795    -0.19795    5.885283420    6.239614721    0.354331301
     1      46    -0.19795     0.29692     0.19795    5.885283420    6.240092571    0.354809151
     1      46    -0.19795     0.29692    -0.19795    5.885283420    6.210323937    0.325040517
     1      46     0.19795     0.29692     0.19795    5.885283420    6.210323937    0.325040517
     1      46     0.19795     0.29692    -0.19795    5.885283420    6.239543573    0.354260153
     1      46     0.19795     0.29692     0.29692    5.479443096    5.761921398    0.282478301
     1      46    -0.19795     0.29692     0.29692    5.479443096    5.762182362    0.282739266
     1      46     0.29692     0.19795     0.29692    5.479443096    5.762257296    0.282814200
     1      46     0.29692    -0.19795     0.29692    5.479443096    5.762381225    0.282938128
     1      46     0.29692     0.29692     0.19795    5.479443096    5.762008028    0.282564932
     1      46     0.29692     0.29692    -0.19795    5.479443096    5.762517105    0.283074009
     1      46     0.29692     0.29692     0.29692    5.073938978    5.303462605    0.229523627
