 # Column 1: omega
 # Column 2: eps2(omega)
 # Column 3: eps1(omega)
 # Column 4: JDOS(omega)
     0.000000000     0.000000000     2.423637031     0.000061187
     0.010000000     0.000322864     2.423784185     0.000294846
     0.020000000     0.001252312     2.424229966     0.001106530
     0.030000000     0.003664189     2.424966681     0.003234161
     0.040000000     0.008340936     2.425859416     0.007362219
     0.050000000     0.014786691     2.426176582     0.013055417
     0.060000000     0.020417044     2.423421559     0.018052046
     0.070000000     0.021965173     2.415623044     0.019554127
     0.080000000     0.018443439     2.409765116     0.016961311
     0.090000000     0.012187040     2.408979619     0.012922765
     0.100000000     0.006582583     2.410070659     0.011160157
     0.110000000     0.003359216     2.411404394     0.013255154
     0.120000000     0.002166396     2.412478371     0.017325425
     0.130000000     0.001839755     2.413022077     0.019603880
     0.140000000     0.001542965     2.413374624     0.017696614
     0.150000000     0.001073011     2.414044911     0.012504473
     0.160000000     0.000589142     2.414876517     0.006888505
     0.170000000     0.000252641     2.415717149     0.002956584
     0.180000000     0.000084449     2.416534486     0.000993328
     0.190000000     0.000022152     2.417332198     0.000293280
     0.200000000     0.000005381     2.418119851     0.000239995
     0.210000000     0.000004454     2.418906228     0.000768846
     0.220000000     0.000011914     2.419698287     0.002399299
     0.230000000     0.000029052     2.420501066     0.005889396
     0.240000000     0.000055546     2.421316688     0.011263102
     0.250000000     0.000082733     2.422140339     0.016776943
     0.260000000     0.000095991     2.422961220     0.019472428
     0.270000000     0.000086862     2.423800313     0.017661478
     0.280000000     0.000061786     2.424685927     0.012750613
     0.290000000     0.000036271     2.425608458     0.008150746
     0.300000000     0.000022223     2.426559285     0.006727772
     0.310000000     0.000022047     2.427536401     0.009299107
     0.320000000     0.000030524     2.428538483     0.014363126
     0.330000000     0.000038870     2.429561079     0.018657384
     0.340000000     0.000039693     2.430603650     0.019112043
     0.350000000     0.000031713     2.431681205     0.015276757
     0.360000000     0.000019746     2.432796545     0.009513965
     0.370000000     0.000009582     2.433944420     0.004623591
     0.380000000     0.000003651     2.435122986     0.001805134
     0.390000000     0.000001226     2.436332194     0.000813313
     0.400000000     0.000000849     2.437572420     0.001242224
     0.410000000     0.000001806     2.438844092     0.003297227
     0.420000000     0.000004005     2.440147551     0.007435026
     0.430000000     0.000007065     2.441482824     0.013130495
     0.440000000     0.000009721     2.442849062     0.018065758
     0.450000000     0.000010416     2.444245698     0.019358426
     0.460000000     0.000008693     2.445676411     0.016156539
     0.470000000     0.000005653     2.447142926     0.010512268
     0.480000000     0.000002883     2.448644032     0.005391035
     0.490000000     0.000001238     2.450179280     0.002451928
     0.500000000     0.000000747     2.451748802     0.001938832
     0.510000000     0.000001217     2.453352870     0.003816286
     0.520000000     0.000002512     2.454991744     0.008091480
     0.530000000     0.000004282     2.456665488     0.013827936
     0.540000000     0.000005715     2.458373653     0.018459652
     0.550000000     0.000005944     2.460116240     0.019203664
     0.560000000     0.000004820     2.461895648     0.015602740
     0.570000000     0.000003072     2.463712656     0.010085581
     0.580000000     0.000001630     2.465566703     0.005879441
     0.590000000     0.000000981     2.467457730     0.004976134
     0.600000000     0.000001111     2.469385960     0.007741346
     0.610000000     0.000001722     2.471351627     0.012983742
     0.620000000     0.000002350     2.473354782     0.017920341
     0.630000000     0.000002541     2.475395515     0.019406918
     0.640000000     0.000002145     2.477474951     0.016383846
     0.650000000     0.000001410     2.479593837     0.010773492
     0.660000000     0.000000722     2.481752160     0.005517387
     0.670000000     0.000000288     2.483950085     0.002200998
     0.680000000     0.000000090     2.486187930     0.000687495
     0.690000000     0.000000024     2.488466062     0.000192831
     0.700000000     0.000000017     2.490784864     0.000179587
     0.710000000     0.000000054     2.493144726     0.000629245
     0.720000000     0.000000174     2.495546046     0.002049560
     0.730000000     0.000000445     2.497989224     0.005245926
     0.740000000     0.000000889     2.500474647     0.010520683
     0.750000000     0.000001395     2.503002618     0.016686805
     0.760000000     0.000001742     2.505573325     0.021433499
     0.770000000     0.000001790     2.508187408     0.023471441
     0.780000000     0.000001615     2.510845838     0.023779277
     0.790000000     0.000001390     2.513548873     0.023719335
     0.800000000     0.000001180     2.516296655     0.022708828
     0.810000000     0.000000933     2.519089724     0.019211618
     0.820000000     0.000000633     2.521928841     0.013424476
     0.830000000     0.000000349     2.524814426     0.007482604
     0.840000000     0.000000152     2.527746885     0.003278141
     0.850000000     0.000000052     2.530726707     0.001122350
     0.860000000     0.000000014     2.533754418     0.000299655
     0.870000000     0.000000003     2.536830561     0.000062417
     0.880000000     0.000000000     2.539955690     0.000010987
     0.890000000     0.000000000     2.543130373     0.000008724
     0.900000000     0.000000001     2.546355190     0.000049137
     0.910000000     0.000000005     2.549630733     0.000253003
     0.920000000     0.000000022     2.552957607     0.001027235
     0.930000000     0.000000073     2.556336434     0.003291068
     0.940000000     0.000000191     2.559767843     0.008350291
     0.950000000     0.000000397     2.563252471     0.016845831
     0.960000000     0.000000663     2.566790932     0.027126688
     0.970000000     0.000000889     2.570383816     0.034979455
     0.980000000     0.000000957     2.574031826     0.036190201
     0.990000000     0.000000824     2.577735803     0.030050419
     1.000000000     0.000000567     2.581496635     0.019996531
     1.010000000     0.000000310     2.585314997     0.010632831
     1.020000000     0.000000134     2.589191561     0.004500980
     1.030000000     0.000000046     2.593127075     0.001510806
     1.040000000     0.000000012     2.597122328     0.000401276
     1.050000000     0.000000003     2.601178135     0.000089787
     1.060000000     0.000000001     2.605295326     0.000054277
     1.070000000     0.000000002     2.609474756     0.000209254
     1.080000000     0.000000008     2.613717295     0.000826587
     1.090000000     0.000000026     2.618023837     0.002563384
     1.100000000     0.000000063     2.622395295     0.006192327
     1.110000000     0.000000119     2.626832599     0.011649972
     1.120000000     0.000000175     2.631336690     0.017070214
     1.130000000     0.000000200     2.635908524     0.019484977
     1.140000000     0.000000178     2.640549149     0.017356334
     1.150000000     0.000000126     2.645259647     0.012214583
     1.160000000     0.000000079     2.650041047     0.007372559
     1.170000000     0.000000068     2.654894412     0.005491846
     1.180000000     0.000000104     2.659820843     0.007468580
     1.190000000     0.000000177     2.664821467     0.012358932
     1.200000000     0.000000252     2.669897420     0.017464832
     1.210000000     0.000000281     2.675049863     0.019499280
     1.220000000     0.000000245     2.680280091     0.017067461
     1.230000000     0.000000169     2.685589420     0.011989362
     1.240000000     0.000000097     2.690979098     0.007757807
     1.250000000     0.000000062     2.696450421     0.006994921
     1.260000000     0.000000065     2.702004733     0.010143272
     1.270000000     0.000000089     2.707643418     0.015315678
     1.280000000     0.000000109     2.713367883     0.019084752
     1.290000000     0.000000107     2.719179597     0.018695136
     1.300000000     0.000000081     2.725080101     0.014283302
     1.310000000     0.000000048     2.731070932     0.008500657
     1.320000000     0.000000022     2.737153660     0.003940199
     1.330000000     0.000000008     2.743329903     0.001422423
     1.340000000     0.000000002     2.749601330     0.000400516
     1.350000000     0.000000001     2.755969654     0.000093202
     1.360000000     0.000000000     2.762436639     0.000054365
     1.370000000     0.000000001     2.769004092     0.000217820
     1.380000000     0.000000004     2.775673876     0.000926940
     1.390000000     0.000000014     2.782447902     0.003124544
     1.400000000     0.000000039     2.789328137     0.008279685
     1.410000000     0.000000084     2.796316601     0.017258767
     1.420000000     0.000000144     2.803415364     0.028319049
     1.430000000     0.000000194     2.810626544     0.036596831
     1.440000000     0.000000205     2.817952333     0.037258514
     1.450000000     0.000000171     2.825395051     0.029883781
     1.460000000     0.000000112     2.832957059     0.018880105
     1.470000000     0.000000057     2.840640730     0.009403940
     1.480000000     0.000000023     2.848448523     0.003771486
     1.490000000     0.000000007     2.856382981     0.001621165
     1.500000000     0.000000002     2.864446725     0.002198153
     1.510000000     0.000000001     2.872642461     0.005979562
     1.520000000     0.000000002     2.880972976     0.014473985
     1.530000000     0.000000005     2.889441142     0.028436704
     1.540000000     0.000000013     2.898049923     0.046310930
     1.550000000     0.000000025     2.906802374     0.065149960
     1.560000000     0.000000039     2.915701644     0.082674751
     1.570000000     0.000000047     2.924750982     0.096442873
     1.580000000     0.000000044     2.933953752     0.101572300
     1.590000000     0.000000033     2.943313436     0.093411256
     1.600000000     0.000000020     2.952833612     0.074150899
     1.610000000     0.000000010     2.962517976     0.053858281
     1.620000000     0.000000006     2.972370351     0.042577150
     1.630000000     0.000000008     2.982394689     0.042022576
     1.640000000     0.000000019     2.992595076     0.045905096
     1.650000000     0.000000039     3.002975738     0.047773087
     1.660000000     0.000000064     3.013541046     0.047352234
     1.670000000     0.000000085     3.024295513     0.049422575
     1.680000000     0.000000092     3.035243826     0.058333265
     1.690000000     0.000000083     3.046390865     0.074136019
     1.700000000     0.000000066     3.057741653     0.092689969
     1.710000000     0.000000048     3.069301387     0.109126832
     1.720000000     0.000000032     3.081075473     0.121225077
     1.730000000     0.000000021     3.093069510     0.128719747
     1.740000000     0.000000013     3.105289303     0.130922807
     1.750000000     0.000000009     3.117740877     0.127661051
     1.760000000     0.000000007     3.130430492     0.120556532
     1.770000000     0.000000005     3.143364645     0.109974048
     1.780000000     0.000000005     3.156550088     0.093447153
     1.790000000     0.000000005     3.169993840     0.071244006
     1.800000000     0.000000007     3.183703196     0.051032463
     1.810000000     0.000000012     3.197685746     0.043127676
     1.820000000     0.000000018     3.211949388     0.051539602
     1.830000000     0.000000022     3.226502341     0.070223355
     1.840000000     0.000000022     3.241353171     0.086998930
     1.850000000     0.000000018     3.256510812     0.092238815
     1.860000000     0.000000013     3.271984567     0.086548676
     1.870000000     0.000000011     3.287784141     0.080608049
     1.880000000     0.000000016     3.303919659     0.085803166
     1.890000000     0.000000029     3.320401696     0.103478543
     1.900000000     0.000000045     3.337241295     0.122952492
     1.910000000     0.000000056     3.354449995     0.130687293
     1.920000000     0.000000057     3.372039871     0.122422236
     1.930000000     0.000000048     3.390023576     0.105820723
     1.940000000     0.000000036     3.408414333     0.090462768
     1.950000000     0.000000026     3.427225987     0.078148585
     1.960000000     0.000000019     3.446473060     0.065911589
     1.970000000     0.000000014     3.466170786     0.054497522
     1.980000000     0.000000010     3.486335149     0.047978924
     1.990000000     0.000000008     3.506982933     0.046738848
     2.000000000     0.000000006     3.528131778     0.046795615
     2.010000000     0.000000005     3.549800234     0.046836560
     2.020000000     0.000000004     3.572007823     0.051696524
     2.030000000     0.000000005     3.594775104     0.066804368
     2.040000000     0.000000007     3.618123741     0.090949599
     2.050000000     0.000000012     3.642076585     0.115539396
     2.060000000     0.000000016     3.666657754     0.129998460
     2.070000000     0.000000018     3.691892731     0.128176153
     2.080000000     0.000000017     3.717808461     0.111216197
     2.090000000     0.000000014     3.744433455     0.085370168
     2.100000000     0.000000010     3.771797910     0.057891622
     2.110000000     0.000000008     3.799933843     0.034893407
     2.120000000     0.000000009     3.828875229     0.020856041
     2.130000000     0.000000014     3.858658156     0.018257771
     2.140000000     0.000000024     3.889320998     0.027751696
     2.150000000     0.000000035     3.920904599     0.048727211
     2.160000000     0.000000041     3.953452490     0.078549109
     2.170000000     0.000000040     3.987011118     0.110312220
     2.180000000     0.000000034     4.021630090     0.132779537
     2.190000000     0.000000027     4.057362452     0.136367575
     2.200000000     0.000000020     4.094265002     0.121245067
     2.210000000     0.000000013     4.132398646     0.097359509
     2.220000000     0.000000008     4.171828771     0.074858408
     2.230000000     0.000000005     4.212625682     0.056798815
     2.240000000     0.000000003     4.254865083     0.042115270
     2.250000000     0.000000003     4.298628616     0.031442254
     2.260000000     0.000000005     4.344004472     0.026914318
     2.270000000     0.000000007     4.391088073     0.029154917
     2.280000000     0.000000010     4.439982847     0.037991115
     2.290000000     0.000000014     4.490801111     0.054383891
     2.300000000     0.000000019     4.543665059     0.077449478
     2.310000000     0.000000023     4.598707900     0.099648553
     2.320000000     0.000000022     4.656075166     0.109510853
     2.330000000     0.000000017     4.715926204     0.101697826
     2.340000000     0.000000012     4.778435878     0.082827031
     2.350000000     0.000000008     4.843796555     0.066121154
     2.360000000     0.000000008     4.912220408     0.060551066
     2.370000000     0.000000010     4.983942086     0.064557129
     2.380000000     0.000000015     5.059221846     0.069166952
     2.390000000     0.000000021     5.138349218     0.066751954
     2.400000000     0.000000025     5.221647327     0.057156748
     2.410000000     0.000000027     5.309478039     0.047040522
     2.420000000     0.000000030     5.402248062     0.045009772
     2.430000000     0.000000034     5.500416264     0.056319325
     2.440000000     0.000000040     5.604502490     0.079110718
     2.450000000     0.000000041     5.715098268     0.103993269
     2.460000000     0.000000035     5.832879874     0.118194641
     2.470000000     0.000000025     5.958624354     0.112985442
     2.480000000     0.000000015     6.093229399     0.089996920
     2.490000000     0.000000007     6.237738153     0.060927940
     2.500000000     0.000000003     6.393370455     0.039873502
     2.510000000     0.000000002     6.561562539     0.034545538
     2.520000000     0.000000002     6.744017997     0.042579703
     2.530000000     0.000000003     6.942773880     0.054010789
     2.540000000     0.000000006     7.160287431     0.058499902
     2.550000000     0.000000012     7.399551246     0.053394534
     2.560000000     0.000000026     7.664248141     0.045625706
     2.570000000     0.000000056     7.958962163     0.044963448
     2.580000000     0.000000264     8.289469944     0.055634480
     2.590000000     0.000003435     8.663148079     0.074350251
     2.600000000     0.000045433     9.089548577     0.094140458
     2.610000000     0.000480963     9.581215024     0.107946038
     2.620000000     0.004002433    10.154828078     0.110354224
     2.630000000     0.026193579    10.832735697     0.100349195
     2.640000000     0.135076473    11.644656893     0.083999704
     2.650000000     0.550163470    12.628100804     0.072936677
     2.660000000     1.774511093    13.820699945     0.079466404
     2.670000000     4.546722369    15.215092398     0.111660513
     2.680000000     9.293500320    16.560470826     0.168026604
     2.690000000    15.258564878    16.757267267     0.233309510
     2.700000000    20.390447406    13.849463909     0.283958617
     2.710000000    22.763784237     8.495277649     0.305758378
     2.720000000    22.230417494     4.746614094     0.306061225
     2.730000000    20.160250304     3.702080688     0.301425078
     2.740000000    17.682735666     2.165332768     0.294502898
     2.750000000    14.992965345    -0.094976610     0.274252519
     2.760000000    12.308613568    -1.013669496     0.239869052
     2.770000000    10.426613070    -0.052831126     0.211821819
     2.780000000     9.909278530     0.877740463     0.213657999
     2.790000000    10.307291046     0.450973251     0.248863763
     2.800000000    10.537024937    -0.256410871     0.296895186
     2.810000000     9.827935039    -1.291436133     0.327601798
     2.820000000     8.301678478    -2.225841300     0.322258733
     2.830000000     6.800092970    -1.643855436     0.286945772
     2.840000000     6.069737034    -0.511777642     0.245435216
     2.850000000     6.084742870    -0.094201915     0.217709259
     2.860000000     6.324850337    -0.720196289     0.207672276
     2.870000000     6.537082040    -0.741441163     0.209193339
     2.880000000     6.795945606    -0.129845333     0.215414180
     2.890000000     6.950514389    -0.339240329     0.220329905
     2.900000000     6.634698469    -1.590611989     0.219150980
     2.910000000     5.898008282    -1.857348263     0.211931468
     2.920000000     5.259526467    -1.167390603     0.203311242
     2.930000000     4.964744026    -0.697209158     0.195693023
     2.940000000     4.646156266    -1.215765081     0.185935705
     2.950000000     3.942442937    -1.680781451     0.172289803
     2.960000000     3.133916343    -1.183193630     0.162070834
     2.970000000     2.913948013    -0.274569608     0.166997173
     2.980000000     3.631129183     0.592975695     0.188640881
     2.990000000     4.878247104     0.898318480     0.211584230
     3.000000000     5.849412209    -0.041611512     0.216585936
     3.010000000     6.081095047    -1.116897235     0.200470520
     3.020000000     5.715760698    -1.165474044     0.176463175
     3.030000000     5.041532733    -1.264874531     0.155258397
     3.040000000     4.103183173    -1.943310247     0.135303376
     3.050000000     2.913378793    -2.074694542     0.113314593
     3.060000000     1.726847939    -1.549551457     0.095153838
     3.070000000     0.897532873    -0.837622380     0.092851781
     3.080000000     0.646915440    -0.103954474     0.115294947
     3.090000000     1.085436079     0.627517753     0.161696673
     3.100000000     2.272332286     1.328168984     0.219405366
     3.110000000     4.039863363     1.803068244     0.267654232
     3.120000000     5.786309483     1.429238879     0.287621184
     3.130000000     6.678717812    -0.055826880     0.272436716
     3.140000000     6.242224001    -1.486423958     0.230098280
     3.150000000     4.738293841    -2.298211000     0.179160558
     3.160000000     2.920139393    -2.195827627     0.140008694
     3.170000000     1.456124655    -1.667737842     0.124024695
     3.180000000     0.585594645    -1.078776829     0.127549139
     3.190000000     0.197834646    -0.516712107     0.138377269
     3.200000000     0.100375692     0.018566934     0.149749195
     3.210000000     0.214618378     0.545868999     0.166798706
     3.220000000     0.632545627     1.083024410     0.200701395
     3.230000000     1.541656183     1.625801104     0.259653769
     3.240000000     2.994637906     2.072388318     0.341481647
     3.250000000     4.632226724     2.027838210     0.427287137
     3.260000000     5.706771029     0.979717039     0.485154834
     3.270000000     5.595404901    -0.649888164     0.490427307
     3.280000000     4.359428375    -1.578427665     0.445358930
     3.290000000     2.693099224    -1.478097432     0.375766542
     3.300000000     1.316750769    -1.015789045     0.309436414
     3.310000000     0.513650664    -0.514008970     0.261034765
     3.320000000     0.185100731    -0.040232335     0.234201699
     3.330000000     0.152705100     0.406509456     0.228635883
     3.340000000     0.342189312     0.838473923     0.241543744
     3.350000000     0.756408297     1.256306226     0.266688009
     3.360000000     1.330428429     1.603601142     0.293942533
     3.370000000     1.848807787     1.664493654     0.309541058
     3.380000000     2.091298617     1.301614744     0.302752640
     3.390000000     2.100851705     1.156582869     0.277278293
     3.400000000     2.195431053     1.446234966     0.251855846
     3.410000000     2.591337472     1.791919068     0.244547092
     3.420000000     3.066280739     1.714310495     0.255998103
     3.430000000     3.139622211     0.916815613     0.268633028
     3.440000000     2.598587960     0.386130428     0.262895584
     3.450000000     1.727891102     0.559790363     0.235442257
     3.460000000     1.014723311     0.997883607     0.202108409
     3.470000000     0.756388851     1.480961644     0.183520057
     3.480000000     0.939398447     1.938959910     0.187689140
     3.490000000     1.318595443     2.263478447     0.205574109
     3.500000000     1.563837990     2.236786546     0.222008467
     3.510000000     1.464153662     2.066396611     0.228178123
     3.520000000     1.070580091     2.277771864     0.222411474
     3.530000000     0.614782931     2.760485665     0.205034600
     3.540000000     0.302542904     3.348839719     0.179950649
     3.550000000     0.237849725     4.009370565     0.158385842
     3.560000000     0.537821067     4.756564664     0.154116191
     3.570000000     1.463876163     5.607801551     0.176372947
     3.580000000     3.352384287     6.524296742     0.228961611
     3.590000000     6.272286963     7.223718951     0.308494051
     3.600000000     9.666936427     6.932418157     0.398582872
     3.610000000    12.464045468     5.122559622     0.471820998
     3.620000000    13.744245926     2.485518511     0.502823255
     3.630000000    13.335989412     0.435056980     0.480941352
     3.640000000    11.748374943    -0.905674026     0.415703048
     3.650000000     9.701496867    -1.949000526     0.333272936
     3.660000000     7.832359382    -2.234861867     0.262594187
     3.670000000     6.591603270    -2.059003363     0.220191086
     3.680000000     6.069253564    -1.552902079     0.206512208
     3.690000000     5.907818986    -1.611092409     0.212095458
     3.700000000     5.607118901    -2.259414624     0.224529514
     3.710000000     4.981837027    -2.251538289     0.235338406
     3.720000000     4.275958461    -2.033294558     0.247838545
     3.730000000     3.928843312    -1.769894840     0.277982567
     3.740000000     4.266268381    -1.098649241     0.338695220
     3.750000000     5.215883810    -0.567021977     0.418137296
     3.760000000     6.251629330    -1.056406999     0.480972668
     3.770000000     6.773145987    -2.196206274     0.497784800
     3.780000000     6.543186706    -2.719081219     0.467088847
     3.790000000     5.687342338    -3.190132420     0.407569042
     3.800000000     4.469259046    -3.657548679     0.341963887
     3.810000000     3.253214226    -3.592537569     0.290341537
     3.820000000     2.499121531    -2.981085445     0.263823602
     3.830000000     2.507025457    -2.241592568     0.259375559
     3.840000000     3.111238909    -1.742259601     0.267748687
     3.850000000     3.753442862    -2.004178567     0.287010513
     3.860000000     3.974852317    -2.776671185     0.324330383
     3.870000000     3.787734532    -2.882202813     0.384770588
     3.880000000     3.461474668    -2.641809142     0.458316995
     3.890000000     3.078730199    -2.793511837     0.518406794
     3.900000000     2.525758918    -3.156659643     0.538746809
     3.910000000     1.841092363    -3.026219016     0.516254216
     3.920000000     1.340466746    -2.537377995     0.475743276
     3.930000000     1.377032126    -1.964756720     0.447701639
     3.940000000     2.048692252    -1.444617030     0.441039840
     3.950000000     3.079081997    -1.230743914     0.440429654
     3.960000000     3.944077122    -1.770198846     0.427439419
     3.970000000     4.206607365    -2.612587641     0.397080485
     3.980000000     3.800067395    -3.112456907     0.355989739
     3.990000000     3.002920955    -3.441947777     0.314973105
     4.000000000     2.175747498    -3.357793806     0.285009562
     4.010000000     1.524605227    -3.128477600     0.272680650
     4.020000000     1.060592677    -3.003478679     0.277182068
     4.030000000     0.735749564    -2.803199240     0.294198344
     4.040000000     0.585602872    -2.472777398     0.319638960
     4.050000000     0.732317645    -2.106254032     0.347200752
     4.060000000     1.249209025    -1.763469374     0.367634488
     4.070000000     1.989966179    -1.571619109     0.374466445
     4.080000000     2.564998161    -1.882600982     0.367480789
     4.090000000     2.602913537    -2.714423007     0.349739445
     4.100000000     2.093655553    -3.109560510     0.326846692
     4.110000000     1.398237851    -2.994141142     0.309423125
     4.120000000     0.896225305    -2.745939498     0.305564923
     4.130000000     0.689623191    -2.540892700     0.305883071
     4.140000000     0.633639429    -2.483848527     0.287307333
     4.150000000     0.555344226    -2.519778121     0.239968129
     4.160000000     0.403370528    -2.453378335     0.181107768
     4.170000000     0.232028005    -2.313173832     0.135192441
     4.180000000     0.104476528    -2.164850232     0.109305580
     4.190000000     0.036944943    -2.026979533     0.094992647
     4.200000000     0.011669690    -1.900772869     0.086423591
     4.210000000     0.009884825    -1.783682737     0.088461183
     4.220000000     0.029016898    -1.672791983     0.108929621
     4.230000000     0.082688827    -1.566004244     0.147616617
     4.240000000     0.185643943    -1.464731440     0.193296248
     4.250000000     0.324859860    -1.384563918     0.229960170
     4.260000000     0.442885645    -1.380271852     0.245187538
     4.270000000     0.470401494    -1.486355567     0.234686876
     4.280000000     0.389258984    -1.546755319     0.203505387
     4.290000000     0.250967344    -1.504697373     0.163998716
     4.300000000     0.126091063    -1.427873044     0.129053135
     4.310000000     0.049523218    -1.348139309     0.105416949
     4.320000000     0.016165956    -1.272108520     0.094326811
     4.330000000     0.008996657    -1.199650802     0.097183624
     4.340000000     0.021150889    -1.129289976     0.116535740
     4.350000000     0.060425055    -1.059791573     0.149695186
     4.360000000     0.138417704    -0.992229133     0.185868510
     4.370000000     0.247512077    -0.937609292     0.214810677
     4.380000000     0.345373962    -0.936429955     0.235554426
     4.390000000     0.376925573    -1.024161803     0.251842234
     4.400000000     0.323404008    -1.086045482     0.262399720
     4.410000000     0.220603602    -1.064720539     0.261021183
     4.420000000     0.122373229    -1.015695181     0.245339147
     4.430000000     0.057588863    -0.963459557     0.222390929
     4.440000000     0.025303840    -0.909221866     0.203747157
     4.450000000     0.015615876    -0.854930866     0.195925437
     4.460000000     0.026125579    -0.801249298     0.199308763
     4.470000000     0.064190887    -0.747947814     0.215274299
     4.480000000     0.135857746    -0.697220756     0.245549057
     4.490000000     0.226556878    -0.662726372     0.281900148
     4.500000000     0.294653949    -0.684936932     0.305837811
     4.510000000     0.298542245    -0.767124238     0.305347377
     4.520000000     0.235705811    -0.799253242     0.287792411
     4.530000000     0.145394277    -0.771430504     0.272383569
     4.540000000     0.071328890    -0.726223242     0.273565072
     4.550000000     0.031216576    -0.679629611     0.292057469
     4.560000000     0.019788225    -0.634833379     0.314294618
     4.570000000     0.027749606    -0.592756720     0.319520416
     4.580000000     0.053815638    -0.554731721     0.297350386
     4.590000000     0.102753711    -0.518138763     0.261598736
     4.600000000     0.170983045    -0.485471849     0.238785546
     4.610000000     0.233230719    -0.484191564     0.239974350
     4.620000000     0.253146886    -0.543094075     0.249541757
     4.630000000     0.215841773    -0.590602797     0.243519649
     4.640000000     0.143830149    -0.579596103     0.214242126
     4.650000000     0.074840013    -0.544922262     0.174789640
     4.660000000     0.030921794    -0.506584728     0.144146438
     4.670000000     0.012719646    -0.469063224     0.133213275
     4.680000000     0.014243095    -0.432485174     0.143250562
     4.690000000     0.035223078    -0.396291083     0.171520846
     4.700000000     0.079351302    -0.361108946     0.214355022
     4.710000000     0.141156225    -0.333345897     0.263702738
     4.720000000     0.196528528    -0.336183337     0.302895532
     4.730000000     0.214566499    -0.387694771     0.312733884
     4.740000000     0.184447648    -0.423399850     0.286992918
     4.750000000     0.125644554    -0.415783555     0.238544257
     4.760000000     0.068617401    -0.390210961     0.186387701
     4.770000000     0.031423991    -0.358997245     0.140738219
     4.780000000     0.016453079    -0.327164560     0.103361875
     4.790000000     0.021530870    -0.295785399     0.076190961
     4.800000000     0.047225044    -0.265014994     0.063901875
     4.810000000     0.091880094    -0.237239863     0.068782349
     4.820000000     0.141152881    -0.224225922     0.084613899
     4.830000000     0.169142333    -0.250252119     0.097026639
     4.840000000     0.157897077    -0.292079297     0.093443029
     4.850000000     0.114851674    -0.294984677     0.074267239
     4.860000000     0.065330237    -0.273125378     0.052900338
     4.870000000     0.030244805    -0.245640914     0.045617248
     4.880000000     0.015994978    -0.217901672     0.063290626
     4.890000000     0.021580736    -0.190612522     0.110112216
     4.900000000     0.046435302    -0.164028704     0.184003699
     4.910000000     0.087259647    -0.141076488     0.273640248
     4.920000000     0.129748520    -0.133637392     0.355418648
     4.930000000     0.151127052    -0.160013561     0.400302014
     4.940000000     0.137671506    -0.194790591     0.392310523
     4.950000000     0.098063778    -0.195224613     0.341558881
     4.960000000     0.054917472    -0.175563332     0.275875683
     4.970000000     0.025719938    -0.151541073     0.220898371
     4.980000000     0.015588751    -0.127430790     0.189362296
     4.990000000     0.023621000    -0.103833408     0.182890293
     5.000000000     0.047927064    -0.081365862     0.195808672
     5.010000000     0.081753866    -0.064238000     0.216418706
     5.020000000     0.109445089    -0.066498754     0.230424050
     5.030000000     0.114224669    -0.094120340     0.228785018
     5.040000000     0.092981254    -0.107082622     0.213265557
     5.050000000     0.059531524    -0.095295380     0.192987528
     5.060000000     0.031970033    -0.075223342     0.175949692
     5.070000000     0.020582811    -0.053891975     0.164562299
     5.080000000     0.027332503    -0.032950386     0.157715131
     5.090000000     0.049493766    -0.013949391     0.154471691
     5.100000000     0.078784964    -0.002028030     0.153727420
     5.110000000     0.100529795    -0.007176816     0.150717801
     5.120000000     0.101312257    -0.030505558     0.137938180
     5.130000000     0.080370981    -0.039803286     0.112472658
     5.140000000     0.050540949    -0.028577889     0.080778199
     5.150000000     0.027117366    -0.010709420     0.055078373
     5.160000000     0.018435392     0.008065048     0.046628471
     5.170000000     0.025672784     0.026403995     0.060826655
     5.180000000     0.045039951     0.042840693     0.093001703
     5.190000000     0.067071751     0.051409093     0.127148213
     5.200000000     0.078672583     0.041223281     0.144757498
     5.210000000     0.072068961     0.026177385     0.140027207
     5.220000000     0.051912600     0.029693975     0.123739959
     5.230000000     0.031089354     0.043832152     0.109796280
     5.240000000     0.020728611     0.060386076     0.102963374
     5.250000000     0.025208094     0.076952817     0.102352927
     5.260000000     0.042168589     0.091917228     0.108655594
     5.270000000     0.062699977     0.099802068     0.120181414
     5.280000000     0.074150227     0.090376647     0.126841001
     5.290000000     0.068717410     0.075346463     0.118078907
     5.300000000     0.050401083     0.077288343     0.097179431
     5.310000000     0.031428170     0.089727549     0.081243804
     5.320000000     0.022455197     0.104571570     0.085330911
     5.330000000     0.026658842     0.119095980     0.108529426
     5.340000000     0.039468983     0.130772888     0.134398931
     5.350000000     0.051209734     0.132937541     0.143689980
     5.360000000     0.052939040     0.123534528     0.129286800
     5.370000000     0.043328852     0.121416603     0.101811533
     5.380000000     0.029652890     0.130513838     0.081017650
     5.390000000     0.021397927     0.143256897     0.080935710
     5.400000000     0.023305140     0.156196825     0.101238351
     5.410000000     0.032907793     0.166962071     0.128758845
     5.420000000     0.042506169     0.170072964     0.145895553
     5.430000000     0.044754744     0.163606207     0.142174736
     5.440000000     0.038787471     0.162939969     0.122399726
     5.450000000     0.030804376     0.171495545     0.103431983
     5.460000000     0.027999027     0.182330170     0.101183063
     5.470000000     0.032264861     0.191010598     0.118639619
     5.480000000     0.039171850     0.195680983     0.143329793
     5.490000000     0.041990102     0.193716756     0.156125627
     5.500000000     0.037416343     0.189844885     0.146313186
     5.510000000     0.028488047     0.194523470     0.120558681
     5.520000000     0.021815747     0.204255115     0.097166938
     5.530000000     0.021651204     0.214599812     0.091231735
     5.540000000     0.026357087     0.222474206     0.103268026
     5.550000000     0.030246468     0.223503090     0.119882209
     5.560000000     0.029087479     0.221141961     0.126277555
     5.570000000     0.024091688     0.225295377     0.119479935
     5.580000000     0.020224534     0.233876028     0.109230075
     5.590000000     0.020739234     0.242779584     0.106650436
     5.600000000     0.023985122     0.248543434     0.113056481
     5.610000000     0.025750508     0.248400128     0.119939471
     5.620000000     0.024297527     0.249176820     0.119699056
     5.630000000     0.022245923     0.255528219     0.114642523
     5.640000000     0.023048964     0.263639735     0.112765266
     5.650000000     0.026430340     0.269290965     0.115502784
     5.660000000     0.028564966     0.268464213     0.114717516
     5.670000000     0.026780455     0.266746376     0.104564752
     5.680000000     0.022660907     0.271223482     0.091566283
     5.690000000     0.019661429     0.278356740     0.087337387
     5.700000000     0.018859188     0.283866370     0.094422698
     5.710000000     0.018541331     0.285537309     0.105886753
     5.720000000     0.017360861     0.287985509     0.117164446
     5.730000000     0.016040316     0.293718597     0.130392908
     5.740000000     0.015632501     0.299647523     0.145829142
     5.750000000     0.015715545     0.302803939     0.156627426
     5.760000000     0.015303017     0.304819073     0.156389474
     5.770000000     0.014464889     0.309451790     0.147212911
     5.780000000     0.013913467     0.314844286     0.136324622
     5.790000000     0.013714403     0.318222800     0.128971787
     5.800000000     0.013503180     0.320888264     0.129164133
     5.810000000     0.013465719     0.325522590     0.142592092
     5.820000000     0.014133924     0.330203875     0.171441638
     5.830000000     0.015463585     0.333165652     0.208006893
     5.840000000     0.016681577     0.336020173     0.238890891
     5.850000000     0.016882993     0.338274749     0.255621437
     5.860000000     0.015678445     0.339555907     0.260570302
     5.870000000     0.013507775     0.342269968     0.264102112
     5.880000000     0.011284060     0.346323294     0.274433333
     5.890000000     0.009629862     0.349877338     0.288640132
     5.900000000     0.008574890     0.353510862     0.295992622
     5.910000000     0.007866799     0.357284382     0.290173325
     5.920000000     0.007293869     0.360709809     0.275561882
     5.930000000     0.006751321     0.364313066     0.263054013
     5.940000000     0.006199563     0.367754792     0.262454054
     5.950000000     0.005623496     0.371244384     0.277481587
     5.960000000     0.005010919     0.374692481     0.306047808
     5.970000000     0.004351558     0.378170124     0.344685468
     5.980000000     0.003660115     0.381671684     0.389542556
     5.990000000     0.003032265     0.385242988     0.429690051
     6.000000000     0.002700219     0.388928721     0.444503494
     6.010000000     0.002961170     0.392754716     0.417977535
     6.020000000     0.003876210     0.396565117     0.356781608
     6.030000000     0.004963878     0.399774800     0.286335621
     6.040000000     0.005391336     0.401647739     0.227920280
     6.050000000     0.004691245     0.403435886     0.185003921
     6.060000000     0.003209052     0.406411460     0.149855016
     6.070000000     0.001715085     0.409904927     0.116334421
     6.080000000     0.000714688     0.413438297     0.085439821
     6.090000000     0.000232037     0.416894149     0.062395442
     6.100000000     0.000058681     0.420261336     0.051066551
     6.110000000     0.000011559     0.423550560     0.051375315
     6.120000000     0.000001776     0.426774774     0.059948296
     6.130000000     0.000000232     0.429945505     0.071458445
     6.140000000     0.000000216     0.433072790     0.080766770
     6.150000000     0.000001612     0.436165842     0.086764580
     6.160000000     0.000010399     0.439233811     0.096983189
     6.170000000     0.000052392     0.442286402     0.129283981
     6.180000000     0.000205688     0.445333769     0.202588754
     6.190000000     0.000629011     0.448383118     0.315015930
     6.200000000     0.001498229     0.451421053     0.430514685
     6.210000000     0.002779394     0.454338347     0.499212579
     6.220000000     0.004015748     0.456708320     0.497685376
     6.230000000     0.004518818     0.457967338     0.445121953
     6.240000000     0.003960309     0.459251708     0.381342689
     6.250000000     0.002703304     0.461589165     0.336061138
     6.260000000     0.001437382     0.464383454     0.315435463
     6.270000000     0.000595569     0.467232156     0.306431438
     6.280000000     0.000192595     0.470035136     0.291011493
     6.290000000     0.000048961     0.472780559     0.261334603
     6.300000000     0.000010178     0.475475118     0.224883537
     6.310000000     0.000002145     0.478127803     0.196546267
     6.320000000     0.000000854     0.480746782     0.187182011
     6.330000000     0.000000859     0.483339290     0.197098821
     6.340000000     0.000002368     0.485912140     0.215110731
     6.350000000     0.000011700     0.488472324     0.224329467
     6.360000000     0.000054888     0.491027473     0.214834109
     6.370000000     0.000207004     0.493585567     0.192526738
     6.380000000     0.000611409     0.496151237     0.172722028
     6.390000000     0.001408070     0.498707317     0.165232723
     6.400000000     0.002526249     0.501138209     0.168107847
     6.410000000     0.003530175     0.503028649     0.173982084
     6.420000000     0.003842026     0.503991660     0.177466669
     6.430000000     0.003256588     0.505189970     0.175241394
     6.440000000     0.002149853     0.507261574     0.163810357
     6.450000000     0.001105399     0.509657116     0.141633355
     6.460000000     0.000442752     0.512081550     0.112317877
     6.470000000     0.000138211     0.514466462     0.083467605
     6.480000000     0.000033679     0.516805541     0.063375074
     6.490000000     0.000006441     0.519105044     0.058189075
     6.500000000     0.000000988     0.521372482     0.067848498
     6.510000000     0.000000167     0.523614630     0.083415515
     6.520000000     0.000000380     0.525837559     0.092448347
     6.530000000     0.000002701     0.528047096     0.089489314
     6.540000000     0.000015667     0.530249332     0.079303794
     6.550000000     0.000070891     0.532450920     0.069260431
     6.560000000     0.000249843     0.534658359     0.061925471
     6.570000000     0.000685767     0.536872763     0.056916733
     6.580000000     0.001465931     0.539065350     0.056607812
     6.590000000     0.002440488     0.541082610     0.065180801
     6.600000000     0.003164219     0.542483527     0.081440645
     6.610000000     0.003195088     0.543246067     0.096472984
     6.620000000     0.002512612     0.544550966     0.101461053
     6.630000000     0.001538844     0.546481572     0.096256950
     6.640000000     0.000733990     0.548580485     0.087323902
     6.650000000     0.000272654     0.550676612     0.078524715
     6.660000000     0.000078879     0.552736204     0.068252081
     6.670000000     0.000017772     0.554759165     0.056027982
     6.680000000     0.000003120     0.556751588     0.047222941
     6.690000000     0.000000437     0.558719789     0.048242357
     6.700000000     0.000000154     0.560669398     0.058808989
     6.710000000     0.000000911     0.562605581     0.071328572
     6.720000000     0.000005928     0.564533479     0.077974513
     6.730000000     0.000030214     0.566458591     0.077595053
     6.740000000     0.000119958     0.568386754     0.075150500
     6.750000000     0.000370928     0.570322218     0.074815396
     6.760000000     0.000893264     0.572257477     0.075615117
     6.770000000     0.001675316     0.574129574     0.075006362
     6.780000000     0.002447036     0.575687166     0.074219631
     6.790000000     0.002783622     0.576566777     0.076887539
     6.800000000     0.002466078     0.577416618     0.083091892
     6.810000000     0.001701491     0.578922068     0.087555582
     6.820000000     0.000914280     0.580730702     0.084836304
     6.830000000     0.000382610     0.582582693     0.075383214
     6.840000000     0.000124698     0.584411742     0.064904672
     6.850000000     0.000031652     0.586209482     0.057856192
     6.860000000     0.000006258     0.587979895     0.054174255
     6.870000000     0.000000969     0.589728633     0.053489074
     6.880000000     0.000000174     0.591460964     0.058819973
     6.890000000     0.000000522     0.593181700     0.072203846
     6.900000000     0.000003513     0.594895539     0.088038306
     6.910000000     0.000018821     0.596607439     0.095221512
     6.920000000     0.000078565     0.598322755     0.088003016
     6.930000000     0.000255441     0.600046191     0.072793243
     6.940000000     0.000646881     0.601775539     0.061619044
     6.950000000     0.001276252     0.603473752     0.059445253
     6.960000000     0.001963499     0.604973169     0.060275881
     6.970000000     0.002363776     0.605934945     0.055493041
     6.980000000     0.002254731     0.606688564     0.043454215
     6.990000000     0.001778138     0.607984768     0.030036241
     7.000000000     0.001303500     0.609609009     0.021740110
     7.010000000     0.001062005     0.611249429     0.019844398
     7.020000000     0.000985623     0.612707584     0.020503105
     7.030000000     0.000879317     0.613992530     0.019176717
     7.040000000     0.000658708     0.615421879     0.014588235
     7.050000000     0.000394093     0.616996541     0.008764894
     7.060000000     0.000191344     0.618604441     0.004247032
     7.070000000     0.000100044     0.620209975     0.002161732
     7.080000000     0.000128282     0.621810539     0.002615997
     7.090000000     0.000289473     0.623408793     0.005715366
     7.100000000     0.000600562     0.624994457     0.011438847
     7.110000000     0.001043127     0.626502213     0.018693756
     7.120000000     0.001551685     0.627791974     0.025281133
     7.130000000     0.002031608     0.628967251     0.029237310
     7.140000000     0.002350208     0.630162204     0.029751144
     7.150000000     0.002346621     0.631014757     0.026763909
     7.160000000     0.001957059     0.631814654     0.020852244
     7.170000000     0.001337639     0.633085086     0.013846690
     7.180000000     0.000780975     0.634595287     0.008477162
     7.190000000     0.000505531     0.636145416     0.006878177
     7.200000000     0.000546302     0.637675030     0.009454174
     7.210000000     0.000778280     0.639132619     0.014516027
     7.220000000     0.000990945     0.640386837     0.018731735
     7.230000000     0.001006179     0.641420133     0.019059813
     7.240000000     0.000798760     0.642604650     0.015134554
     7.250000000     0.000495250     0.643988910     0.009375819
     7.260000000     0.000245987     0.645432186     0.004607141
     7.270000000     0.000127339     0.646882961     0.002162110
     7.280000000     0.000167130     0.648335052     0.002263447
     7.290000000     0.000416208     0.649791023     0.005348665
     7.300000000     0.000939455     0.651239997     0.012237161
     7.310000000     0.001690486     0.652603012     0.022505526
     7.320000000     0.002401389     0.653616474     0.032755880
     7.330000000     0.002694059     0.654089440     0.037708710
     7.340000000     0.002389203     0.654586068     0.034342369
     7.350000000     0.001675966     0.655583883     0.024738219
     7.360000000     0.000930075     0.656903197     0.014085866
     7.370000000     0.000408391     0.658293815     0.006336539
     7.380000000     0.000143148     0.659675305     0.002272093
     7.390000000     0.000047409     0.661036012     0.000772668
     7.400000000     0.000044904     0.662380571     0.000753024
     7.410000000     0.000121539     0.663715953     0.002046444
     7.420000000     0.000308066     0.665045807     0.005185940
     7.430000000     0.000616910     0.666357217     0.010374532
     7.440000000     0.000973570     0.667575645     0.016323691
     7.450000000     0.001236437     0.668537339     0.020555358
     7.460000000     0.001334749     0.669382416     0.021712175
     7.470000000     0.001358735     0.670484096     0.021176508
     7.480000000     0.001434393     0.671702640     0.021201241
     7.490000000     0.001526279     0.672732607     0.021717626
     7.500000000     0.001462609     0.673446784     0.020443796
     7.510000000     0.001163332     0.674318927     0.016162035
     7.520000000     0.000755788     0.675488818     0.010526392
     7.530000000     0.000453429     0.676756398     0.006484337
     7.540000000     0.000393583     0.678033078     0.006020415
     7.550000000     0.000584821     0.679289864     0.009318555
     7.560000000     0.000912241     0.680469522     0.014661193
     7.570000000     0.001169927     0.681412187     0.018827055
     7.580000000     0.001178013     0.682116541     0.018960772
     7.590000000     0.000925914     0.683021822     0.014904122
     7.600000000     0.000572916     0.684158718     0.009225599
     7.610000000     0.000302120     0.685362454     0.004880043
     7.620000000     0.000210577     0.686573781     0.003446931
     7.630000000     0.000319350     0.687781075     0.005290143
     7.640000000     0.000602978     0.688970908     0.010008090
     7.650000000     0.000968006     0.690076070     0.016048852
     7.660000000     0.001264965     0.690931582     0.020897334
     7.670000000     0.001403842     0.691629027     0.023001840
     7.680000000     0.001439043     0.692563210     0.023237596
     7.690000000     0.001464456     0.693607882     0.023245644
     7.700000000     0.001450667     0.694438822     0.022736744
     7.710000000     0.001281944     0.695067756     0.019962040
     7.720000000     0.000939209     0.695935341     0.014585307
     7.730000000     0.000549453     0.697012036     0.008523811
     7.740000000     0.000252802     0.698136432     0.003920756
     7.750000000     0.000091714     0.699256747     0.001425823
     7.760000000     0.000030813     0.700366281     0.000499538
     7.770000000     0.000030673     0.701469218     0.000573180
     7.780000000     0.000093845     0.702571732     0.001794624
     7.790000000     0.000272508     0.703678392     0.005142670
     7.800000000     0.000635527     0.704783214     0.011776383
     7.810000000     0.001184183     0.705835114     0.021479740
     7.820000000     0.001767129     0.706666926     0.031305790
     7.830000000     0.002114930     0.707149479     0.036552906
     7.840000000     0.002029550     0.707488968     0.034231870
     7.850000000     0.001558758     0.708067354     0.025699894
     7.860000000     0.000955211     0.708997689     0.015435588
     7.870000000     0.000465308     0.710050909     0.007392817
     7.880000000     0.000179493     0.711112728     0.002812974
     7.890000000     0.000054709     0.712158905     0.000848381
     7.900000000     0.000013763     0.713189747     0.000213023
     7.910000000     0.000006932     0.714210640     0.000115843
     7.920000000     0.000023157     0.715227775     0.000406916
     7.930000000     0.000090541     0.716247233     0.001604710
     7.940000000     0.000280004     0.717273481     0.004995939
     7.950000000     0.000675132     0.718301779     0.012127096
     7.960000000     0.001268662     0.719285322     0.022943572
     7.970000000     0.001857952     0.720035467     0.033831917
     7.980000000     0.002120605     0.720278089     0.038882506
     7.990000000     0.001886367     0.720489616     0.034829258
     8.000000000     0.001307790     0.721199788     0.024316233
     8.010000000     0.000706641     0.722151667     0.013231521
     8.020000000     0.000297587     0.723144110     0.005611575
     8.030000000     0.000097690     0.724125166     0.001855122
     8.040000000     0.000025140     0.725088686     0.000480288
     8.050000000     0.000006157     0.726038592     0.000114774
     8.060000000     0.000007789     0.726980531     0.000129385
     8.070000000     0.000032833     0.727920260     0.000546049
     8.080000000     0.000119474     0.728863134     0.002029401
     8.090000000     0.000341014     0.729811853     0.005932270
     8.100000000     0.000761904     0.730755311     0.013604652
     8.110000000     0.001333110     0.731623890     0.024495082
     8.120000000     0.001827706     0.732196202     0.034691665
     8.130000000     0.001964475     0.732353991     0.038903294
     8.140000000     0.001656115     0.732650586     0.035411384
     8.150000000     0.001095495     0.733355690     0.028517466
     8.160000000     0.000568771     0.734234352     0.024983844
     8.170000000     0.000231821     0.735135239     0.028269305
     8.180000000     0.000074180     0.736019784     0.036503208
     8.190000000     0.000018635     0.736883451     0.045188432
     8.200000000     0.000003675     0.737728750     0.051004707
     8.210000000     0.000000571     0.738558872     0.053292883
     8.220000000     0.000000077     0.739376456     0.052980071
     8.230000000     0.000000022     0.740183499     0.050864461
     8.240000000     0.000000027     0.740981487     0.046794910
     8.250000000     0.000000034     0.741771525     0.040079802
     8.260000000     0.000000034     0.742554453     0.030707877
     8.270000000     0.000000027     0.743330932     0.020228372
     8.280000000     0.000000016     0.744101468     0.011091283
     8.290000000     0.000000008     0.744866458     0.004944273
     8.300000000     0.000000003     0.745626227     0.001763759
     8.310000000     0.000000001     0.746381038     0.000498363
     8.320000000     0.000000000     0.747131113     0.000110820
     8.330000000     0.000000000     0.747876639     0.000019316
     8.340000000     0.000000000     0.748617773     0.000002632
     8.350000000     0.000000000     0.749354651     0.000000280
     8.360000000     0.000000000     0.750087393     0.000000023
     8.370000000     0.000000000     0.750816101     0.000000002
     8.380000000     0.000000000     0.751540870     0.000000000
     8.390000000     0.000000000     0.752261781     0.000000000
     8.400000000     0.000000000     0.752978909     0.000000000
     8.410000000     0.000000000     0.753692322     0.000000000
     8.420000000     0.000000000     0.754402080     0.000000000
     8.430000000     0.000000000     0.755108242     0.000000000
     8.440000000     0.000000000     0.755810859     0.000000000
     8.450000000     0.000000000     0.756509981     0.000000000
     8.460000000     0.000000000     0.757205653     0.000000000
     8.470000000     0.000000000     0.757897919     0.000000000
     8.480000000     0.000000000     0.758586818     0.000000000
     8.490000000     0.000000000     0.759272390     0.000000000
     8.500000000     0.000000000     0.759954670     0.000000000
     8.510000000     0.000000000     0.760633693     0.000000000
     8.520000000     0.000000000     0.761309493     0.000000000
     8.530000000     0.000000000     0.761982101     0.000000000
     8.540000000     0.000000000     0.762651549     0.000000000
     8.550000000     0.000000000     0.763317864     0.000000000
     8.560000000     0.000000000     0.763981077     0.000000000
     8.570000000     0.000000000     0.764641214     0.000000000
     8.580000000     0.000000000     0.765298303     0.000000000
     8.590000000     0.000000000     0.765952369     0.000000000
     8.600000000     0.000000000     0.766603437     0.000000000
     8.610000000     0.000000000     0.767251532     0.000000000
     8.620000000     0.000000000     0.767896677     0.000000000
     8.630000000     0.000000000     0.768538897     0.000000000
     8.640000000     0.000000000     0.769178214     0.000000000
     8.650000000     0.000000000     0.769814651     0.000000000
     8.660000000     0.000000000     0.770448228     0.000000000
     8.670000000     0.000000000     0.771078969     0.000000000
     8.680000000     0.000000000     0.771706893     0.000000000
     8.690000000     0.000000000     0.772332021     0.000000000
     8.700000000     0.000000000     0.772954373     0.000000000
     8.710000000     0.000000000     0.773573971     0.000000000
     8.720000000     0.000000000     0.774190832     0.000000000
     8.730000000     0.000000000     0.774804976     0.000000000
     8.740000000     0.000000000     0.775416423     0.000000000
     8.750000000     0.000000000     0.776025190     0.000000000
     8.760000000     0.000000000     0.776631297     0.000000000
     8.770000000     0.000000000     0.777234761     0.000000000
     8.780000000     0.000000000     0.777835600     0.000000000
     8.790000000     0.000000000     0.778433832     0.000000000
     8.800000000     0.000000000     0.779029474     0.000000000
     8.810000000     0.000000000     0.779622543     0.000000000
     8.820000000     0.000000000     0.780213057     0.000000000
     8.830000000     0.000000000     0.780801032     0.000000000
     8.840000000     0.000000000     0.781386485     0.000000000
     8.850000000     0.000000000     0.781969432     0.000000000
     8.860000000     0.000000000     0.782549888     0.000000000
     8.870000000     0.000000000     0.783127871     0.000000000
     8.880000000     0.000000000     0.783703395     0.000000000
     8.890000000     0.000000000     0.784276477     0.000000000
     8.900000000     0.000000000     0.784847132     0.000000000
     8.910000000     0.000000000     0.785415374     0.000000000
     8.920000000     0.000000000     0.785981220     0.000000000
     8.930000000     0.000000000     0.786544684     0.000000000
     8.940000000     0.000000000     0.787105781     0.000000000
     8.950000000     0.000000000     0.787664526     0.000000000
     8.960000000     0.000000000     0.788220932     0.000000000
     8.970000000     0.000000000     0.788775015     0.000000000
     8.980000000     0.000000000     0.789326789     0.000000000
     8.990000000     0.000000000     0.789876267     0.000000000
     9.000000000     0.000000000     0.790423464     0.000000000
