 # Column 1: omega
 # Column 2: eps2(omega)
 # Column 3: eps1(omega)
 # Column 4: JDOS(omega)
     0.000000000     0.000000000     2.531527232     0.000386847
     0.010000000     0.002036076     2.531737879     0.001368671
     0.020000000     0.005730648     2.532318084     0.003786556
     0.030000000     0.011812574     2.532936130     0.008193163
     0.040000000     0.018887312     2.532158751     0.013868805
     0.050000000     0.023513445     2.526531945     0.018381955
     0.060000000     0.022798872     2.517550720     0.019156813
     0.070000000     0.017221476     2.513629176     0.016025811
     0.080000000     0.010146722     2.513834732     0.011807724
     0.090000000     0.004693958     2.515097520     0.010050108
     0.100000000     0.001763621     2.516410129     0.012211241
     0.110000000     0.000623093     2.517569501     0.016549165
     0.120000000     0.000289554     2.518552280     0.019404282
     0.130000000     0.000188872     2.519430284     0.018146580
     0.140000000     0.000123552     2.520289667     0.013295150
     0.150000000     0.000066862     2.521134220     0.007603797
     0.160000000     0.000028517     2.521963053     0.003392791
     0.170000000     0.000009494     2.522784435     0.001185151
     0.180000000     0.000002465     2.523607517     0.000352793
     0.190000000     0.000000512     2.524439867     0.000238304
     0.200000000     0.000000136     2.525287371     0.000709148
     0.210000000     0.000000189     2.526154564     0.002230014
     0.220000000     0.000000432     2.527044966     0.005551212
     0.230000000     0.000000808     2.527961317     0.010786780
     0.240000000     0.000001180     2.528905706     0.016353006
     0.250000000     0.000001342     2.529879750     0.019347686
     0.260000000     0.000001192     2.530885231     0.017900203
     0.270000000     0.000000842     2.531923704     0.013123724
     0.280000000     0.000000528     2.532996034     0.008273218
     0.290000000     0.000000439     2.534102982     0.006283357
     0.300000000     0.000000630     2.535245277     0.008244879
     0.310000000     0.000001009     2.536423540     0.013096100
     0.320000000     0.000001350     2.537638206     0.017905141
     0.330000000     0.000001423     2.538889725     0.019388749
     0.340000000     0.000001170     2.540179085     0.016404131
     0.350000000     0.000000750     2.541506906     0.010822800
     0.360000000     0.000000380     2.542873420     0.005575321
     0.370000000     0.000000181     2.544278951     0.002296356
     0.380000000     0.000000206     2.545723882     0.001009247
     0.390000000     0.000000586     2.547208599     0.001321521
     0.400000000     0.000001592     2.548733470     0.003347428
     0.410000000     0.000003420     2.550298790     0.007457735
     0.420000000     0.000005728     2.551904558     0.013088981
     0.430000000     0.000007473     2.553550093     0.017955991
     0.440000000     0.000007595     2.555235617     0.019244403
     0.450000000     0.000006012     2.556964254     0.016114169
     0.460000000     0.000003708     2.558736636     0.010550232
     0.470000000     0.000001788     2.560552021     0.005452153
     0.480000000     0.000000699     2.562410339     0.002466409
     0.490000000     0.000000310     2.564311861     0.001840115
     0.500000000     0.000000368     2.566256943     0.003531475
     0.510000000     0.000000710     2.568245947     0.007594228
     0.520000000     0.000001188     2.570279184     0.013250305
     0.530000000     0.000001563     2.572356824     0.018094755
     0.540000000     0.000001603     2.574479209     0.019285492
     0.550000000     0.000001283     2.576647313     0.016072830
     0.560000000     0.000000811     2.578861622     0.010644806
     0.570000000     0.000000441     2.581122311     0.006244984
     0.580000000     0.000000303     2.583429701     0.005026411
     0.590000000     0.000000396     2.585784191     0.007489780
     0.600000000     0.000000624     2.588186176     0.012556602
     0.610000000     0.000000834     2.590635995     0.017559849
     0.620000000     0.000000880     2.593134038     0.019353763
     0.630000000     0.000000724     2.595681060     0.016678180
     0.640000000     0.000000465     2.598277629     0.011225482
     0.650000000     0.000000233     2.600924098     0.005900180
     0.660000000     0.000000091     2.603620901     0.002421947
     0.670000000     0.000000028     2.606368525     0.000779392
     0.680000000     0.000000009     2.609167485     0.000217754
     0.690000000     0.000000012     2.612018308     0.000167493
     0.700000000     0.000000045     2.614921535     0.000561080
     0.710000000     0.000000144     2.617877718     0.001857632
     0.720000000     0.000000365     2.620887416     0.004851143
     0.730000000     0.000000720     2.623951185     0.009932792
     0.740000000     0.000001106     2.627069518     0.016077625
     0.750000000     0.000001329     2.630242824     0.021017469
     0.760000000     0.000001255     2.633471909     0.023267151
     0.770000000     0.000000949     2.636757820     0.023614539
     0.780000000     0.000000597     2.640101079     0.023549847
     0.790000000     0.000000338     2.643502179     0.022764810
     0.800000000     0.000000189     2.646961765     0.019694106
     0.810000000     0.000000105     2.650480561     0.014199539
     0.820000000     0.000000054     2.654059271     0.008212389
     0.830000000     0.000000024     2.657698610     0.003747841
     0.840000000     0.000000008     2.661399316     0.001340913
     0.850000000     0.000000002     2.665162151     0.000375194
     0.860000000     0.000000001     2.668987895     0.000082090
     0.870000000     0.000000000     2.672877347     0.000014791
     0.880000000     0.000000000     2.676831325     0.000008541
     0.890000000     0.000000000     2.680850666     0.000044384
     0.900000000     0.000000002     2.684936227     0.000229533
     0.910000000     0.000000008     2.689088888     0.000937669
     0.920000000     0.000000031     2.693309548     0.003023567
     0.930000000     0.000000098     2.697599129     0.007728792
     0.940000000     0.000000245     2.701958573     0.015741511
     0.950000000     0.000000483     2.706388829     0.025686575
     0.960000000     0.000000747     2.710890827     0.033752840
     0.970000000     0.000000905     2.715465464     0.035850232
     0.980000000     0.000000859     2.720113864     0.030825995
     0.990000000     0.000000637     2.724837386     0.021434773
     1.000000000     0.000000369     2.729637074     0.012012492
     1.010000000     0.000000167     2.734513936     0.005399623
     1.020000000     0.000000059     2.739469084     0.001936501
     1.030000000     0.000000016     2.744503687     0.000551988
     1.040000000     0.000000003     2.749618951     0.000130000
     1.050000000     0.000000001     2.754816113     0.000061001
     1.060000000     0.000000001     2.760096442     0.000202669
     1.070000000     0.000000004     2.765461239     0.000796917
     1.080000000     0.000000014     2.770911838     0.002479568
     1.090000000     0.000000035     2.776449606     0.006020131
     1.100000000     0.000000067     2.782075945     0.011401031
     1.110000000     0.000000100     2.787792286     0.016842341
     1.120000000     0.000000117     2.793600090     0.019411732
     1.130000000     0.000000108     2.799500895     0.017479150
     1.140000000     0.000000082     2.805496292     0.012418420
     1.150000000     0.000000066     2.811587865     0.007450852
     1.160000000     0.000000090     2.817777245     0.005248990
     1.170000000     0.000000177     2.824066110     0.006816843
     1.180000000     0.000000317     2.830456177     0.011452910
     1.190000000     0.000000454     2.836949172     0.016745375
     1.200000000     0.000000508     2.843546861     0.019420357
     1.210000000     0.000000444     2.850251249     0.017676635
     1.220000000     0.000000305     2.857064376     0.012866678
     1.230000000     0.000000175     2.863988153     0.008389974
     1.240000000     0.000000108     2.871024573     0.007123941
     1.250000000     0.000000112     2.878175715     0.009828081
     1.260000000     0.000000156     2.885443721     0.014847217
     1.270000000     0.000000195     2.892830779     0.018833633
     1.280000000     0.000000195     2.900339166     0.018869199
     1.290000000     0.000000153     2.907971297     0.014776866
     1.300000000     0.000000094     2.915729586     0.009030121
     1.310000000     0.000000045     2.923616489     0.004304946
     1.320000000     0.000000017     2.931634549     0.001601007
     1.330000000     0.000000005     2.939786395     0.000465039
     1.340000000     0.000000001     2.948074734     0.000110542
     1.350000000     0.000000001     2.956502356     0.000056393
     1.360000000     0.000000002     2.965072137     0.000208518
     1.370000000     0.000000010     2.973787037     0.000880350
     1.380000000     0.000000034     2.982650111     0.002957508
     1.390000000     0.000000087     2.991664504     0.007831110
     1.400000000     0.000000177     3.000833456     0.016372034
     1.410000000     0.000000284     3.010160291     0.027080023
     1.420000000     0.000000360     3.019648417     0.035505057
     1.430000000     0.000000361     3.029301419     0.036958661
     1.440000000     0.000000287     3.039123066     0.030579947
     1.450000000     0.000000181     3.049117169     0.020141643
     1.460000000     0.000000091     3.059287610     0.010670815
     1.470000000     0.000000036     3.069638414     0.005012809
     1.480000000     0.000000012     3.080173759     0.003558054
     1.490000000     0.000000006     3.090897966     0.005852635
     1.500000000     0.000000011     3.101815504     0.011353751
     1.510000000     0.000000030     3.112930992     0.019016439
     1.520000000     0.000000078     3.124249210     0.027618114
     1.530000000     0.000000175     3.135775099     0.037285493
     1.540000000     0.000000322     3.147513765     0.049562692
     1.550000000     0.000000485     3.159470458     0.064679625
     1.560000000     0.000000603     3.171650619     0.079501169
     1.570000000     0.000000637     3.184059996     0.089138612
     1.580000000     0.000000596     3.196704582     0.089977204
     1.590000000     0.000000512     3.209590415     0.081530752
     1.600000000     0.000000409     3.222723783     0.067436127
     1.610000000     0.000000310     3.236111321     0.054474552
     1.620000000     0.000000242     3.249759836     0.048029433
     1.630000000     0.000000218     3.263676343     0.047891784
     1.640000000     0.000000228     3.277868143     0.049923054
     1.650000000     0.000000266     3.292342873     0.051704833
     1.660000000     0.000000369     3.307108503     0.055236660
     1.670000000     0.000000592     3.322173244     0.063968286
     1.680000000     0.000000920     3.337545598     0.077725056
     1.690000000     0.000001219     3.353234327     0.091226010
     1.700000000     0.000001318     3.369248623     0.099087847
     1.710000000     0.000001164     3.385598476     0.102030972
     1.720000000     0.000000876     3.402294105     0.105204738
     1.730000000     0.000000621     3.419345805     0.110620586
     1.740000000     0.000000481     3.436764408     0.115119949
     1.750000000     0.000000441     3.454561305     0.115089058
     1.760000000     0.000000460     3.472748357     0.108891192
     1.770000000     0.000000534     3.491337987     0.096155590
     1.780000000     0.000000696     3.510343187     0.079300996
     1.790000000     0.000000960     3.529777467     0.064643611
     1.800000000     0.000001269     3.549654843     0.058421734
     1.810000000     0.000001506     3.569990130     0.061911857
     1.820000000     0.000001568     3.590798959     0.071155421
     1.830000000     0.000001439     3.612097539     0.080125655
     1.840000000     0.000001209     3.633903095     0.084248597
     1.850000000     0.000001001     3.656233461     0.083124816
     1.860000000     0.000000879     3.679107185     0.081165088
     1.870000000     0.000000822     3.702543858     0.084681984
     1.880000000     0.000000790     3.726564232     0.096437651
     1.890000000     0.000000780     3.751189991     0.111916150
     1.900000000     0.000000833     3.776443922     0.121936279
     1.910000000     0.000001001     3.802350057     0.120590571
     1.920000000     0.000001310     3.828933690     0.110058924
     1.930000000     0.000001711     3.856221350     0.096517220
     1.940000000     0.000002092     3.884241086     0.083456222
     1.950000000     0.000002336     3.913022688     0.071216143
     1.960000000     0.000002379     3.942597675     0.060493384
     1.970000000     0.000002238     3.972999027     0.052935356
     1.980000000     0.000002018     4.004262092     0.049211178
     1.990000000     0.000001855     4.036424129     0.048675269
     2.000000000     0.000001784     4.069524252     0.050863625
     2.010000000     0.000001720     4.103604027     0.056625988
     2.020000000     0.000001625     4.138708115     0.067724983
     2.030000000     0.000001615     4.174883951     0.084690158
     2.040000000     0.000001812     4.212181495     0.104005297
     2.050000000     0.000002127     4.250653926     0.117932240
     2.060000000     0.000002302     4.290358081     0.119051476
     2.070000000     0.000002198     4.331355263     0.105764865
     2.080000000     0.000002001     4.373710747     0.083151659
     2.090000000     0.000002135     4.417494003     0.059404888
     2.100000000     0.000002913     4.462779485     0.041818928
     2.110000000     0.000004170     4.509646780     0.034050165
     2.120000000     0.000005246     4.558180992     0.035453309
     2.130000000     0.000005543     4.608474545     0.043510050
     2.140000000     0.000005125     4.660628667     0.057061182
     2.150000000     0.000004563     4.714750481     0.076087670
     2.160000000     0.000004221     4.770954845     0.098005550
     2.170000000     0.000003972     4.829366740     0.115629041
     2.180000000     0.000003609     4.890122746     0.121020785
     2.190000000     0.000003207     4.953370545     0.112186024
     2.200000000     0.000002995     5.019270270     0.094547909
     2.210000000     0.000003181     5.087996228     0.075321010
     2.220000000     0.000004081     5.159739256     0.058705703
     2.230000000     0.000006147     5.234708521     0.046922121
     2.240000000     0.000009334     5.313132215     0.041740432
     2.250000000     0.000012418     5.395260079     0.042431396
     2.260000000     0.000013535     5.481367859     0.045214872
     2.270000000     0.000011850     5.571764420     0.047848388
     2.280000000     0.000008418     5.666790170     0.053206624
     2.290000000     0.000005180     5.766819461     0.065219154
     2.300000000     0.000003430     5.872269056     0.081489840
     2.310000000     0.000003436     5.983605200     0.092948574
     2.320000000     0.000005142     6.101350461     0.092452224
     2.330000000     0.000008637     6.226092468     0.082432803
     2.340000000     0.000013598     6.358493977     0.072276552
     2.350000000     0.000018600     6.499303362     0.068559188
     2.360000000     0.000022011     6.649371884     0.069764121
     2.370000000     0.000023957     6.809678682     0.070547126
     2.380000000     0.000026194     6.981343673     0.068146371
     2.390000000     0.000029168     7.165650362     0.063145675
     2.400000000     0.000030605     7.364086442     0.057265980
     2.410000000     0.000028503     7.578395405     0.053680729
     2.420000000     0.000024434     7.810624542     0.057447859
     2.430000000     0.000022087     8.063177784     0.071423524
     2.440000000     0.000023121     8.338911108     0.090964886
     2.450000000     0.000026420     8.641246872     0.104924225
     2.460000000     0.000031743     8.974324296     0.103944728
     2.470000000     0.000041887     9.343187297     0.088394290
     2.480000000     0.000058875     9.754032033     0.067786877
     2.490000000     0.000078953    10.214555720     0.052532171
     2.500000000     0.000095686    10.734439698     0.046929804
     2.510000000     0.000109486    11.326041148     0.048969277
     2.520000000     0.000129955    12.005285300     0.053791753
     2.530000000     0.000180258    12.792968246     0.056586841
     2.540000000     0.000495757    13.716691778     0.054881630
     2.550000000     0.003463710    14.813572113     0.050318168
     2.560000000     0.026898857    16.134024831     0.048078823
     2.570000000     0.170134526    17.746432649     0.053434813
     2.580000000     0.842412434    19.740911211     0.067840858
     2.590000000     3.251068048    22.222830959     0.087726639
     2.600000000     9.773381467    25.254528845     0.106684114
     2.610000000    22.883972782    28.568925094     0.119150528
     2.620000000    41.732125542    30.370180299     0.123368075
     2.630000000    59.273258604    23.995009286     0.121662476
     2.640000000    65.570795533     1.978092867     0.117644086
     2.650000000    56.508221007   -17.407188391     0.114098006
     2.660000000    37.977296832   -21.291621408     0.115068317
     2.670000000    20.022335507   -18.770156600     0.128127294
     2.680000000     8.569944406   -15.280599626     0.159961452
     2.690000000     3.573080522   -12.178952106     0.207356497
     2.700000000     2.390013857    -9.726370979     0.255356923
     2.710000000     2.759716585    -7.873521590     0.288504242
     2.720000000     3.432688144    -6.582506774     0.302443215
     2.730000000     3.808609285    -6.031764736     0.300844839
     2.740000000     3.748652723    -5.609346091     0.285776765
     2.750000000     3.529724754    -4.928663375     0.259283819
     2.760000000     3.574230007    -3.989047830     0.231639467
     2.770000000     4.039451563    -3.211546066     0.218915845
     2.780000000     4.667578249    -3.141507069     0.230498791
     2.790000000     5.019185323    -3.290234357     0.260964777
     2.800000000     4.819610868    -3.499099091     0.292578019
     2.810000000     4.160141096    -3.813646986     0.306029914
     2.820000000     3.446454251    -3.439016098     0.293782993
     2.830000000     3.069975847    -2.704807693     0.264952144
     2.840000000     3.075213475    -2.260649404     0.235796285
     2.850000000     3.241554244    -2.379712190     0.217053993
     2.860000000     3.445816538    -2.284879305     0.210977485
     2.870000000     3.714969799    -1.830236521     0.214581981
     2.880000000     3.935470941    -1.778993655     0.221390391
     2.890000000     3.838143784    -2.446947585     0.223965814
     2.900000000     3.378950919    -2.683998438     0.219320048
     2.910000000     2.858333798    -2.262785432     0.210503071
     2.920000000     2.526081584    -1.826168270     0.200931165
     2.930000000     2.290542996    -1.834656010     0.189888826
     2.940000000     1.966366101    -1.921781129     0.176588817
     2.950000000     1.652041208    -1.554116696     0.166192191
     2.960000000     1.696052753    -0.954970947     0.167184545
     2.970000000     2.303996068    -0.369754835     0.181804321
     2.980000000     3.240443781    -0.111472460     0.201118095
     2.990000000     3.968836474    -0.690342097     0.211629927
     3.000000000     4.121786097    -1.536829636     0.206898037
     3.010000000     3.764364283    -1.655447317     0.190737100
     3.020000000     3.157303002    -1.651402446     0.169675348
     3.030000000     2.441620969    -1.921687653     0.146928687
     3.040000000     1.671474938    -1.876964632     0.124653052
     3.050000000     0.974122529    -1.473056443     0.107410535
     3.060000000     0.524013423    -0.967683054     0.101599098
     3.070000000     0.452842083    -0.447757561     0.113262789
     3.080000000     0.862916378     0.074857111     0.144969739
     3.090000000     1.809764628     0.573694456     0.191371308
     3.100000000     3.118823813     0.882251618     0.238196149
     3.110000000     4.259220033     0.476973112     0.268442797
     3.120000000     4.613647852    -0.806179211     0.271333074
     3.130000000     3.987958700    -1.684031952     0.247505209
     3.140000000     2.770634179    -1.866153735     0.208695425
     3.150000000     1.557987646    -1.607173519     0.172144167
     3.160000000     0.713040756    -1.184764993     0.151103340
     3.170000000     0.267906007    -0.749478540     0.147558800
     3.180000000     0.092544483    -0.331009044     0.153733372
     3.190000000     0.074859143     0.077842901     0.161044243
     3.200000000     0.208142944     0.491774690     0.168355283
     3.210000000     0.602330156     0.922525204     0.183374268
     3.220000000     1.407961102     1.358817217     0.217731305
     3.230000000     2.624118816     1.690614235     0.278191948
     3.240000000     3.909980104     1.539910173     0.356337708
     3.250000000     4.670843579     0.595178349     0.425973054
     3.260000000     4.480311305    -0.576043999     0.458235538
     3.270000000     3.450180739    -1.239489230     0.444083775
     3.280000000     2.129354395    -1.145029606     0.399308427
     3.290000000     1.050969500    -0.749654993     0.347289447
     3.300000000     0.417995581    -0.312466713     0.301764878
     3.310000000     0.154769900     0.109339596     0.266185709
     3.320000000     0.128449324     0.516209064     0.242255089
     3.330000000     0.286128177     0.918923833     0.233959708
     3.340000000     0.634229076     1.319281952     0.244116386
     3.350000000     1.122338589     1.672403450     0.268118202
     3.360000000     1.577335122     1.800179000     0.291774612
     3.370000000     1.832110220     1.580806682     0.299212932
     3.380000000     1.958013552     1.552716737     0.286516147
     3.390000000     2.259155422     1.910013642     0.265961885
     3.400000000     2.898924319     2.301645241     0.254148177
     3.410000000     3.571319887     2.206412701     0.256431822
     3.420000000     3.714252501     1.273878831     0.263309310
     3.430000000     3.098389413     0.669087600     0.260382321
     3.440000000     2.083353076     0.935898752     0.241745886
     3.450000000     1.270903275     1.559208662     0.215757316
     3.460000000     1.038237420     2.282398227     0.198266791
     3.470000000     1.391950033     3.024118731     0.198377683
     3.480000000     2.108587924     3.635085164     0.210484580
     3.490000000     3.055727160     3.835317104     0.221457685
     3.500000000     4.560360384     4.004560436     0.223861046
     3.510000000     7.288755178     4.732220422     0.219070779
     3.520000000    11.251464291     5.313405701     0.210069242
     3.530000000    14.896601259     3.781656653     0.197601437
     3.540000000    15.942798441    -1.434883841     0.184306644
     3.550000000    13.582138605    -5.478569124     0.177994147
     3.560000000     9.382511785    -5.904809118     0.188588183
     3.570000000     5.708262095    -5.029002629     0.222407867
     3.580000000     3.751604954    -4.183923509     0.278120941
     3.590000000     3.239712920    -3.721661172     0.345856230
     3.600000000     3.345788795    -3.447755001     0.409425558
     3.610000000     3.431261546    -3.504120288     0.450546561
     3.620000000     3.230027521    -3.674133977     0.455163390
     3.630000000     2.765039440    -3.625054154     0.421299648
     3.640000000     2.208644447    -3.515170498     0.362137583
     3.650000000     1.757583520    -3.255152614     0.299353103
     3.660000000     1.539627251    -2.893190779     0.252427420
     3.670000000     1.539971724    -2.548386886     0.231583049
     3.680000000     1.600326628    -2.421737108     0.234600845
     3.690000000     1.552515707    -2.511896481     0.248124445
     3.700000000     1.381838113    -2.390700475     0.257212063
     3.710000000     1.241073810    -2.125974730     0.258682526
     3.720000000     1.312751205    -1.876465689     0.265310069
     3.730000000     1.651551154    -1.597460702     0.294441806
     3.740000000     2.104140195    -1.477075106     0.349626768
     3.750000000     2.388575161    -1.833829529     0.412765906
     3.760000000     2.321777313    -2.263518201     0.456063603
     3.770000000     1.961205753    -2.294644995     0.461904135
     3.780000000     1.496060716    -2.243374568     0.431660000
     3.790000000     1.074169694    -2.182386468     0.380865204
     3.800000000     0.779759380    -1.995706844     0.329972799
     3.810000000     0.683821069    -1.712228759     0.295126629
     3.820000000     0.814278528    -1.418591949     0.281819098
     3.830000000     1.083480556    -1.225473832     0.286613806
     3.840000000     1.318593115    -1.286323064     0.304487917
     3.850000000     1.418373338    -1.467780204     0.333059391
     3.860000000     1.453549900    -1.407027085     0.370845830
     3.870000000     1.547438302    -1.235901122     0.412880906
     3.880000000     1.675026683    -1.230034228     0.449033858
     3.890000000     1.669317731    -1.503883570     0.469566994
     3.900000000     1.445071864    -1.722308725     0.473440478
     3.910000000     1.141842628    -1.610414246     0.468869790
     3.920000000     1.005565473    -1.350418869     0.464909867
     3.930000000     1.161743598    -1.108454898     0.462856098
     3.940000000     1.519569828    -1.010538940     0.455520268
     3.950000000     1.872141252    -1.198572182     0.435245607
     3.960000000     2.072651432    -1.472252014     0.402390240
     3.970000000     2.106512004    -1.594903144     0.365169539
     3.980000000     2.012275453    -1.749395870     0.332507007
     3.990000000     1.796975242    -1.971976938     0.308426867
     4.000000000     1.459857303    -2.122286355     0.292406507
     4.010000000     1.052667766    -2.150697687     0.283863074
     4.020000000     0.675918947    -2.052603018     0.285244907
     4.030000000     0.427695575    -1.875722809     0.299052935
     4.040000000     0.365916915    -1.683010157     0.322120132
     4.050000000     0.489491544    -1.503032101     0.345568846
     4.060000000     0.717255956    -1.384499998     0.361045449
     4.070000000     0.897733854    -1.447646245     0.365093286
     4.080000000     0.900144518    -1.684465062     0.358138913
     4.090000000     0.724797792    -1.768559928     0.343205469
     4.100000000     0.497787877    -1.688127846     0.326323462
     4.110000000     0.346425882    -1.570448969     0.313087055
     4.120000000     0.298386661    -1.473873096     0.301450394
     4.130000000     0.294317689    -1.440732727     0.281757896
     4.140000000     0.267509102    -1.453051706     0.248098130
     4.150000000     0.200959024    -1.420284258     0.206696512
     4.160000000     0.121560487    -1.352151477     0.169129515
     4.170000000     0.059795837    -1.278077611     0.140643177
     4.180000000     0.025071559    -1.207048190     0.119615796
     4.190000000     0.010746051    -1.140544807     0.105538042
     4.200000000     0.008666928    -1.077732709     0.102461910
     4.210000000     0.017056649    -1.017970692     0.114733239
     4.220000000     0.041044569    -0.961127175     0.141453362
     4.230000000     0.086953284    -0.907663862     0.174984728
     4.240000000     0.149920614    -0.862258944     0.204353219
     4.250000000     0.205134533    -0.848769860     0.220787784
     4.260000000     0.220504686    -0.888012455     0.221216897
     4.270000000     0.185482474    -0.912080635     0.208103492
     4.280000000     0.122097032    -0.887232817     0.186869396
     4.290000000     0.063333298    -0.844606888     0.162809116
     4.300000000     0.026810749    -0.800481031     0.139781184
     4.310000000     0.010999400    -0.758228238     0.121699555
     4.320000000     0.007652039    -0.717893866     0.113928224
     4.330000000     0.012493456    -0.679452034     0.120909930
     4.340000000     0.028182164    -0.641854209     0.141575975
     4.350000000     0.060358908    -0.604244457     0.168317999
     4.360000000     0.107516448    -0.571115133     0.192129732
     4.370000000     0.152587488    -0.559329238     0.209184435
     4.380000000     0.170581934    -0.588379319     0.221943194
     4.390000000     0.150464139    -0.612813156     0.234013245
     4.400000000     0.105984635    -0.598917309     0.244688423
     4.410000000     0.061350531    -0.570719533     0.249270067
     4.420000000     0.031003354    -0.540499296     0.244587959
     4.430000000     0.015560085    -0.509257740     0.232530410
     4.440000000     0.010871961    -0.478272565     0.218119512
     4.450000000     0.016454537    -0.447088625     0.207484955
     4.460000000     0.037155070    -0.415340419     0.208249074
     4.470000000     0.077152366    -0.384612043     0.225887403
     4.480000000     0.128818437    -0.362614248     0.255395122
     4.490000000     0.168592240    -0.372248589     0.280661720
     4.500000000     0.172142654    -0.417482717     0.287701380
     4.510000000     0.137139475    -0.435548697     0.277729427
     4.520000000     0.085660503    -0.418415600     0.264872286
     4.530000000     0.043037886    -0.390874001     0.263626052
     4.540000000     0.019753831    -0.362657296     0.279679696
     4.550000000     0.012660025    -0.335857950     0.306488132
     4.560000000     0.015902877    -0.310741723     0.326534373
     4.570000000     0.028134148    -0.287629064     0.322366112
     4.580000000     0.051897384    -0.265184806     0.293246246
     4.590000000     0.086175449    -0.244256368     0.258044543
     4.600000000     0.118841403    -0.238148274     0.236753795
     4.610000000     0.131028672    -0.263378939     0.231217751
     4.620000000     0.113745641    -0.286554586     0.227378001
     4.630000000     0.077413982    -0.279193497     0.213331908
     4.640000000     0.041504486    -0.258515994     0.190383710
     4.650000000     0.018096883    -0.235816978     0.168078717
     4.660000000     0.007860786    -0.213865375     0.154372786
     4.670000000     0.007403529    -0.192497118     0.152664460
     4.680000000     0.016091118    -0.171186782     0.164646558
     4.690000000     0.035815966    -0.150261242     0.191516278
     4.700000000     0.064791680    -0.132408679     0.230508613
     4.710000000     0.092311882    -0.127781175     0.270769059
     4.720000000     0.103299257    -0.147218174     0.295566651
     4.730000000     0.091103701    -0.162988829     0.292556110
     4.740000000     0.063799415    -0.157423362     0.262940156
     4.750000000     0.035995390    -0.142327165     0.219051761
     4.760000000     0.017086176    -0.124339363     0.173588240
     4.770000000     0.008618945    -0.106085205     0.133158146
     4.780000000     0.009333030    -0.087987360     0.100639561
     4.790000000     0.019201684    -0.070120930     0.079445205
     4.800000000     0.037868415    -0.053358771     0.072937104
     4.810000000     0.059866152    -0.042096481     0.079677894
     4.820000000     0.074054693    -0.046989517     0.090918758
     4.830000000     0.071467920    -0.062325306     0.095437775
     4.840000000     0.053859263    -0.061858807     0.088215721
     4.850000000     0.031902639    -0.048979133     0.074105830
     4.860000000     0.015567561    -0.033017648     0.064013091
     4.870000000     0.008751181    -0.016710270     0.068832425
     4.880000000     0.011886404    -0.000383922     0.095285015
     4.890000000     0.025428161     0.015739795     0.144186233
     4.900000000     0.048064896     0.030059005     0.210428586
     4.910000000     0.072169356     0.036154183     0.282444152
     4.920000000     0.084988044     0.023498444     0.341550663
     4.930000000     0.078346397     0.004736358     0.367901137
     4.940000000     0.056560654     0.004963257     0.353779227
     4.950000000     0.032177201     0.017012977     0.310462912
     4.960000000     0.015180085     0.031599400     0.259527568
     4.970000000     0.008458786     0.046189613     0.219099455
     4.980000000     0.011237860     0.060512725     0.197957076
     4.990000000     0.022367074     0.074292757     0.196098764
     5.000000000     0.038775248     0.085717807     0.205815086
     5.010000000     0.053074496     0.088360635     0.214938472
     5.020000000     0.056725412     0.077713398     0.214773548
     5.030000000     0.047354849     0.072302857     0.205891694
     5.040000000     0.031169389     0.079601774     0.194299884
     5.050000000     0.017176293     0.091445254     0.183732636
     5.060000000     0.010777737     0.103948714     0.174533218
     5.070000000     0.012964801     0.116232764     0.167393937
     5.080000000     0.022274125     0.127447029     0.163649728
     5.090000000     0.034995385     0.135329914     0.162033249
     5.100000000     0.044850120     0.136544489     0.157549566
     5.110000000     0.045866063     0.129565957     0.144530244
     5.120000000     0.037186286     0.126964832     0.121462282
     5.130000000     0.023975185     0.133850973     0.093293969
     5.140000000     0.012932502     0.144094832     0.068855177
     5.150000000     0.007918892     0.154804191     0.056354214
     5.160000000     0.009596802     0.165363033     0.060472472
     5.170000000     0.016623478     0.175285749     0.080052649
     5.180000000     0.025540367     0.182621506     0.106375402
     5.190000000     0.031153440     0.182934361     0.126655334
     5.200000000     0.029743942     0.179380010     0.133028060
     5.210000000     0.022395779     0.182687626     0.127808056
     5.220000000     0.014147920     0.191016769     0.118710691
     5.230000000     0.010128431     0.200671754     0.111294288
     5.240000000     0.012969706     0.210464198     0.107924218
     5.250000000     0.022093915     0.219555492     0.110073930
     5.260000000     0.033258094     0.225143158     0.116569122
     5.270000000     0.039820263     0.221596797     0.121056296
     5.280000000     0.037350136     0.214252233     0.116422529
     5.290000000     0.027620636     0.215877531     0.103035231
     5.300000000     0.016954850     0.223370455     0.090342666
     5.310000000     0.010992352     0.232214227     0.089278565
     5.320000000     0.011546414     0.240966037     0.102743288
     5.330000000     0.016685641     0.248602419     0.122118729
     5.340000000     0.022098344     0.252444401     0.133135276
     5.350000000     0.023522949     0.250688203     0.127435802
     5.360000000     0.019789335     0.251011972     0.109620604
     5.370000000     0.013636724     0.256520227     0.092735627
     5.380000000     0.009178351     0.263872953     0.087757284
     5.390000000     0.008787157     0.271412326     0.097462603
     5.400000000     0.011907538     0.278282322     0.116387818
     5.410000000     0.015745646     0.282636303     0.133522113
     5.420000000     0.017287714     0.282959214     0.138391499
     5.430000000     0.015695678     0.284405406     0.129074498
     5.440000000     0.012880215     0.289546975     0.114195696
     5.450000000     0.011444308     0.295699272     0.106138859
     5.460000000     0.012287530     0.300874189     0.112213959
     5.470000000     0.014151103     0.304840493     0.129659647
     5.480000000     0.014936519     0.307306321     0.146645570
     5.490000000     0.013498191     0.308518287     0.150274468
     5.500000000     0.010687213     0.312205702     0.137000259
     5.510000000     0.008730004     0.317918646     0.115903341
     5.520000000     0.009273382     0.323968775     0.100971245
     5.530000000     0.011792756     0.329061452     0.099384660
     5.540000000     0.013917460     0.331164045     0.106835945
     5.550000000     0.013601748     0.331154639     0.113818061
     5.560000000     0.011094271     0.333904101     0.115162780
     5.570000000     0.008550570     0.338941557     0.112740883
     5.580000000     0.007748205     0.344361441     0.110876885
     5.590000000     0.008478817     0.348895824     0.111351616
     5.600000000     0.009171850     0.351302061     0.112693568
     5.610000000     0.008823920     0.353334059     0.113254145
     5.620000000     0.008040837     0.357307618     0.113890142
     5.630000000     0.008066804     0.362117053     0.116479305
     5.640000000     0.009061289     0.366266280     0.119889790
     5.650000000     0.009797311     0.368254436     0.119300276
     5.660000000     0.009133651     0.369405366     0.111430038
     5.670000000     0.007340278     0.372550707     0.099888112
     5.680000000     0.005647823     0.376877929     0.092968036
     5.690000000     0.004817109     0.381096939     0.095863660
     5.700000000     0.004623817     0.384414194     0.107220035
     5.710000000     0.004602458     0.387441603     0.123212961
     5.720000000     0.004716343     0.391187998     0.141033643
     5.730000000     0.005073800     0.395034944     0.156727117
     5.740000000     0.005403510     0.397961514     0.164393732
     5.750000000     0.005268633     0.400118474     0.161618564
     5.760000000     0.004662835     0.403123820     0.152751956
     5.770000000     0.003993090     0.406746777     0.143588196
     5.780000000     0.003536593     0.410066288     0.135891143
     5.790000000     0.003276141     0.412968089     0.130276333
     5.800000000     0.003232882     0.416248765     0.131211842
     5.810000000     0.003584919     0.419773040     0.144910125
     5.820000000     0.004337428     0.422961761     0.172740653
     5.830000000     0.005082901     0.425598549     0.208173126
     5.840000000     0.005268220     0.427557591     0.239877680
     5.850000000     0.004705272     0.429595182     0.259067287
     5.860000000     0.003730634     0.432364493     0.265941038
     5.870000000     0.002832076     0.435486620     0.268125488
     5.880000000     0.002215701     0.438445022     0.271848235
     5.890000000     0.001786454     0.441237844     0.276582395
     5.900000000     0.001409193     0.444182634     0.278495202
     5.910000000     0.001055413     0.447137671     0.276027422
     5.920000000     0.000759114     0.450090367     0.271701010
     5.930000000     0.000550394     0.453060965     0.270810901
     5.940000000     0.000440499     0.456012061     0.278151474
     5.950000000     0.000419096     0.458942447     0.295194832
     5.960000000     0.000450189     0.461810611     0.321770389
     5.970000000     0.000495539     0.464587641     0.358602715
     5.980000000     0.000571071     0.467350496     0.402070102
     5.990000000     0.000783962     0.470143998     0.435876724
     6.000000000     0.001272681     0.472940167     0.436537855
     6.010000000     0.002032076     0.475647176     0.394142720
     6.020000000     0.002769781     0.478001014     0.324684448
     6.030000000     0.003040206     0.479636641     0.256474818
     6.040000000     0.002633562     0.481290400     0.206112413
     6.050000000     0.001787700     0.483622740     0.170608210
     6.060000000     0.000948613     0.486242315     0.139016150
     6.070000000     0.000393353     0.488887740     0.106576453
     6.080000000     0.000127692     0.491494302     0.077910080
     6.090000000     0.000032767     0.494054584     0.060375818
     6.100000000     0.000007156     0.496573327     0.057216424
     6.110000000     0.000002206     0.499056778     0.065981999
     6.120000000     0.000001950     0.501510462     0.080183448
     6.130000000     0.000002459     0.503939135     0.092186748
     6.140000000     0.000003462     0.506347419     0.097695599
     6.150000000     0.000008328     0.508740510     0.100296056
     6.160000000     0.000031492     0.511123484     0.112827880
     6.170000000     0.000115626     0.513501225     0.152699708
     6.180000000     0.000346423     0.515876928     0.229729105
     6.190000000     0.000817833     0.518242687     0.332091964
     6.200000000     0.001509625     0.520539512     0.425269981
     6.210000000     0.002173895     0.522535392     0.472845625
     6.220000000     0.002440237     0.523929847     0.463808620
     6.230000000     0.002134796     0.525343639     0.418851996
     6.240000000     0.001455751     0.527319475     0.369796085
     6.250000000     0.000774442     0.529535651     0.335120355
     6.260000000     0.000322375     0.531777306     0.313534687
     6.270000000     0.000106250     0.533990632     0.294174914
     6.280000000     0.000029170     0.536169337     0.268789424
     6.290000000     0.000008123     0.538316888     0.237208909
     6.300000000     0.000003420     0.540438198     0.206995848
     6.310000000     0.000002377     0.542537894     0.189399247
     6.320000000     0.000002286     0.544619622     0.191568002
     6.330000000     0.000003265     0.546686766     0.208556390
     6.340000000     0.000008259     0.548742791     0.223683287
     6.350000000     0.000030014     0.550791552     0.220942167
     6.360000000     0.000106294     0.552837558     0.199230704
     6.370000000     0.000310289     0.554883697     0.172802991
     6.380000000     0.000715008     0.556921457     0.157307119
     6.390000000     0.001287651     0.558893027     0.157515659
     6.400000000     0.001808226     0.560588815     0.167580775
     6.410000000     0.001979430     0.561802703     0.177996827
     6.420000000     0.001689792     0.563118104     0.180317098
     6.430000000     0.001126136     0.564877784     0.169566235
     6.440000000     0.000587224     0.566803438     0.146762234
     6.450000000     0.000240846     0.568743696     0.118598601
     6.460000000     0.000078750     0.570661810     0.092605073
     6.470000000     0.000021358     0.572553045     0.073383844
     6.480000000     0.000005459     0.574420553     0.063648679
     6.490000000     0.000001914     0.576268312     0.065249882
     6.500000000     0.000001515     0.578099809     0.076579600
     6.510000000     0.000002248     0.579918237     0.091153796
     6.520000000     0.000004686     0.581726800     0.101212703
     6.530000000     0.000014062     0.583528797     0.101959513
     6.540000000     0.000050276     0.585328038     0.092391499
     6.550000000     0.000164041     0.587128712     0.075235182
     6.560000000     0.000435280     0.588931493     0.057521785
     6.570000000     0.000909474     0.590716348     0.048364448
     6.580000000     0.001484173     0.592382094     0.052843170
     6.590000000     0.001887887     0.593658726     0.067389891
     6.600000000     0.001870997     0.594594441     0.082559177
     6.610000000     0.001444786     0.595885598     0.091420620
     6.620000000     0.000869730     0.597520879     0.094266602
     6.630000000     0.000408768     0.599240131     0.094145319
     6.640000000     0.000150689     0.600951972     0.090262980
     6.650000000     0.000044203     0.602639467     0.079356891
     6.660000000     0.000010803     0.604303404     0.062886972
     6.670000000     0.000002555     0.605947296     0.048884212
     6.680000000     0.000000891     0.607574595     0.044973493
     6.690000000     0.000000724     0.609188416     0.051153609
     6.700000000     0.000001297     0.610791641     0.060838169
     6.710000000     0.000004450     0.612387301     0.068331644
     6.720000000     0.000018762     0.613978540     0.073574979
     6.730000000     0.000070188     0.615568406     0.079000693
     6.740000000     0.000211593     0.617159013     0.083786851
     6.750000000     0.000501892     0.618746065     0.084048770
     6.760000000     0.000930446     0.620293383     0.078758875
     6.770000000     0.001345264     0.621658872     0.072666532
     6.780000000     0.001515772     0.622652343     0.071496631
     6.790000000     0.001330670     0.623650266     0.075427182
     6.800000000     0.000910215     0.625000669     0.079220276
     6.810000000     0.000485383     0.626505525     0.078583888
     6.820000000     0.000202212     0.628029033     0.074482219
     6.830000000     0.000066391     0.629536943     0.070424335
     6.840000000     0.000017911     0.631025244     0.067307546
     6.850000000     0.000004954     0.632496540     0.063210802
     6.860000000     0.000002739     0.633953920     0.058212504
     6.870000000     0.000003187     0.635400099     0.056836845
     6.880000000     0.000004202     0.636837206     0.063468491
     6.890000000     0.000006024     0.638267538     0.075875233
     6.900000000     0.000013440     0.639695052     0.085409745
     6.910000000     0.000043199     0.641123085     0.084629640
     6.920000000     0.000132784     0.642553725     0.074207759
     6.930000000     0.000331756     0.643985939     0.061940486
     6.940000000     0.000651410     0.645401305     0.055416098
     6.950000000     0.001000083     0.646714404     0.055730947
     6.960000000     0.001205495     0.647754495     0.057519723
     6.970000000     0.001164355     0.648694589     0.054581641
     6.980000000     0.000966271     0.649912152     0.045712723
     6.990000000     0.000815363     0.651295123     0.035230931
     7.000000000     0.000820798     0.652674819     0.027942571
     7.010000000     0.000897652     0.653903547     0.024328710
     7.020000000     0.000880089     0.654935288     0.021220139
     7.030000000     0.000701824     0.656074021     0.016241274
     7.040000000     0.000443258     0.657391364     0.010152089
     7.050000000     0.000230215     0.658766396     0.005180995
     7.060000000     0.000140020     0.660150183     0.002720043
     7.070000000     0.000208465     0.661535376     0.003081427
     7.080000000     0.000467782     0.662920310     0.006282371
     7.090000000     0.000915536     0.664279851     0.011923983
     7.100000000     0.001440390     0.665495355     0.018416841
     7.110000000     0.001840489     0.666344435     0.023427457
     7.120000000     0.001967971     0.667079102     0.025722635
     7.130000000     0.001826639     0.668088849     0.025846914
     7.140000000     0.001508560     0.669081422     0.024506490
     7.150000000     0.001105130     0.670069402     0.021417024
     7.160000000     0.000711037     0.671277502     0.016552063
     7.170000000     0.000440873     0.672596916     0.011568095
     7.180000000     0.000390656     0.673932589     0.009061336
     7.190000000     0.000584076     0.675251813     0.010513250
     7.200000000     0.000930787     0.676501951     0.014861644
     7.210000000     0.001228596     0.677524327     0.018806567
     7.220000000     0.001275333     0.678258216     0.019103674
     7.230000000     0.001032637     0.679156584     0.015207697
     7.240000000     0.000652044     0.680323887     0.009450493
     7.250000000     0.000325011     0.681576763     0.004631068
     7.260000000     0.000146770     0.682839835     0.002040791
     7.270000000     0.000127623     0.684100263     0.001760181
     7.280000000     0.000277730     0.685359644     0.004025657
     7.290000000     0.000632097     0.686612757     0.009706461
     7.300000000     0.001173559     0.687810855     0.019077014
     7.310000000     0.001737623     0.688787285     0.029833683
     7.320000000     0.002049339     0.689394220     0.037000927
     7.330000000     0.001924420     0.689877466     0.036314882
     7.340000000     0.001437104     0.690665829     0.028141097
     7.350000000     0.000851816     0.691772329     0.017179590
     7.360000000     0.000399931     0.692972461     0.008247598
     7.370000000     0.000149371     0.694175645     0.003126355
     7.380000000     0.000050020     0.695365579     0.001036486
     7.390000000     0.000039724     0.696545034     0.000736159
     7.400000000     0.000104437     0.697720254     0.001822591
     7.410000000     0.000276998     0.698895407     0.004755169
     7.420000000     0.000586860     0.700061720     0.009949170
     7.430000000     0.000989310     0.701158582     0.016586567
     7.440000000     0.001355024     0.702020905     0.022544189
     7.450000000     0.001568169     0.702687107     0.026136285
     7.460000000     0.001621425     0.703537901     0.027664232
     7.470000000     0.001570055     0.704444263     0.028422010
     7.480000000     0.001425128     0.705239509     0.028492671
     7.490000000     0.001161388     0.706013160     0.026529139
     7.500000000     0.000811318     0.706949159     0.021712047
     7.510000000     0.000485633     0.708048971     0.015241858
     7.520000000     0.000302260     0.709198796     0.009768358
     7.530000000     0.000329619     0.710354155     0.007683907
     7.540000000     0.000570518     0.711498391     0.009764791
     7.550000000     0.000934071     0.712580171     0.014547264
     7.560000000     0.001227563     0.713438896     0.018713444
     7.570000000     0.001262085     0.714035884     0.019115436
     7.580000000     0.001014245     0.714832217     0.015274595
     7.590000000     0.000653060     0.715909717     0.009601869
     7.600000000     0.000410425     0.717093634     0.005111932
     7.610000000     0.000486774     0.718319232     0.003569037
     7.620000000     0.001062862     0.719573293     0.005643474
     7.630000000     0.002233285     0.720814127     0.011441040
     7.640000000     0.003763269     0.721819249     0.019835281
     7.650000000     0.004991647     0.721925455     0.027869478
     7.660000000     0.005259631     0.721017155     0.032384343
     7.670000000     0.004526983     0.720883840     0.032695075
     7.680000000     0.003372395     0.721714714     0.030552645
     7.690000000     0.002361063     0.722631760     0.027281578
     7.700000000     0.001627696     0.723335496     0.022518438
     7.710000000     0.001059300     0.724199604     0.016137585
     7.720000000     0.000600468     0.725256282     0.009734557
     7.730000000     0.000283414     0.726345410     0.005488619
     7.740000000     0.000119035     0.727412109     0.004555515
     7.750000000     0.000065975     0.728450203     0.006821382
     7.760000000     0.000072199     0.729461499     0.011287090
     7.770000000     0.000111111     0.730444036     0.016428559
     7.780000000     0.000195141     0.731409826     0.021022052
     7.790000000     0.000369601     0.732379457     0.025187595
     7.800000000     0.000670910     0.733333532     0.030105533
     7.810000000     0.001055647     0.734195666     0.035860561
     7.820000000     0.001370277     0.734859678     0.039770322
     7.830000000     0.001436458     0.735306224     0.038134009
     7.840000000     0.001203252     0.735791336     0.030155088
     7.850000000     0.000799953     0.736564942     0.019189758
     7.860000000     0.000420010     0.737470801     0.009707707
     7.870000000     0.000173502     0.738393972     0.003878633
     7.880000000     0.000056264     0.739305978     0.001220027
     7.890000000     0.000014603     0.740204541     0.000308250
     7.900000000     0.000005131     0.741093075     0.000109269
     7.910000000     0.000012603     0.741975960     0.000281491
     7.920000000     0.000050100     0.742857558     0.001137660
     7.930000000     0.000160357     0.743741365     0.003706892
     7.940000000     0.000400136     0.744625993     0.009470632
     7.950000000     0.000777628     0.745487298     0.018984837
     7.960000000     0.001176981     0.746218844     0.029911633
     7.970000000     0.001387395     0.746623006     0.037112807
     7.980000000     0.001273691     0.746932806     0.036337450
     7.990000000     0.000910671     0.747566797     0.028133212
     8.000000000     0.000507099     0.748384688     0.017255035
     8.010000000     0.000219922     0.749237463     0.008395882
     8.020000000     0.000074338     0.750084162     0.003244629
     8.030000000     0.000020034     0.750919403     0.001004305
     8.040000000     0.000007174     0.751745894     0.000301185
     8.050000000     0.000016461     0.752567866     0.000338479
     8.060000000     0.000061673     0.753389600     0.001140115
     8.070000000     0.000187227     0.754214185     0.003467770
     8.080000000     0.000444793     0.755038224     0.008404505
     8.090000000     0.000827054     0.755829263     0.016265741
     8.100000000     0.001205819     0.756461602     0.025407263
     8.110000000     0.001382281     0.756782118     0.032526866
     8.120000000     0.001252138     0.757101605     0.034951423
     8.130000000     0.000907488     0.757686893     0.032919303
     8.140000000     0.000546654     0.758431773     0.029494697
     8.150000000     0.000305752     0.759216195     0.028081291
     8.160000000     0.000193719     0.759980181     0.029897416
     8.170000000     0.000150453     0.760702799     0.033861351
     8.180000000     0.000127143     0.761420871     0.038488093
     8.190000000     0.000115612     0.762154197     0.043006965
     8.200000000     0.000127307     0.762886160     0.046767955
     8.210000000     0.000160840     0.763602535     0.048798088
     8.220000000     0.000192597     0.764278085     0.048454273
     8.230000000     0.000196130     0.764916979     0.045899414
     8.240000000     0.000165761     0.765578324     0.041467095
     8.250000000     0.000117545     0.766256818     0.034996189
     8.260000000     0.000071321     0.766937827     0.026491235
     8.270000000     0.000037427     0.767622962     0.017213683
     8.280000000     0.000016864     0.768306591     0.009276570
     8.290000000     0.000006386     0.768985274     0.004052933
     8.300000000     0.000001984     0.769658497     0.001415681
     8.310000000     0.000000496     0.770326553     0.000392032
     8.320000000     0.000000099     0.770989836     0.000085625
     8.330000000     0.000000015     0.771648688     0.000014702
     8.340000000     0.000000002     0.772303380     0.000001980
     8.350000000     0.000000000     0.772954132     0.000000209
     8.360000000     0.000000000     0.773601116     0.000000017
     8.370000000     0.000000000     0.774244475     0.000000001
     8.380000000     0.000000000     0.774884327     0.000000000
     8.390000000     0.000000000     0.775520773     0.000000000
     8.400000000     0.000000000     0.776153898     0.000000000
     8.410000000     0.000000000     0.776783776     0.000000000
     8.420000000     0.000000000     0.777410473     0.000000000
     8.430000000     0.000000000     0.778034048     0.000000000
     8.440000000     0.000000000     0.778654553     0.000000000
     8.450000000     0.000000000     0.779272036     0.000000000
     8.460000000     0.000000000     0.779886542     0.000000000
     8.470000000     0.000000000     0.780498110     0.000000000
     8.480000000     0.000000000     0.781106778     0.000000000
     8.490000000     0.000000000     0.781712582     0.000000000
     8.500000000     0.000000000     0.782315555     0.000000000
     8.510000000     0.000000000     0.782915727     0.000000000
     8.520000000     0.000000000     0.783513129     0.000000000
     8.530000000     0.000000000     0.784107788     0.000000000
     8.540000000     0.000000000     0.784699731     0.000000000
     8.550000000     0.000000000     0.785288985     0.000000000
     8.560000000     0.000000000     0.785875573     0.000000000
     8.570000000     0.000000000     0.786459521     0.000000000
     8.580000000     0.000000000     0.787040850     0.000000000
     8.590000000     0.000000000     0.787619583     0.000000000
     8.600000000     0.000000000     0.788195742     0.000000000
     8.610000000     0.000000000     0.788769348     0.000000000
     8.620000000     0.000000000     0.789340420     0.000000000
     8.630000000     0.000000000     0.789908979     0.000000000
     8.640000000     0.000000000     0.790475045     0.000000000
     8.650000000     0.000000000     0.791038636     0.000000000
     8.660000000     0.000000000     0.791599771     0.000000000
     8.670000000     0.000000000     0.792158467     0.000000000
     8.680000000     0.000000000     0.792714744     0.000000000
     8.690000000     0.000000000     0.793268617     0.000000000
     8.700000000     0.000000000     0.793820104     0.000000000
     8.710000000     0.000000000     0.794369222     0.000000000
     8.720000000     0.000000000     0.794915987     0.000000000
     8.730000000     0.000000000     0.795460416     0.000000000
     8.740000000     0.000000000     0.796002524     0.000000000
     8.750000000     0.000000000     0.796542328     0.000000000
     8.760000000     0.000000000     0.797079842     0.000000000
     8.770000000     0.000000000     0.797615081     0.000000000
     8.780000000     0.000000000     0.798148062     0.000000000
     8.790000000     0.000000000     0.798678798     0.000000000
     8.800000000     0.000000000     0.799207304     0.000000000
     8.810000000     0.000000000     0.799733595     0.000000000
     8.820000000     0.000000000     0.800257684     0.000000000
     8.830000000     0.000000000     0.800779586     0.000000000
     8.840000000     0.000000000     0.801299315     0.000000000
     8.850000000     0.000000000     0.801816885     0.000000000
     8.860000000     0.000000000     0.802332308     0.000000000
     8.870000000     0.000000000     0.802845598     0.000000000
     8.880000000     0.000000000     0.803356769     0.000000000
     8.890000000     0.000000000     0.803865834     0.000000000
     8.900000000     0.000000000     0.804372804     0.000000000
     8.910000000     0.000000000     0.804877695     0.000000000
     8.920000000     0.000000000     0.805380517     0.000000000
     8.930000000     0.000000000     0.805881283     0.000000000
     8.940000000     0.000000000     0.806380007     0.000000000
     8.950000000     0.000000000     0.806876699     0.000000000
     8.960000000     0.000000000     0.807371373     0.000000000
     8.970000000     0.000000000     0.807864040     0.000000000
     8.980000000     0.000000000     0.808354712     0.000000000
     8.990000000     0.000000000     0.808843402     0.000000000
     9.000000000     0.000000000     0.809330120     0.000000000
