# q=     0.000000    0.000000    0.001000 nmtx= 181
 
    0.000000  7.805074E+00  1.562463E-17
    0.500000  7.839570E+00  1.389602E-02
    1.000000  7.945628E+00  2.884091E-02
    1.500000  8.131512E+00  4.611293E-02
    2.000000  8.413078E+00  6.755610E-02
    2.500000  8.817984E+00  9.622257E-02
    3.000000  9.394770E+00  1.378412E-01
    3.500000  1.023413E+01  2.047970E-01
    4.000000  1.152730E+01  3.295593E-01
    4.500000  1.377371E+01  6.284534E-01
    5.000000  1.897412E+01  1.890166E+00
    5.500000  2.533663E+01  4.201509E+01
    6.000000  9.404509E+00  3.846842E+00
    6.500000  2.831325E+01  2.227423E+01
    7.000000 -2.184740E+01  1.518371E+01
    7.500000 -3.448729E+00  2.364170E+00
    8.000000  9.267492E+00  6.134282E+00
    8.500000 -4.683699E+00  5.193991E+00
    9.000000 -4.477645E+00  1.176538E+01
    9.500000 -2.201964E+00  1.011233E+01
   10.000000 -4.617434E+00  2.581641E+00
    0.000000  7.806448E+00 -5.028611E-19
    0.000000  6.774811E+00 -8.873841E-18
    0.000000  4.706238E+00  4.789321E-18
    0.000000  3.088513E+00 -1.112933E-18
    0.000000  2.121893E+00  7.813737E-19
    0.000000  1.584104E+00 -1.846771E-19
    0.000000  1.289428E+00 -5.394700E-19
    0.000000  1.129757E+00  1.056492E-19
    0.000000  1.046927E+00 -2.341875E-20
    0.000000  1.009636E+00 -3.369419E-20
# q=     0.000000    0.000000    0.333333 nmtx= 205
 
    0.000000  4.309365E+00  9.597247E-18
    0.500000  4.317262E+00  3.172432E-03
    1.000000  4.341318E+00  6.495446E-03
    1.500000  4.382729E+00  1.015748E-02
    2.000000  4.443855E+00  1.445953E-02
    2.500000  4.529237E+00  2.005811E-02
    3.000000  4.649480E+00  2.929393E-02
    3.500000  4.850174E+00  6.608106E-02
    4.000000  4.712339E+00  1.962599E-01
    4.500000  5.107321E+00  2.038822E-01
    5.000000  5.354018E+00  1.039329E-01
    5.500000  5.740043E+00  1.619839E-01
    6.000000  6.010175E+00  1.084043E+00
    6.500000  6.822636E+00  4.974055E-01
    7.000000  6.879030E+00  1.577679E+00
    7.500000  6.640930E+00  3.629656E+00
    8.000000  7.788700E+00  4.674113E+00
    8.500000  4.330945E+00  2.154028E+00
    9.000000  7.589709E+00  3.156355E+00
    9.500000  1.185853E+01  8.792555E+00
   10.000000  5.618608E+00  1.084581E+01
    0.000000  4.309680E+00  8.000693E-20
    0.000000  4.054252E+00 -4.890699E-18
    0.000000  3.379710E+00  1.056231E-18
    0.000000  2.612146E+00  5.329487E-18
    0.000000  1.991565E+00 -2.989832E-18
    0.000000  1.567260E+00  2.744666E-19
    0.000000  1.300331E+00 -4.382637E-19
    0.000000  1.141221E+00  2.017753E-20
    0.000000  1.052860E+00 -7.379042E-20
    0.000000  1.011094E+00  1.393317E-20
# q=     0.000000    0.000000    0.666667 nmtx= 205
 
    0.000000  4.309365E+00 -1.890413E-18
    0.500000  4.317262E+00  3.172432E-03
    1.000000  4.341318E+00  6.495446E-03
    1.500000  4.382729E+00  1.015748E-02
    2.000000  4.443855E+00  1.445953E-02
    2.500000  4.529237E+00  2.005811E-02
    3.000000  4.649480E+00  2.929393E-02
    3.500000  4.850174E+00  6.608106E-02
    4.000000  4.712339E+00  1.962599E-01
    4.500000  5.107321E+00  2.038822E-01
    5.000000  5.354018E+00  1.039329E-01
    5.500000  5.740043E+00  1.619839E-01
    6.000000  6.010175E+00  1.084043E+00
    6.500000  6.822636E+00  4.974055E-01
    7.000000  6.879030E+00  1.577679E+00
    7.500000  6.640930E+00  3.629656E+00
    8.000000  7.788700E+00  4.674113E+00
    8.500000  4.330945E+00  2.154028E+00
    9.000000  7.589709E+00  3.156355E+00
    9.500000  1.185853E+01  8.792555E+00
   10.000000  5.618608E+00  1.084581E+01
    0.000000  4.309680E+00  3.905760E-18
    0.000000  4.054252E+00  3.477794E-18
    0.000000  3.379710E+00 -2.028070E-18
    0.000000  2.612146E+00  2.006300E-19
    0.000000  1.991565E+00 -1.421519E-18
    0.000000  1.567260E+00  1.111518E-18
    0.000000  1.300331E+00  6.417879E-19
    0.000000  1.141221E+00 -1.351617E-19
    0.000000  1.052860E+00  5.222291E-20
    0.000000  1.011094E+00  1.010209E-20
# q=     0.000000    0.333333    0.333333 nmtx= 218
 
    0.000000  4.148464E+00  1.041013E-19
    0.500000  4.157608E+00  3.689683E-03
    1.000000  4.185912E+00  7.748066E-03
    1.500000  4.236562E+00  1.280565E-02
    2.000000  4.317961E+00  2.067185E-02
    2.500000  4.459826E+00  4.173759E-02
    3.000000  4.844238E+00  4.610220E-01
    3.500000  4.418119E+00  8.574776E-02
    4.000000  4.782240E+00  8.595621E-02
    4.500000  5.317221E+00  9.350657E-01
    5.000000  5.045051E+00  1.690660E-01
    5.500000  5.937236E+00  4.343459E-01
    6.000000  5.506535E+00  1.670102E+00
    6.500000  5.291160E+00  1.055619E+00
    7.000000  3.861898E+00  3.115175E+00
    7.500000  4.458989E+00  2.745240E+00
    8.000000  5.893532E+00  1.933268E+00
    8.500000  6.175720E+00  1.442823E+00
    9.000000  8.081237E+00  2.245093E+00
    9.500000  7.597927E+00  1.114319E+01
   10.000000  4.394702E+00  6.973047E+00
    0.000000  4.148828E+00 -2.969483E-19
    0.000000  3.875698E+00 -6.000133E-18
    0.000000  3.228400E+00 -5.059049E-18
    0.000000  2.523146E+00  9.254595E-19
    0.000000  1.951473E+00  4.254275E-19
    0.000000  1.553129E+00  4.471307E-19
    0.000000  1.296961E+00  2.083665E-19
    0.000000  1.141174E+00 -2.668518E-19
    0.000000  1.053246E+00  6.585141E-21
    0.000000  1.011220E+00  2.959227E-20
# q=     0.000000    0.333333    0.666667 nmtx= 220
 
    0.000000  3.580825E+00  7.045012E-18
    0.500000  3.586349E+00  2.222107E-03
    1.000000  3.603251E+00  4.580034E-03
    1.500000  3.632629E+00  7.256466E-03
    2.000000  3.676797E+00  1.059488E-02
    2.500000  3.741061E+00  1.574407E-02
    3.000000  3.844752E+00  5.040012E-02
    3.500000  3.935555E+00  3.915325E-02
    4.000000  4.029317E+00  1.343305E-01
    4.500000  4.323676E+00  6.677079E-01
    5.000000  4.406506E+00  2.187111E-01
    5.500000  4.163357E+00  1.296758E+00
    6.000000  4.529126E+00  9.991218E-01
    6.500000  4.279212E+00  6.922601E-01
    7.000000  3.654079E+00  1.088093E+00
    7.500000  4.237965E+00  2.083259E+00
    8.000000  4.402979E+00  2.407956E+00
    8.500000  4.364514E+00  1.194980E+00
    9.000000  4.701978E+00  1.488279E+00
    9.500000  3.728777E+00  3.215654E+00
   10.000000  4.776499E+00  1.881122E+00
    0.000000  3.581045E+00 -2.284851E-18
    0.000000  3.406993E+00 -1.972157E-18
    0.000000  2.964092E+00 -1.081276E-20
    0.000000  2.441589E+00 -7.887801E-19
    0.000000  1.970489E+00  1.396684E-18
    0.000000  1.602951E+00  6.129144E-19
    0.000000  1.341523E+00 -3.868017E-20
    0.000000  1.169108E+00  2.562924E-20
    0.000000  1.065677E+00 -2.681958E-20
    0.000000  1.014092E+00  8.770027E-21
