# q=     0.000000    0.000000    0.001000 nmtx= 181
 
    0.000000   7.805074E+000   1.562463E-017
    0.500000   1.423790E-001  -2.417414E-004
    1.000000   1.405568E-001  -4.886470E-004
    1.500000   1.374758E-001  -7.465455E-004
    2.000000   1.330634E-001  -1.022834E-003
    2.500000   1.272035E-001  -1.328034E-003
    3.000000   1.197138E-001  -1.678978E-003
    3.500000   1.102985E-001  -2.106452E-003
    4.000000   9.843565E-002  -2.677403E-003
    4.500000   8.304430E-002  -3.579192E-003
    5.000000   6.110506E-002  -5.617051E-003
    5.500000   1.660826E-002  -1.807374E-002
    6.000000   1.098629E-001  -4.739080E-002
    6.500000   3.018673E-002  -1.912196E-002
    7.000000  -2.571190E-002  -2.244630E-002
    7.500000  -1.693373E-001  -8.096367E-002
    8.000000   1.361572E-001  -8.890773E-002
    8.500000  -9.063757E-002  -1.084569E-001
    9.000000  -1.218676E-002  -9.697327E-002
    9.500000  -4.321218E-002  -1.265036E-001
   10.000000  -1.202071E-001  -9.672845E-002
    0.000000   1.429580E-001   1.007369E-019
    0.000000   1.637557E-001   3.191573E-019
    0.000000   2.321974E-001  -1.524031E-019
    0.000000   3.474753E-001   1.356709E-019
    0.000000   4.969514E-001  -2.316900E-019
    0.000000   6.551271E-001   1.245403E-019
    0.000000   7.938302E-001   2.014086E-019
    0.000000   8.962142E-001  -1.535247E-020
    0.000000   9.599822E-001   5.421011E-020
    0.000000   9.915364E-001   3.289532E-020
# q=     0.000000    0.000000    0.333333 nmtx= 205
 
    0.000000   4.309365E+000   9.597247E-018
    0.500000   2.842493E-001  -1.699547E-004
    1.000000   2.829682E-001  -3.435989E-004
    1.500000   2.808007E-001  -5.255791E-004
    2.000000   2.776885E-001  -7.234652E-004
    2.500000   2.735176E-001  -9.543167E-004
    3.000000   2.680138E-001  -1.280077E-003
    3.500000   2.599953E-001  -2.289077E-003
    4.000000   2.618322E-001  -8.333133E-003
    4.500000   2.467361E-001  -7.014786E-003
    5.000000   2.391294E-001  -3.404972E-003
    5.500000   2.268447E-001  -4.599880E-003
    6.000000   2.166843E-001  -2.033150E-002
    6.500000   1.978749E-001  -9.063548E-003
    7.000000   1.749849E-001  -2.530287E-002
    7.500000   1.596117E-001  -6.107712E-002
    8.000000   1.308391E-001  -5.676925E-002
    8.500000   2.385833E-001  -1.247204E-001
    9.000000   1.618754E-001  -4.007555E-002
    9.500000   1.027689E-001  -4.581289E-002
   10.000000   1.034575E-001  -6.156350E-002
    0.000000   2.846564E-001  -7.331566E-019
    0.000000   2.993418E-001   5.844527E-017
    0.000000   3.491787E-001  -2.957500E-017
    0.000000   4.369898E-001   4.580077E-017
    0.000000   5.556507E-001  -1.425048E-017
    0.000000   6.868729E-001   1.246832E-018
    0.000000   8.076432E-001  -2.168404E-019
    0.000000   9.009589E-001   9.080193E-018
    0.000000   9.611950E-001  -1.998998E-018
    0.000000   9.917151E-001  -7.470831E-019
# q=     0.000000    0.000000    0.666667 nmtx= 205
 
    0.000000   4.309365E+000  -1.890413E-018
    0.500000   2.842493E-001  -1.699547E-004
    1.000000   2.829682E-001  -3.435989E-004
    1.500000   2.808007E-001  -5.255791E-004
    2.000000   2.776885E-001  -7.234652E-004
    2.500000   2.735176E-001  -9.543167E-004
    3.000000   2.680138E-001  -1.280077E-003
    3.500000   2.599953E-001  -2.289077E-003
    4.000000   2.618322E-001  -8.333133E-003
    4.500000   2.467361E-001  -7.014786E-003
    5.000000   2.391294E-001  -3.404972E-003
    5.500000   2.268447E-001  -4.599880E-003
    6.000000   2.166843E-001  -2.033150E-002
    6.500000   1.978749E-001  -9.063548E-003
    7.000000   1.749849E-001  -2.530287E-002
    7.500000   1.596117E-001  -6.107712E-002
    8.000000   1.308391E-001  -5.676925E-002
    8.500000   2.385833E-001  -1.247204E-001
    9.000000   1.618754E-001  -4.007555E-002
    9.500000   1.027689E-001  -4.581289E-002
   10.000000   1.034575E-001  -6.156350E-002
    0.000000   2.846564E-001  -6.906421E-017
    0.000000   2.993418E-001   4.425366E-017
    0.000000   3.491787E-001  -3.507394E-017
    0.000000   4.369898E-001  -1.226504E-017
    0.000000   5.556507E-001   1.679158E-017
    0.000000   6.868729E-001  -1.187201E-017
    0.000000   8.076432E-001  -9.879792E-018
    0.000000   9.009589E-001   3.916680E-018
    0.000000   9.611950E-001   1.355253E-018
    0.000000   9.917151E-001   4.404571E-020
# q=     0.000000    0.333333    0.333333 nmtx= 218
 
    0.000000   4.148464E+000   1.041013E-019
    0.500000   2.859806E-001  -2.256941E-004
    1.000000   2.842610E-001  -4.671065E-004
    1.500000   2.812459E-001  -7.517154E-004
    2.000000   2.765687E-001  -1.159508E-003
    2.500000   2.689302E-001  -2.135437E-003
    3.000000   2.489146E-001  -1.694672E-002
    3.500000   2.707499E-001  -4.808440E-003
    4.000000   2.525631E-001  -3.843896E-003
    4.500000   2.249065E-001  -2.697015E-002
    5.000000   2.360232E-001  -7.594315E-003
    5.500000   2.016213E-001  -1.711634E-002
    6.000000   2.127131E-001  -8.488909E-002
    6.500000   2.279508E-001  -3.548965E-002
    7.000000   1.647636E-001  -1.237523E-001
    7.500000   1.989528E-001  -1.329708E-001
    8.000000   1.858204E-001  -4.969861E-002
    8.500000   2.166788E-001  -5.302307E-002
    9.000000   1.589393E-001  -2.848743E-002
    9.500000   7.285376E-002  -7.090193E-002
   10.000000   1.212996E-001  -1.025842E-001
    0.000000   2.865191E-001   1.768120E-016
    0.000000   3.044968E-001  -9.662653E-017
    0.000000   3.587654E-001  -3.595900E-017
    0.000000   4.479081E-001   2.038500E-017
    0.000000   5.646413E-001   2.380677E-018
    0.000000   6.923605E-001  -7.192593E-018
    0.000000   8.100817E-001  -7.958992E-018
    0.000000   9.017196E-001  -1.234698E-017
    0.000000   9.613487E-001  -9.168416E-018
    0.000000   9.917307E-001   9.775544E-019
# q=     0.000000    0.333333    0.666667 nmtx= 220
 
    0.000000   3.580825E+000   7.045012E-018
    0.500000   3.808346E-001  -1.812018E-004
    1.000000   3.794652E-001  -3.683136E-004
    1.500000   3.771316E-001  -5.685426E-004
    2.000000   3.737437E-001  -7.926854E-004
    2.500000   3.691376E-001  -1.062233E-003
    3.000000   3.629566E-001  -1.531063E-003
    3.500000   3.548927E-001  -2.011982E-003
    4.000000   3.439292E-001  -4.462827E-003
    4.500000   3.274906E-001  -3.468029E-002
    5.000000   3.279708E-001  -6.704012E-003
    5.500000   2.940416E-001  -3.994706E-002
    6.000000   3.088779E-001  -6.523502E-002
    6.500000   3.148896E-001  -3.119243E-002
    7.000000   3.049922E-001  -4.656242E-002
    7.500000   2.076413E-001  -1.196916E-001
    8.000000   2.541199E-001  -1.383408E-001
    8.500000   3.148472E-001  -5.536685E-002
    9.000000   2.365799E-001  -7.275917E-002
    9.500000   1.985897E-001  -1.785076E-001
   10.000000   3.035003E-001  -1.668180E-001
    0.000000   3.812682E-001   2.531296E-018
    0.000000   3.964543E-001   9.871631E-018
    0.000000   4.434876E-001  -4.494099E-019
    0.000000   5.184856E-001   8.264190E-018
    0.000000   6.144669E-001  -7.114140E-018
    0.000000   7.205463E-001  -4.383388E-018
    0.000000   8.221783E-001   4.013507E-018
    0.000000   9.053538E-001  -2.204882E-018
    0.000000   9.619804E-001  -7.133942E-019
    0.000000   9.917641E-001   1.078664E-019
