0.00000000E+00
0.13222140E-01
0.26444280E-01
0.39666420E-01
0.52888559E-01
0.66110699E-01
0.79332839E-01
0.92554979E-01
0.10577712E+00
0.11899926E+00
0.13222140E+00
0.14544354E+00
0.15866568E+00
0.17188782E+00
0.18510996E+00
0.19833210E+00
0.21155424E+00
0.22477638E+00
0.23799852E+00
0.25122066E+00
0.26444280E+00
0.27766494E+00
0.29088708E+00
0.30410922E+00
0.31733136E+00
0.33055350E+00
0.34377564E+00
0.35699778E+00
0.37021992E+00
0.38344206E+00
0.39666420E+00
0.40988634E+00
0.42310847E+00
0.43633061E+00
0.44955275E+00
0.46277489E+00
0.47599703E+00
0.48921917E+00
0.50244131E+00
0.51566345E+00
0.52888559E+00
0.54210773E+00
0.55532987E+00
0.56855201E+00
0.58177415E+00
0.59499629E+00
0.60821843E+00
0.62144057E+00
0.63466271E+00
0.64788485E+00
0.66110699E+00
0.67432913E+00
0.68755127E+00
0.70077341E+00
0.71399555E+00
0.72721769E+00
0.74043983E+00
0.75366197E+00
0.76688411E+00
0.78010625E+00
0.79332839E+00
0.80655053E+00
0.81977267E+00
0.83299481E+00
0.84621695E+00
0.85943909E+00
0.87266123E+00
0.88588337E+00
0.89910551E+00
0.91232765E+00
0.92554979E+00
0.93877193E+00
0.95199407E+00
0.96521621E+00
0.97843835E+00
0.99166049E+00
0.10048826E+01
0.10181048E+01
0.10313269E+01
0.10445490E+01
0.10577712E+01
0.10709933E+01
0.10842155E+01
0.10974376E+01
0.11106597E+01
0.11238819E+01
0.11371040E+01
0.11503262E+01
0.11635483E+01
0.11767704E+01
0.11899926E+01
0.12032147E+01
0.12164369E+01
0.12296590E+01
0.12428811E+01
0.12561033E+01
0.12693254E+01
0.12825476E+01
0.12957697E+01
0.13089918E+01
0.13222140E+01
0.13354361E+01
0.13486583E+01
0.13618804E+01
0.13751025E+01
0.13883247E+01
0.14015468E+01
0.14147690E+01
0.14279911E+01
0.14412132E+01
0.14544354E+01
0.14676575E+01
0.14808797E+01
0.14941018E+01
0.15073239E+01
0.15205461E+01
0.15337682E+01
0.15469904E+01
0.15602125E+01
0.15734346E+01
0.15866568E+01
0.15998789E+01
0.16131011E+01
0.16263232E+01
0.16395453E+01
0.16527675E+01
0.16659896E+01
0.16792118E+01
0.16924339E+01
0.17056560E+01
0.17188782E+01
0.17321003E+01
0.17453225E+01
0.17585446E+01
0.17717667E+01
0.17849889E+01
0.17982110E+01
0.18114332E+01
0.18246553E+01
0.18378774E+01
0.18510996E+01
0.18643217E+01
0.18775439E+01
0.18907660E+01
0.19039881E+01
0.19172103E+01
0.19304324E+01
0.19436546E+01
0.19568767E+01
0.19700988E+01
0.19833210E+01
0.19964827E+01
0.20096444E+01
0.20228062E+01
0.20359679E+01
0.20491296E+01
0.20622914E+01
0.20754531E+01
0.20886149E+01
0.21017766E+01
0.21149383E+01
0.21281001E+01
0.21412618E+01
0.21544235E+01
0.21675853E+01
0.21807470E+01
0.21939087E+01
0.22070705E+01
0.22202322E+01
0.22333939E+01
0.22465557E+01
0.22597174E+01
0.22728791E+01
0.22860409E+01
0.22992026E+01
0.23123643E+01
0.23255261E+01
0.23386878E+01
0.23518495E+01
0.23650113E+01
0.23781730E+01
0.23913347E+01
0.24044965E+01
0.24176582E+01
0.24308199E+01
0.24439817E+01
0.24571434E+01
0.24703052E+01
0.24834669E+01
0.24966286E+01
0.25097904E+01
0.25229521E+01
0.25361138E+01
0.25492756E+01
0.25624373E+01
0.25755990E+01
0.25887608E+01
0.26019225E+01
0.26150842E+01
0.26282460E+01
0.26414077E+01
0.26545694E+01
0.26677312E+01
0.26808929E+01
0.26940546E+01
0.27072164E+01
0.27203781E+01
0.27335398E+01
0.27467016E+01
0.27598633E+01
0.27730250E+01
0.27861868E+01
0.27993485E+01
0.28125102E+01
0.28256720E+01
0.28388337E+01
0.28519955E+01
0.28651572E+01
0.28783189E+01
0.28914807E+01
0.29046424E+01
0.29178041E+01
0.29309659E+01
0.29441276E+01
0.29572893E+01
0.29704511E+01
0.29836128E+01
0.29967745E+01
0.30099363E+01
0.30230980E+01
0.30362597E+01
0.30494215E+01
0.30625832E+01
0.30757449E+01
0.30889067E+01
0.31020684E+01
0.31152301E+01
0.31283919E+01
