  0.000000000  0.000000000  0.000000000      30
       1      11    2.703381000    0.169288000
       1      12    2.703381000    0.169288000
       1      13    2.786397000    0.209687000
       1      14    2.838115000    1.240673000
       1      15    2.886443000    0.353356000
       1      16    2.886443000    0.353356000
       1      17    3.868012000    0.995810000
       1      18    3.868013000    0.995810000
       1      19    4.084189000    1.184915000
       1      20    4.084189000    1.184915000
       1      21    4.384701000    1.601766000
       1      22    7.701259000    5.795110000
       1      23    7.701260000    5.795111000
       1      24    8.407087000    6.605796000
       1      25    8.496576000    6.614282000
       1      26    8.496576000    6.614282000
       1      27    9.240801000    9.820747000
       1      28   13.560476000   14.598597000
       1      29   16.635172000   17.379729000
       1      30   21.173321000   22.277554000
       1      31   21.173321000   22.277554000
       1      32   22.446484000   23.620759000
       1      33   22.447043000   23.606959000
       1      34   22.447043000   23.606959000
       1      35   24.790601000   25.587864000
       1      36   26.541638000   27.442366000
       1      37   26.541638000   27.442366000
       1      38   28.156252000   28.935501000
       1      39   28.175230000   28.842742000
       1      40   28.175231000   28.842743000
  0.000000000  0.000000000  0.333333000      30
       1      11    2.551972000    0.488877000
       1      12    2.616941000    0.200344000
       1      13    2.729948000    0.197626000
       1      14    2.729949000    0.197626000
       1      15    2.820333000    0.287519000
       1      16    2.820333000    0.287519000
       1      17    3.939111000    1.058057000
       1      18    3.939111000    1.058057000
       1      19    4.048461000    1.153100000
       1      20    4.048461000    1.153100000
       1      21    5.417165000    3.094489000
       1      22    7.044683000    5.245071000
       1      23    7.903345000    6.003238000
       1      24    7.903345000    6.003238000
       1      25    8.301481000    6.412389000
       1      26    8.301482000    6.412390000
       1      27   10.893778000   11.312061000
       1      28   12.755467000   13.550844000
       1      29   17.410462000   18.367494000
       1      30   19.855864000   20.983326000
       1      31   21.242656000   22.340143000
       1      32   21.242656000   22.340143000
       1      33   21.831541000   22.949836000
       1      34   21.831541000   22.949836000
       1      35   25.715591000   26.544723000
       1      36   27.294640000   28.099556000
       1      37   27.612501000   28.482201000
       1      38   27.612501000   28.482201000
       1      39   28.975909000   29.679259000
       1      40   28.975909000   29.679259000
  0.000000000  0.000000000  0.666667000      30
       1      11    2.551972000    0.490438000
       1      12    2.616941000    0.198881000
       1      13    2.729948000    0.197261000
       1      14    2.729949000    0.197261000
       1      15    2.820333000    0.288043000
       1      16    2.820333000    0.288043000
       1      17    3.939111000    1.057936000
       1      18    3.939111000    1.057936000
       1      19    4.048461000    1.153196000
       1      20    4.048461000    1.153196000
       1      21    5.417165000    3.096320000
       1      22    7.044683000    5.238573000
       1      23    7.903345000    6.003966000
       1      24    7.903345000    6.003966000
       1      25    8.301481000    6.412251000
       1      26    8.301482000    6.412252000
       1      27   10.893778000   11.322319000
       1      28   12.755467000   13.548173000
       1      29   17.410462000   18.359254000
       1      30   19.855864000   20.987355000
       1      31   21.242656000   22.340584000
       1      32   21.242656000   22.340584000
       1      33   21.831541000   22.948630000
       1      34   21.831541000   22.948630000
       1      35   25.715591000   26.545976000
       1      36   27.294640000   28.098253000
       1      37   27.612501000   28.483826000
       1      38   27.612501000   28.483826000
       1      39   28.975909000   29.680116000
       1      40   28.975909000   29.680116000
  0.000000000  0.200000000  0.000000000      30
       1      11    2.512875000    0.132087000
       1      12    2.818031000    0.254340000
       1      13    2.818577000    0.327137000
       1      14    2.937336000    0.416715000
       1      15    3.060145000    0.503732000
       1      16    3.146782000    1.231719000
       1      17    3.785586000    0.912512000
       1      18    3.870851000    0.982211000
       1      19    4.100735000    1.177031000
       1      20    4.271866000    1.672756000
       1      21    4.351372000    1.454286000
       1      22    6.446193000    4.455819000
       1      23    7.113568000    5.219351000
       1      24    7.206084000    5.268094000
       1      25    8.136928000    6.292633000
       1      26    8.219577000    6.313007000
       1      27   11.109929000   11.551342000
       1      28   14.912211000   15.974261000
       1      29   16.586311000   17.292743000
       1      30   18.615480000   19.578061000
       1      31   20.473098000   21.584027000
       1      32   21.540914000   22.625997000
       1      33   22.074500000   23.064104000
       1      34   22.649780000   23.784151000
       1      35   23.757754000   24.786423000
       1      36   25.739804000   26.574051000
       1      37   26.676382000   27.486879000
       1      38   29.459225000   30.262360000
       1      39   30.908744000   31.580440000
       1      40   31.559083000   32.240703000
  0.000000000  0.200000000  0.333333000      30
       1      11    2.419636000    0.137232000
       1      12    2.505404000    0.314213000
       1      13    2.860252000    0.300644000
       1      14    2.886233000    0.338970000
       1      15    2.959769000    0.470409000
       1      16    2.979516000    0.422778000
       1      17    3.911477000    1.025132000
       1      18    3.937032000    1.038214000
       1      19    4.052192000    1.135757000
       1      20    4.091949000    1.192231000
       1      21    5.485145000    3.169784000
       1      22    6.495763000    4.461667000
       1      23    6.935498000    4.989689000
       1      24    7.467711000    5.535882000
       1      25    7.802237000    5.917082000
       1      26    7.973396000    6.055753000
       1      27   11.969759000   12.516672000
       1      28   13.794013000   14.561658000
       1      29   17.326798000   18.337783000
       1      30   18.693069000   19.741666000
       1      31   19.953546000   20.992541000
       1      32   20.615405000   21.653869000
       1      33   21.589728000   22.669010000
       1      34   22.074229000   23.163327000
       1      35   24.673619000   25.529345000
       1      36   26.747220000   27.584863000
       1      37   27.352773000   28.222141000
       1      38   29.834810000   30.565397000
       1      39   30.438181000   31.204284000
       1      40   30.806926000   31.580349000
  0.000000000  0.200000000  0.666667000      30
       1      11    2.419636000    0.135946000
       1      12    2.505404000    0.316437000
       1      13    2.860252000    0.299618000
       1      14    2.886233000    0.338346000
       1      15    2.959769000    0.471560000
       1      16    2.979516000    0.423918000
       1      17    3.911477000    1.024750000
       1      18    3.937032000    1.038008000
       1      19    4.052192000    1.136025000
       1      20    4.091949000    1.192425000
       1      21    5.485145000    3.174732000
       1      22    6.495763000    4.457200000
       1      23    6.935498000    4.990126000
       1      24    7.467711000    5.535038000
       1      25    7.802237000    5.912119000
       1      26    7.973396000    6.056958000
       1      27   11.969759000   12.528208000
       1      28   13.794013000   14.558585000
       1      29   17.326798000   18.325108000
       1      30   18.693069000   19.741509000
       1      31   19.953546000   20.995644000
       1      32   20.615405000   21.655543000
       1      33   21.589728000   22.668458000
       1      34   22.074229000   23.163156000
       1      35   24.673619000   25.530891000
       1      36   26.747220000   27.586231000
       1      37   27.352773000   28.222753000
       1      38   29.834810000   30.564239000
       1      39   30.438181000   31.203396000
       1      40   30.806926000   31.580001000
  0.000000000  0.400000000  0.000000000      30
       1      11    2.431049000    0.203887000
       1      12    2.729156000    0.540998000
       1      13    2.955909000    0.368907000
       1      14    3.250410000    0.802783000
       1      15    3.418800000    0.838873000
       1      16    3.447063000    0.907434000
       1      17    3.861394000    1.016751000
       1      18    3.994507000    1.103612000
       1      19    4.126612000    1.201083000
       1      20    4.345724000    1.551273000
       1      21    4.523486000    2.323859000
       1      22    5.061916000    2.782423000
       1      23    5.809926000    3.725529000
       1      24    6.362660000    4.432555000
       1      25    7.412242000    5.514829000
       1      26    7.722947000    5.821191000
       1      27   13.449132000   14.209439000
       1      28   15.818033000   16.648598000
       1      29   16.030226000   16.793856000
       1      30   16.893908000   17.965335000
       1      31   19.127372000   20.114721000
       1      32   20.623724000   21.418142000
       1      33   21.693702000   22.737944000
       1      34   22.486405000   23.496738000
       1      35   24.228772000   25.319125000
       1      36   26.840792000   27.739587000
       1      37   27.773356000   28.666072000
       1      38   28.042062000   28.918863000
       1      39   31.656713000   32.308783000
       1      40   32.806928000   33.322292000
  0.000000000  0.400000000  0.333333000      30
       1      11    2.315955000    0.183163000
       1      12    2.428181000    0.341441000
       1      13    3.049344000    0.469390000
       1      14    3.176094000    0.702737000
       1      15    3.256491000    0.735609000
       1      16    3.277729000    0.704591000
       1      17    3.987723000    1.127249000
       1      18    4.018441000    1.120146000
       1      19    4.079570000    1.165031000
       1      20    4.189561000    1.319232000
       1      21    4.797313000    2.361155000
       1      22    5.142218000    2.821645000
       1      23    6.492922000    4.553699000
       1      24    6.733699000    4.798451000
       1      25    7.404853000    5.486663000
       1      26    7.476314000    5.588454000
       1      27   13.511508000   14.275016000
       1      28   14.639249000   15.364981000
       1      29   16.768789000   17.721338000
       1      30   17.001319000   18.073562000
       1      31   19.112573000   20.088659000
       1      32   20.573559000   21.543144000
       1      33   21.842384000   22.876476000
       1      34   22.242403000   23.267829000
       1      35   23.257377000   24.144861000
       1      36   26.186354000   27.023277000
       1      37   29.246081000   30.118666000
       1      38   29.756004000   30.388924000
       1      39   30.029357000   30.861315000
       1      40   32.343546000   33.152006000
  0.000000000  0.400000000  0.666667000      30
       1      11    2.315955000    0.182777000
       1      12    2.428181000    0.341694000
       1      13    3.049344000    0.468239000
       1      14    3.176094000    0.702576000
       1      15    3.256491000    0.736427000
       1      16    3.277729000    0.706008000
       1      17    3.987723000    1.127865000
       1      18    4.018441000    1.120406000
       1      19    4.079570000    1.164876000
       1      20    4.189561000    1.319074000
       1      21    4.797313000    2.359981000
       1      22    5.142218000    2.822653000
       1      23    6.492922000    4.560326000
       1      24    6.733699000    4.797228000
       1      25    7.404853000    5.487962000
       1      26    7.476314000    5.584165000
       1      27   13.511508000   14.274824000
       1      28   14.639249000   15.358093000
       1      29   16.768789000   17.728309000
       1      30   17.001319000   18.074782000
       1      31   19.112573000   20.082474000
       1      32   20.573559000   21.540102000
       1      33   21.842384000   22.884177000
       1      34   22.242403000   23.260515000
       1      35   23.257377000   24.147213000
       1      36   26.186354000   27.024666000
       1      37   29.246081000   30.116956000
       1      38   29.756004000   30.388357000
       1      39   30.029357000   30.863468000
       1      40   32.343546000   33.153580000
  0.200000000  0.200000000  0.000000000      30
       1      11    2.564209000    0.344121000
       1      12    2.705146000    0.248252000
       1      13    2.997929000    0.446569000
       1      14    3.051542000    0.579702000
       1      15    3.363570000    0.790245000
       1      16    3.468685000    1.196020000
       1      17    3.742868000    0.877499000
       1      18    3.911969000    1.036349000
       1      19    4.122426000    1.197440000
       1      20    4.336226000    1.694830000
       1      21    4.607923000    2.149093000
       1      22    5.658669000    3.599797000
       1      23    5.773839000    3.553453000
       1      24    6.292605000    4.393833000
       1      25    7.551847000    5.609107000
       1      26    7.645721000    5.757979000
       1      27   13.063937000   13.728685000
       1      28   16.037389000   16.940998000
       1      29   16.859860000   17.796204000
       1      30   17.273605000   18.134498000
       1      31   19.226714000   20.133806000
       1      32   20.237356000   21.270514000
       1      33   20.390251000   21.362309000
       1      34   23.298065000   24.169272000
       1      35   23.878164000   25.044461000
       1      36   25.721075000   26.748160000
       1      37   29.858030000   30.668868000
       1      38   30.241379000   31.000713000
       1      39   30.269085000   31.016306000
       1      40   31.827401000   32.520428000
  0.200000000  0.200000000  0.333333000      30
       1      11    2.429641000    0.273453000
       1      12    2.511772000    0.343321000
       1      13    2.970206000    0.427736000
       1      14    2.983955000    0.528993000
       1      15    3.155402000    0.575765000
       1      16    3.237298000    0.658872000
       1      17    3.916823000    1.038192000
       1      18    4.000425000    1.105202000
       1      19    4.086272000    1.177367000
       1      20    4.187267000    1.308382000
       1      21    5.189644000    2.847893000
       1      22    5.652458000    3.385056000
       1      23    6.464844000    4.574524000
       1      24    6.474485000    4.512833000
       1      25    7.207686000    5.244307000
       1      26    7.605198000    5.728799000
       1      27   13.459070000   14.158312000
       1      28   14.894144000   15.630096000
       1      29   17.149944000   18.242061000
       1      30   17.448559000   18.389478000
       1      31   19.286214000   20.255095000
       1      32   19.310133000   20.339698000
       1      33   20.994426000   21.899049000
       1      34   23.034607000   24.107590000
       1      35   24.517754000   25.427314000
       1      36   25.904815000   26.880408000
       1      37   28.372257000   29.221927000
       1      38   28.855160000   29.629755000
       1      39   31.384539000   32.047486000
       1      40   31.981545000   32.693917000
  0.200000000  0.200000000  0.666667000      30
       1      11    2.429641000    0.271568000
       1      12    2.511772000    0.344932000
       1      13    2.970206000    0.428143000
       1      14    2.983955000    0.528301000
       1      15    3.155402000    0.576039000
       1      16    3.237298000    0.660228000
       1      17    3.916823000    1.037784000
       1      18    4.000425000    1.105405000
       1      19    4.086272000    1.177572000
       1      20    4.187267000    1.308598000
       1      21    5.189644000    2.848041000
       1      22    5.652458000    3.384563000
       1      23    6.464844000    4.578394000
       1      24    6.474485000    4.513133000
       1      25    7.207686000    5.244693000
       1      26    7.605198000    5.725446000
       1      27   13.459070000   14.161381000
       1      28   14.894144000   15.628114000
       1      29   17.149944000   18.237734000
       1      30   17.448559000   18.387991000
       1      31   19.286214000   20.251521000
       1      32   19.310133000   20.343483000
       1      33   20.994426000   21.898005000
       1      34   23.034607000   24.109799000
       1      35   24.517754000   25.425997000
       1      36   25.904815000   26.880540000
       1      37   28.372257000   29.224528000
       1      38   28.855160000   29.627485000
       1      39   31.384539000   32.046054000
       1      40   31.981545000   32.695509000
  0.200000000  0.400000000  0.000000000      30
       1      11    2.633851000    0.212766000
       1      12    2.949228000    0.446232000
       1      13    3.085635000    1.129239000
       1      14    3.198318000    0.744305000
       1      15    3.520204000    0.982995000
       1      16    3.583101000    0.983208000
       1      17    3.869688000    0.998352000
       1      18    3.932981000    1.087965000
       1      19    4.138625000    1.378245000
       1      20    4.163032000    1.350556000
       1      21    4.766515000    2.284028000
       1      22    5.004131000    2.842625000
       1      23    5.100028000    3.138473000
       1      24    6.143970000    4.126210000
       1      25    6.849173000    4.951214000
       1      26    7.145086000    5.183006000
       1      27   15.089552000   16.058896000
       1      28   15.988415000   16.619937000
       1      29   16.074778000   16.714343000
       1      30   16.820923000   17.963449000
       1      31   19.025167000   19.973775000
       1      32   19.848702000   20.854679000
       1      33   20.991068000   21.776701000
       1      34   21.684199000   22.697214000
       1      35   23.696277000   24.789933000
       1      36   28.318498000   29.217478000
       1      37   28.844299000   29.867039000
       1      38   30.146308000   30.913139000
       1      39   31.033458000   31.785623000
       1      40   32.027378000   32.883505000
  0.200000000  0.400000000  0.333333000      30
       1      11    2.547019000    0.324719000
       1      12    2.648083000    0.565129000
       1      13    2.950350000    0.459997000
       1      14    3.173013000    0.773951000
       1      15    3.386270000    0.859859000
       1      16    3.391777000    0.832007000
       1      17    3.948821000    1.081926000
       1      18    3.974124000    1.092938000
       1      19    4.260767000    1.428985000
       1      20    4.295692000    1.437390000
       1      21    4.656073000    2.190589000
       1      22    4.823128000    2.490489000
       1      23    5.693625000    3.654726000
       1      24    6.565099000    4.604527000
       1      25    6.857098000    4.974483000
       1      26    7.324498000    5.451012000
       1      27   14.922335000   15.761182000
       1      28   15.578286000   16.272022000
       1      29   16.538893000   17.368470000
       1      30   17.030001000   18.193073000
       1      31   17.928798000   18.780533000
       1      32   18.736931000   19.748472000
       1      33   22.141340000   22.962300000
       1      34   22.862032000   23.929136000
       1      35   24.458833000   25.561369000
       1      36   26.048425000   26.875166000
       1      37   27.898613000   28.772931000
       1      38   29.878061000   30.765664000
       1      39   31.019771000   31.689157000
       1      40   31.526974000   32.239171000
  0.200000000  0.400000000  0.666667000      30
       1      11    2.547019000    0.323295000
       1      12    2.648083000    0.566014000
       1      13    2.950350000    0.458898000
       1      14    3.173013000    0.775381000
       1      15    3.386270000    0.859998000
       1      16    3.391777000    0.832956000
       1      17    3.948821000    1.081343000
       1      18    3.974124000    1.093477000
       1      19    4.260767000    1.428307000
       1      20    4.295692000    1.437625000
       1      21    4.656073000    2.190849000
       1      22    4.823128000    2.490554000
       1      23    5.693625000    3.654665000
       1      24    6.565099000    4.605076000
       1      25    6.857098000    4.979025000
       1      26    7.324498000    5.449648000
       1      27   14.922335000   15.759104000
       1      28   15.578286000   16.262529000
       1      29   16.538893000   17.378395000
       1      30   17.030001000   18.196276000
       1      31   17.928798000   18.770220000
       1      32   18.736931000   19.751767000
       1      33   22.141340000   22.959502000
       1      34   22.862032000   23.925959000
       1      35   24.458833000   25.564025000
       1      36   26.048425000   26.874836000
       1      37   27.898613000   28.774752000
       1      38   29.878061000   30.767052000
       1      39   31.019771000   31.687993000
       1      40   31.526974000   32.239683000
