
real_or_complex 1
wfng_flag T
wfng_file wfn.real

DiagonalizationSwitch 0

EnergyCutoff 11.0

NumberOfDimensions 3
LatticeConstant 10.2612
LatticeVectors
0.0 0.5 0.5
0.5 0.0 0.5
0.5 0.5 0.0

NumberOfAtoms 2
NumberOfSpecies 1
ChemicalSpeciesLabel
1 14 Si
AtomicCoordinatesFormat ScaledByLatticeVectors
AtomicCoordinatesAndAtomicSpecies
-0.125 -0.125 -0.125 1
 0.125  0.125  0.125 1

NumberOfBands 4
NumberOfOccupiedBands 4

KPointNumbers 8 8 8
KPointOffsets 0.47 0.37 0.32
KPointsScale ReciprocalLatticeVectors
KPointsList 512
  0.058750000  0.046250000  0.040000000   1.0
  0.058750000  0.046250000  0.165000000   1.0
  0.058750000  0.046250000  0.290000000   1.0
  0.058750000  0.046250000  0.415000000   1.0
  0.058750000  0.046250000  0.540000000   1.0
  0.058750000  0.046250000  0.665000000   1.0
  0.058750000  0.046250000  0.790000000   1.0
  0.058750000  0.046250000  0.915000000   1.0
  0.058750000  0.171250000  0.040000000   1.0
  0.058750000  0.171250000  0.165000000   1.0
  0.058750000  0.171250000  0.290000000   1.0
  0.058750000  0.171250000  0.415000000   1.0
  0.058750000  0.171250000  0.540000000   1.0
  0.058750000  0.171250000  0.665000000   1.0
  0.058750000  0.171250000  0.790000000   1.0
  0.058750000  0.171250000  0.915000000   1.0
  0.058750000  0.296250000  0.040000000   1.0
  0.058750000  0.296250000  0.165000000   1.0
  0.058750000  0.296250000  0.290000000   1.0
  0.058750000  0.296250000  0.415000000   1.0
  0.058750000  0.296250000  0.540000000   1.0
  0.058750000  0.296250000  0.665000000   1.0
  0.058750000  0.296250000  0.790000000   1.0
  0.058750000  0.296250000  0.915000000   1.0
  0.058750000  0.421250000  0.040000000   1.0
  0.058750000  0.421250000  0.165000000   1.0
  0.058750000  0.421250000  0.290000000   1.0
  0.058750000  0.421250000  0.415000000   1.0
  0.058750000  0.421250000  0.540000000   1.0
  0.058750000  0.421250000  0.665000000   1.0
  0.058750000  0.421250000  0.790000000   1.0
  0.058750000  0.421250000  0.915000000   1.0
  0.058750000  0.546250000  0.040000000   1.0
  0.058750000  0.546250000  0.165000000   1.0
  0.058750000  0.546250000  0.290000000   1.0
  0.058750000  0.546250000  0.415000000   1.0
  0.058750000  0.546250000  0.540000000   1.0
  0.058750000  0.546250000  0.665000000   1.0
  0.058750000  0.546250000  0.790000000   1.0
  0.058750000  0.546250000  0.915000000   1.0
  0.058750000  0.671250000  0.040000000   1.0
  0.058750000  0.671250000  0.165000000   1.0
  0.058750000  0.671250000  0.290000000   1.0
  0.058750000  0.671250000  0.415000000   1.0
  0.058750000  0.671250000  0.540000000   1.0
  0.058750000  0.671250000  0.665000000   1.0
  0.058750000  0.671250000  0.790000000   1.0
  0.058750000  0.671250000  0.915000000   1.0
  0.058750000  0.796250000  0.040000000   1.0
  0.058750000  0.796250000  0.165000000   1.0
  0.058750000  0.796250000  0.290000000   1.0
  0.058750000  0.796250000  0.415000000   1.0
  0.058750000  0.796250000  0.540000000   1.0
  0.058750000  0.796250000  0.665000000   1.0
  0.058750000  0.796250000  0.790000000   1.0
  0.058750000  0.796250000  0.915000000   1.0
  0.058750000  0.921250000  0.040000000   1.0
  0.058750000  0.921250000  0.165000000   1.0
  0.058750000  0.921250000  0.290000000   1.0
  0.058750000  0.921250000  0.415000000   1.0
  0.058750000  0.921250000  0.540000000   1.0
  0.058750000  0.921250000  0.665000000   1.0
  0.058750000  0.921250000  0.790000000   1.0
  0.058750000  0.921250000  0.915000000   1.0
  0.183750000  0.046250000  0.040000000   1.0
  0.183750000  0.046250000  0.165000000   1.0
  0.183750000  0.046250000  0.290000000   1.0
  0.183750000  0.046250000  0.415000000   1.0
  0.183750000  0.046250000  0.540000000   1.0
  0.183750000  0.046250000  0.665000000   1.0
  0.183750000  0.046250000  0.790000000   1.0
  0.183750000  0.046250000  0.915000000   1.0
  0.183750000  0.171250000  0.040000000   1.0
  0.183750000  0.171250000  0.165000000   1.0
  0.183750000  0.171250000  0.290000000   1.0
  0.183750000  0.171250000  0.415000000   1.0
  0.183750000  0.171250000  0.540000000   1.0
  0.183750000  0.171250000  0.665000000   1.0
  0.183750000  0.171250000  0.790000000   1.0
  0.183750000  0.171250000  0.915000000   1.0
  0.183750000  0.296250000  0.040000000   1.0
  0.183750000  0.296250000  0.165000000   1.0
  0.183750000  0.296250000  0.290000000   1.0
  0.183750000  0.296250000  0.415000000   1.0
  0.183750000  0.296250000  0.540000000   1.0
  0.183750000  0.296250000  0.665000000   1.0
  0.183750000  0.296250000  0.790000000   1.0
  0.183750000  0.296250000  0.915000000   1.0
  0.183750000  0.421250000  0.040000000   1.0
  0.183750000  0.421250000  0.165000000   1.0
  0.183750000  0.421250000  0.290000000   1.0
  0.183750000  0.421250000  0.415000000   1.0
  0.183750000  0.421250000  0.540000000   1.0
  0.183750000  0.421250000  0.665000000   1.0
  0.183750000  0.421250000  0.790000000   1.0
  0.183750000  0.421250000  0.915000000   1.0
  0.183750000  0.546250000  0.040000000   1.0
  0.183750000  0.546250000  0.165000000   1.0
  0.183750000  0.546250000  0.290000000   1.0
  0.183750000  0.546250000  0.415000000   1.0
  0.183750000  0.546250000  0.540000000   1.0
  0.183750000  0.546250000  0.665000000   1.0
  0.183750000  0.546250000  0.790000000   1.0
  0.183750000  0.546250000  0.915000000   1.0
  0.183750000  0.671250000  0.040000000   1.0
  0.183750000  0.671250000  0.165000000   1.0
  0.183750000  0.671250000  0.290000000   1.0
  0.183750000  0.671250000  0.415000000   1.0
  0.183750000  0.671250000  0.540000000   1.0
  0.183750000  0.671250000  0.665000000   1.0
  0.183750000  0.671250000  0.790000000   1.0
  0.183750000  0.671250000  0.915000000   1.0
  0.183750000  0.796250000  0.040000000   1.0
  0.183750000  0.796250000  0.165000000   1.0
  0.183750000  0.796250000  0.290000000   1.0
  0.183750000  0.796250000  0.415000000   1.0
  0.183750000  0.796250000  0.540000000   1.0
  0.183750000  0.796250000  0.665000000   1.0
  0.183750000  0.796250000  0.790000000   1.0
  0.183750000  0.796250000  0.915000000   1.0
  0.183750000  0.921250000  0.040000000   1.0
  0.183750000  0.921250000  0.165000000   1.0
  0.183750000  0.921250000  0.290000000   1.0
  0.183750000  0.921250000  0.415000000   1.0
  0.183750000  0.921250000  0.540000000   1.0
  0.183750000  0.921250000  0.665000000   1.0
  0.183750000  0.921250000  0.790000000   1.0
  0.183750000  0.921250000  0.915000000   1.0
  0.308750000  0.046250000  0.040000000   1.0
  0.308750000  0.046250000  0.165000000   1.0
  0.308750000  0.046250000  0.290000000   1.0
  0.308750000  0.046250000  0.415000000   1.0
  0.308750000  0.046250000  0.540000000   1.0
  0.308750000  0.046250000  0.665000000   1.0
  0.308750000  0.046250000  0.790000000   1.0
  0.308750000  0.046250000  0.915000000   1.0
  0.308750000  0.171250000  0.040000000   1.0
  0.308750000  0.171250000  0.165000000   1.0
  0.308750000  0.171250000  0.290000000   1.0
  0.308750000  0.171250000  0.415000000   1.0
  0.308750000  0.171250000  0.540000000   1.0
  0.308750000  0.171250000  0.665000000   1.0
  0.308750000  0.171250000  0.790000000   1.0
  0.308750000  0.171250000  0.915000000   1.0
  0.308750000  0.296250000  0.040000000   1.0
  0.308750000  0.296250000  0.165000000   1.0
  0.308750000  0.296250000  0.290000000   1.0
  0.308750000  0.296250000  0.415000000   1.0
  0.308750000  0.296250000  0.540000000   1.0
  0.308750000  0.296250000  0.665000000   1.0
  0.308750000  0.296250000  0.790000000   1.0
  0.308750000  0.296250000  0.915000000   1.0
  0.308750000  0.421250000  0.040000000   1.0
  0.308750000  0.421250000  0.165000000   1.0
  0.308750000  0.421250000  0.290000000   1.0
  0.308750000  0.421250000  0.415000000   1.0
  0.308750000  0.421250000  0.540000000   1.0
  0.308750000  0.421250000  0.665000000   1.0
  0.308750000  0.421250000  0.790000000   1.0
  0.308750000  0.421250000  0.915000000   1.0
  0.308750000  0.546250000  0.040000000   1.0
  0.308750000  0.546250000  0.165000000   1.0
  0.308750000  0.546250000  0.290000000   1.0
  0.308750000  0.546250000  0.415000000   1.0
  0.308750000  0.546250000  0.540000000   1.0
  0.308750000  0.546250000  0.665000000   1.0
  0.308750000  0.546250000  0.790000000   1.0
  0.308750000  0.546250000  0.915000000   1.0
  0.308750000  0.671250000  0.040000000   1.0
  0.308750000  0.671250000  0.165000000   1.0
  0.308750000  0.671250000  0.290000000   1.0
  0.308750000  0.671250000  0.415000000   1.0
  0.308750000  0.671250000  0.540000000   1.0
  0.308750000  0.671250000  0.665000000   1.0
  0.308750000  0.671250000  0.790000000   1.0
  0.308750000  0.671250000  0.915000000   1.0
  0.308750000  0.796250000  0.040000000   1.0
  0.308750000  0.796250000  0.165000000   1.0
  0.308750000  0.796250000  0.290000000   1.0
  0.308750000  0.796250000  0.415000000   1.0
  0.308750000  0.796250000  0.540000000   1.0
  0.308750000  0.796250000  0.665000000   1.0
  0.308750000  0.796250000  0.790000000   1.0
  0.308750000  0.796250000  0.915000000   1.0
  0.308750000  0.921250000  0.040000000   1.0
  0.308750000  0.921250000  0.165000000   1.0
  0.308750000  0.921250000  0.290000000   1.0
  0.308750000  0.921250000  0.415000000   1.0
  0.308750000  0.921250000  0.540000000   1.0
  0.308750000  0.921250000  0.665000000   1.0
  0.308750000  0.921250000  0.790000000   1.0
  0.308750000  0.921250000  0.915000000   1.0
  0.433750000  0.046250000  0.040000000   1.0
  0.433750000  0.046250000  0.165000000   1.0
  0.433750000  0.046250000  0.290000000   1.0
  0.433750000  0.046250000  0.415000000   1.0
  0.433750000  0.046250000  0.540000000   1.0
  0.433750000  0.046250000  0.665000000   1.0
  0.433750000  0.046250000  0.790000000   1.0
  0.433750000  0.046250000  0.915000000   1.0
  0.433750000  0.171250000  0.040000000   1.0
  0.433750000  0.171250000  0.165000000   1.0
  0.433750000  0.171250000  0.290000000   1.0
  0.433750000  0.171250000  0.415000000   1.0
  0.433750000  0.171250000  0.540000000   1.0
  0.433750000  0.171250000  0.665000000   1.0
  0.433750000  0.171250000  0.790000000   1.0
  0.433750000  0.171250000  0.915000000   1.0
  0.433750000  0.296250000  0.040000000   1.0
  0.433750000  0.296250000  0.165000000   1.0
  0.433750000  0.296250000  0.290000000   1.0
  0.433750000  0.296250000  0.415000000   1.0
  0.433750000  0.296250000  0.540000000   1.0
  0.433750000  0.296250000  0.665000000   1.0
  0.433750000  0.296250000  0.790000000   1.0
  0.433750000  0.296250000  0.915000000   1.0
  0.433750000  0.421250000  0.040000000   1.0
  0.433750000  0.421250000  0.165000000   1.0
  0.433750000  0.421250000  0.290000000   1.0
  0.433750000  0.421250000  0.415000000   1.0
  0.433750000  0.421250000  0.540000000   1.0
  0.433750000  0.421250000  0.665000000   1.0
  0.433750000  0.421250000  0.790000000   1.0
  0.433750000  0.421250000  0.915000000   1.0
  0.433750000  0.546250000  0.040000000   1.0
  0.433750000  0.546250000  0.165000000   1.0
  0.433750000  0.546250000  0.290000000   1.0
  0.433750000  0.546250000  0.415000000   1.0
  0.433750000  0.546250000  0.540000000   1.0
  0.433750000  0.546250000  0.665000000   1.0
  0.433750000  0.546250000  0.790000000   1.0
  0.433750000  0.546250000  0.915000000   1.0
  0.433750000  0.671250000  0.040000000   1.0
  0.433750000  0.671250000  0.165000000   1.0
  0.433750000  0.671250000  0.290000000   1.0
  0.433750000  0.671250000  0.415000000   1.0
  0.433750000  0.671250000  0.540000000   1.0
  0.433750000  0.671250000  0.665000000   1.0
  0.433750000  0.671250000  0.790000000   1.0
  0.433750000  0.671250000  0.915000000   1.0
  0.433750000  0.796250000  0.040000000   1.0
  0.433750000  0.796250000  0.165000000   1.0
  0.433750000  0.796250000  0.290000000   1.0
  0.433750000  0.796250000  0.415000000   1.0
  0.433750000  0.796250000  0.540000000   1.0
  0.433750000  0.796250000  0.665000000   1.0
  0.433750000  0.796250000  0.790000000   1.0
  0.433750000  0.796250000  0.915000000   1.0
  0.433750000  0.921250000  0.040000000   1.0
  0.433750000  0.921250000  0.165000000   1.0
  0.433750000  0.921250000  0.290000000   1.0
  0.433750000  0.921250000  0.415000000   1.0
  0.433750000  0.921250000  0.540000000   1.0
  0.433750000  0.921250000  0.665000000   1.0
  0.433750000  0.921250000  0.790000000   1.0
  0.433750000  0.921250000  0.915000000   1.0
  0.558750000  0.046250000  0.040000000   1.0
  0.558750000  0.046250000  0.165000000   1.0
  0.558750000  0.046250000  0.290000000   1.0
  0.558750000  0.046250000  0.415000000   1.0
  0.558750000  0.046250000  0.540000000   1.0
  0.558750000  0.046250000  0.665000000   1.0
  0.558750000  0.046250000  0.790000000   1.0
  0.558750000  0.046250000  0.915000000   1.0
  0.558750000  0.171250000  0.040000000   1.0
  0.558750000  0.171250000  0.165000000   1.0
  0.558750000  0.171250000  0.290000000   1.0
  0.558750000  0.171250000  0.415000000   1.0
  0.558750000  0.171250000  0.540000000   1.0
  0.558750000  0.171250000  0.665000000   1.0
  0.558750000  0.171250000  0.790000000   1.0
  0.558750000  0.171250000  0.915000000   1.0
  0.558750000  0.296250000  0.040000000   1.0
  0.558750000  0.296250000  0.165000000   1.0
  0.558750000  0.296250000  0.290000000   1.0
  0.558750000  0.296250000  0.415000000   1.0
  0.558750000  0.296250000  0.540000000   1.0
  0.558750000  0.296250000  0.665000000   1.0
  0.558750000  0.296250000  0.790000000   1.0
  0.558750000  0.296250000  0.915000000   1.0
  0.558750000  0.421250000  0.040000000   1.0
  0.558750000  0.421250000  0.165000000   1.0
  0.558750000  0.421250000  0.290000000   1.0
  0.558750000  0.421250000  0.415000000   1.0
  0.558750000  0.421250000  0.540000000   1.0
  0.558750000  0.421250000  0.665000000   1.0
  0.558750000  0.421250000  0.790000000   1.0
  0.558750000  0.421250000  0.915000000   1.0
  0.558750000  0.546250000  0.040000000   1.0
  0.558750000  0.546250000  0.165000000   1.0
  0.558750000  0.546250000  0.290000000   1.0
  0.558750000  0.546250000  0.415000000   1.0
  0.558750000  0.546250000  0.540000000   1.0
  0.558750000  0.546250000  0.665000000   1.0
  0.558750000  0.546250000  0.790000000   1.0
  0.558750000  0.546250000  0.915000000   1.0
  0.558750000  0.671250000  0.040000000   1.0
  0.558750000  0.671250000  0.165000000   1.0
  0.558750000  0.671250000  0.290000000   1.0
  0.558750000  0.671250000  0.415000000   1.0
  0.558750000  0.671250000  0.540000000   1.0
  0.558750000  0.671250000  0.665000000   1.0
  0.558750000  0.671250000  0.790000000   1.0
  0.558750000  0.671250000  0.915000000   1.0
  0.558750000  0.796250000  0.040000000   1.0
  0.558750000  0.796250000  0.165000000   1.0
  0.558750000  0.796250000  0.290000000   1.0
  0.558750000  0.796250000  0.415000000   1.0
  0.558750000  0.796250000  0.540000000   1.0
  0.558750000  0.796250000  0.665000000   1.0
  0.558750000  0.796250000  0.790000000   1.0
  0.558750000  0.796250000  0.915000000   1.0
  0.558750000  0.921250000  0.040000000   1.0
  0.558750000  0.921250000  0.165000000   1.0
  0.558750000  0.921250000  0.290000000   1.0
  0.558750000  0.921250000  0.415000000   1.0
  0.558750000  0.921250000  0.540000000   1.0
  0.558750000  0.921250000  0.665000000   1.0
  0.558750000  0.921250000  0.790000000   1.0
  0.558750000  0.921250000  0.915000000   1.0
  0.683750000  0.046250000  0.040000000   1.0
  0.683750000  0.046250000  0.165000000   1.0
  0.683750000  0.046250000  0.290000000   1.0
  0.683750000  0.046250000  0.415000000   1.0
  0.683750000  0.046250000  0.540000000   1.0
  0.683750000  0.046250000  0.665000000   1.0
  0.683750000  0.046250000  0.790000000   1.0
  0.683750000  0.046250000  0.915000000   1.0
  0.683750000  0.171250000  0.040000000   1.0
  0.683750000  0.171250000  0.165000000   1.0
  0.683750000  0.171250000  0.290000000   1.0
  0.683750000  0.171250000  0.415000000   1.0
  0.683750000  0.171250000  0.540000000   1.0
  0.683750000  0.171250000  0.665000000   1.0
  0.683750000  0.171250000  0.790000000   1.0
  0.683750000  0.171250000  0.915000000   1.0
  0.683750000  0.296250000  0.040000000   1.0
  0.683750000  0.296250000  0.165000000   1.0
  0.683750000  0.296250000  0.290000000   1.0
  0.683750000  0.296250000  0.415000000   1.0
  0.683750000  0.296250000  0.540000000   1.0
  0.683750000  0.296250000  0.665000000   1.0
  0.683750000  0.296250000  0.790000000   1.0
  0.683750000  0.296250000  0.915000000   1.0
  0.683750000  0.421250000  0.040000000   1.0
  0.683750000  0.421250000  0.165000000   1.0
  0.683750000  0.421250000  0.290000000   1.0
  0.683750000  0.421250000  0.415000000   1.0
  0.683750000  0.421250000  0.540000000   1.0
  0.683750000  0.421250000  0.665000000   1.0
  0.683750000  0.421250000  0.790000000   1.0
  0.683750000  0.421250000  0.915000000   1.0
  0.683750000  0.546250000  0.040000000   1.0
  0.683750000  0.546250000  0.165000000   1.0
  0.683750000  0.546250000  0.290000000   1.0
  0.683750000  0.546250000  0.415000000   1.0
  0.683750000  0.546250000  0.540000000   1.0
  0.683750000  0.546250000  0.665000000   1.0
  0.683750000  0.546250000  0.790000000   1.0
  0.683750000  0.546250000  0.915000000   1.0
  0.683750000  0.671250000  0.040000000   1.0
  0.683750000  0.671250000  0.165000000   1.0
  0.683750000  0.671250000  0.290000000   1.0
  0.683750000  0.671250000  0.415000000   1.0
  0.683750000  0.671250000  0.540000000   1.0
  0.683750000  0.671250000  0.665000000   1.0
  0.683750000  0.671250000  0.790000000   1.0
  0.683750000  0.671250000  0.915000000   1.0
  0.683750000  0.796250000  0.040000000   1.0
  0.683750000  0.796250000  0.165000000   1.0
  0.683750000  0.796250000  0.290000000   1.0
  0.683750000  0.796250000  0.415000000   1.0
  0.683750000  0.796250000  0.540000000   1.0
  0.683750000  0.796250000  0.665000000   1.0
  0.683750000  0.796250000  0.790000000   1.0
  0.683750000  0.796250000  0.915000000   1.0
  0.683750000  0.921250000  0.040000000   1.0
  0.683750000  0.921250000  0.165000000   1.0
  0.683750000  0.921250000  0.290000000   1.0
  0.683750000  0.921250000  0.415000000   1.0
  0.683750000  0.921250000  0.540000000   1.0
  0.683750000  0.921250000  0.665000000   1.0
  0.683750000  0.921250000  0.790000000   1.0
  0.683750000  0.921250000  0.915000000   1.0
  0.808750000  0.046250000  0.040000000   1.0
  0.808750000  0.046250000  0.165000000   1.0
  0.808750000  0.046250000  0.290000000   1.0
  0.808750000  0.046250000  0.415000000   1.0
  0.808750000  0.046250000  0.540000000   1.0
  0.808750000  0.046250000  0.665000000   1.0
  0.808750000  0.046250000  0.790000000   1.0
  0.808750000  0.046250000  0.915000000   1.0
  0.808750000  0.171250000  0.040000000   1.0
  0.808750000  0.171250000  0.165000000   1.0
  0.808750000  0.171250000  0.290000000   1.0
  0.808750000  0.171250000  0.415000000   1.0
  0.808750000  0.171250000  0.540000000   1.0
  0.808750000  0.171250000  0.665000000   1.0
  0.808750000  0.171250000  0.790000000   1.0
  0.808750000  0.171250000  0.915000000   1.0
  0.808750000  0.296250000  0.040000000   1.0
  0.808750000  0.296250000  0.165000000   1.0
  0.808750000  0.296250000  0.290000000   1.0
  0.808750000  0.296250000  0.415000000   1.0
  0.808750000  0.296250000  0.540000000   1.0
  0.808750000  0.296250000  0.665000000   1.0
  0.808750000  0.296250000  0.790000000   1.0
  0.808750000  0.296250000  0.915000000   1.0
  0.808750000  0.421250000  0.040000000   1.0
  0.808750000  0.421250000  0.165000000   1.0
  0.808750000  0.421250000  0.290000000   1.0
  0.808750000  0.421250000  0.415000000   1.0
  0.808750000  0.421250000  0.540000000   1.0
  0.808750000  0.421250000  0.665000000   1.0
  0.808750000  0.421250000  0.790000000   1.0
  0.808750000  0.421250000  0.915000000   1.0
  0.808750000  0.546250000  0.040000000   1.0
  0.808750000  0.546250000  0.165000000   1.0
  0.808750000  0.546250000  0.290000000   1.0
  0.808750000  0.546250000  0.415000000   1.0
  0.808750000  0.546250000  0.540000000   1.0
  0.808750000  0.546250000  0.665000000   1.0
  0.808750000  0.546250000  0.790000000   1.0
  0.808750000  0.546250000  0.915000000   1.0
  0.808750000  0.671250000  0.040000000   1.0
  0.808750000  0.671250000  0.165000000   1.0
  0.808750000  0.671250000  0.290000000   1.0
  0.808750000  0.671250000  0.415000000   1.0
  0.808750000  0.671250000  0.540000000   1.0
  0.808750000  0.671250000  0.665000000   1.0
  0.808750000  0.671250000  0.790000000   1.0
  0.808750000  0.671250000  0.915000000   1.0
  0.808750000  0.796250000  0.040000000   1.0
  0.808750000  0.796250000  0.165000000   1.0
  0.808750000  0.796250000  0.290000000   1.0
  0.808750000  0.796250000  0.415000000   1.0
  0.808750000  0.796250000  0.540000000   1.0
  0.808750000  0.796250000  0.665000000   1.0
  0.808750000  0.796250000  0.790000000   1.0
  0.808750000  0.796250000  0.915000000   1.0
  0.808750000  0.921250000  0.040000000   1.0
  0.808750000  0.921250000  0.165000000   1.0
  0.808750000  0.921250000  0.290000000   1.0
  0.808750000  0.921250000  0.415000000   1.0
  0.808750000  0.921250000  0.540000000   1.0
  0.808750000  0.921250000  0.665000000   1.0
  0.808750000  0.921250000  0.790000000   1.0
  0.808750000  0.921250000  0.915000000   1.0
  0.933750000  0.046250000  0.040000000   1.0
  0.933750000  0.046250000  0.165000000   1.0
  0.933750000  0.046250000  0.290000000   1.0
  0.933750000  0.046250000  0.415000000   1.0
  0.933750000  0.046250000  0.540000000   1.0
  0.933750000  0.046250000  0.665000000   1.0
  0.933750000  0.046250000  0.790000000   1.0
  0.933750000  0.046250000  0.915000000   1.0
  0.933750000  0.171250000  0.040000000   1.0
  0.933750000  0.171250000  0.165000000   1.0
  0.933750000  0.171250000  0.290000000   1.0
  0.933750000  0.171250000  0.415000000   1.0
  0.933750000  0.171250000  0.540000000   1.0
  0.933750000  0.171250000  0.665000000   1.0
  0.933750000  0.171250000  0.790000000   1.0
  0.933750000  0.171250000  0.915000000   1.0
  0.933750000  0.296250000  0.040000000   1.0
  0.933750000  0.296250000  0.165000000   1.0
  0.933750000  0.296250000  0.290000000   1.0
  0.933750000  0.296250000  0.415000000   1.0
  0.933750000  0.296250000  0.540000000   1.0
  0.933750000  0.296250000  0.665000000   1.0
  0.933750000  0.296250000  0.790000000   1.0
  0.933750000  0.296250000  0.915000000   1.0
  0.933750000  0.421250000  0.040000000   1.0
  0.933750000  0.421250000  0.165000000   1.0
  0.933750000  0.421250000  0.290000000   1.0
  0.933750000  0.421250000  0.415000000   1.0
  0.933750000  0.421250000  0.540000000   1.0
  0.933750000  0.421250000  0.665000000   1.0
  0.933750000  0.421250000  0.790000000   1.0
  0.933750000  0.421250000  0.915000000   1.0
  0.933750000  0.546250000  0.040000000   1.0
  0.933750000  0.546250000  0.165000000   1.0
  0.933750000  0.546250000  0.290000000   1.0
  0.933750000  0.546250000  0.415000000   1.0
  0.933750000  0.546250000  0.540000000   1.0
  0.933750000  0.546250000  0.665000000   1.0
  0.933750000  0.546250000  0.790000000   1.0
  0.933750000  0.546250000  0.915000000   1.0
  0.933750000  0.671250000  0.040000000   1.0
  0.933750000  0.671250000  0.165000000   1.0
  0.933750000  0.671250000  0.290000000   1.0
  0.933750000  0.671250000  0.415000000   1.0
  0.933750000  0.671250000  0.540000000   1.0
  0.933750000  0.671250000  0.665000000   1.0
  0.933750000  0.671250000  0.790000000   1.0
  0.933750000  0.671250000  0.915000000   1.0
  0.933750000  0.796250000  0.040000000   1.0
  0.933750000  0.796250000  0.165000000   1.0
  0.933750000  0.796250000  0.290000000   1.0
  0.933750000  0.796250000  0.415000000   1.0
  0.933750000  0.796250000  0.540000000   1.0
  0.933750000  0.796250000  0.665000000   1.0
  0.933750000  0.796250000  0.790000000   1.0
  0.933750000  0.796250000  0.915000000   1.0
  0.933750000  0.921250000  0.040000000   1.0
  0.933750000  0.921250000  0.165000000   1.0
  0.933750000  0.921250000  0.290000000   1.0
  0.933750000  0.921250000  0.415000000   1.0
  0.933750000  0.921250000  0.540000000   1.0
  0.933750000  0.921250000  0.665000000   1.0
  0.933750000  0.921250000  0.790000000   1.0
  0.933750000  0.921250000  0.915000000   1.0
