1 1 8
0.0 0.0 0.0
0.0 0.0 0.001

      34.641020000  20.000000000   0.000000000
       0.000000000  40.000000000   0.000000000
       0.000000000   0.000000000   7.968461979
32
   6   5.957569906   0.000000000  -1.335728697
   6   5.957327875   0.000000000  -3.983193079
   6   5.503928554   2.279953225   2.648500702
   6   5.504066638   2.279977104   0.001041617
   6   4.212728580   4.212966830  -1.335759668
   6   4.212557028   4.212742421  -3.983166141
   6   2.279861495   5.504360278   2.648472772
   6   2.279923269   5.504441069   0.001064009
   6   0.000000000   5.958037089  -1.335768576
   6   0.000000000   5.957730573  -3.983167846
   6  -2.279861495   5.504360278   2.648472772
   6  -2.279923269   5.504441069   0.001064009
   6  -4.212728580   4.212966830  -1.335759668
   6  -4.212557028   4.212742421  -3.983166141
   6  -5.503928554   2.279953225   2.648500702
   6  -5.504066638   2.279977104   0.001041617
   6  -5.957569906   0.000000000  -1.335728697
   6  -5.957327875   0.000000000  -3.983193079
   6  -5.503928554  -2.279953225   2.648500702
   6  -5.504066638  -2.279977104   0.001041617
   6  -4.212728580  -4.212966830  -1.335759668
   6  -4.212557028  -4.212742421  -3.983166141
   6  -2.279861495  -5.504360278   2.648472772
   6  -2.279923269  -5.504441069   0.001064009
   6   0.000000000  -5.958037089  -1.335768576
   6   0.000000000  -5.957730573  -3.983167846
   6   2.279861495  -5.504360278   2.648472772
   6   2.279923269  -5.504441069   0.001064009
   6   4.212728580  -4.212966830  -1.335759668
   6   4.212557028  -4.212742421  -3.983166141
   6   5.503928554  -2.279953225   2.648500702
   6   5.504066638  -2.279977104   0.001041617
144 144 30
.false.
