        0.000000000000000        0.213166532928361        0.000041072245015
        0.100000000000000        0.213162425682442        0.000041072673808
        0.200000000000000        0.213150103687406        0.000041073960227
        0.300000000000000        0.213129566171370        0.000041076104392
        0.400000000000000        0.213100811847732        0.000041079106506
        0.500000000000000        0.213063838914965        0.000041082966849
        0.600000000000000        0.213018645056336        0.000041087685786
        0.700000000000000        0.212965227439544        0.000041093263760
        0.800000000000000        0.212903582716278        0.000041099701296
        0.900000000000000        0.212833707021684        0.000041106998998
        1.000000000000000        0.212755595973770        0.000041115157554
        1.100000000000000        0.212669244672711        0.000041124177731
        1.200000000000000        0.212574647700083        0.000041134060379
        1.300000000000000        0.212471799118010        0.000041144806429
        1.400000000000000        0.212360692468236        0.000041156416894
        1.500000000000000        0.212241320771105        0.000041168892868
        1.600000000000000        0.212113676524465        0.000041182235527
        1.700000000000000        0.211977751702491        0.000041196446133
        1.800000000000000        0.211833537754414        0.000041211526027
        1.900000000000001        0.211681025603183        0.000041227476633
        2.000000000000000        0.211520205644023        0.000041244299462
        2.100000000000001        0.211351067742930        0.000041261996104
        2.200000000000001        0.211173601235062        0.000041280568237
        2.300000000000001        0.210987794923056        0.000041300017620
        2.400000000000001        0.210793637075256        0.000041320346099
        2.500000000000001        0.210591115423858        0.000041341555605
        2.600000000000001        0.210380217162955        0.000041363648153
        2.700000000000001        0.210160928946517        0.000041386625845
        2.800000000000001        0.209933236886259        0.000041410490870
        2.900000000000001        0.209697126549437        0.000041435245502
        3.000000000000001        0.209452582956549        0.000041460892104
        3.100000000000001        0.209199590578944        0.000041487433125
        3.200000000000002        0.208938133336341        0.000041514871106
        3.300000000000002        0.208668194594261        0.000041543208672
        3.400000000000002        0.208389757161358        0.000041572448542
        3.500000000000002        0.208102803286668        0.000041602593522
        3.600000000000002        0.207807314656753        0.000041633646509
        3.700000000000002        0.207503272392756        0.000041665610494
        3.800000000000002        0.207190657047362        0.000041698488556
        3.900000000000002        0.206869448601657        0.000041732283869
        4.000000000000002        0.206539626461893        0.000041766999700
        4.100000000000001        0.206201169456153        0.000041802639410
        4.200000000000001        0.205854055830919        0.000041839206453
        4.300000000000001        0.205498263247535        0.000041876704382
        4.400000000000000        0.205133768778571        0.000041915136843
        4.500000000000000        0.204760548904085        0.000041954507580
        4.600000000000000        0.204378579507778        0.000041994820436
        4.699999999999999        0.203987835873046        0.000042036079351
        4.799999999999999        0.203588292678926        0.000042078288366
        4.899999999999999        0.203179923995933        0.000042121451620
        4.999999999999998        0.202762703281787        0.000042165573358
        5.099999999999998        0.202336603377034        0.000042210657922
        5.199999999999998        0.201901596500549        0.000042256709762
        5.299999999999997        0.201457654244933        0.000042303733428
        5.399999999999997        0.201004747571789        0.000042351733579
        5.499999999999996        0.200542846806884        0.000042400714979
        5.599999999999996        0.200071921635199        0.000042450682497
        5.699999999999996        0.199591941095851        0.000042501641115
        5.799999999999995        0.199102873576900        0.000042553595920
        5.899999999999995        0.198604686810031        0.000042606552115
        5.999999999999995        0.198097347865113        0.000042660515009
        6.099999999999994        0.197580823144634        0.000042715490030
        6.199999999999994        0.197055078378004        0.000042771482716
        6.299999999999994        0.196520078615732        0.000042828498722
        6.399999999999993        0.195975788223470        0.000042886543822
        6.499999999999993        0.195422170875925        0.000042945623906
        6.599999999999993        0.194859189550634        0.000043005744984
        6.699999999999992        0.194286806521604        0.000043066913187
        6.799999999999992        0.193704983352809        0.000043129134770
        6.899999999999991        0.193113680891550        0.000043192416111
        6.999999999999991        0.192512859261667        0.000043256763712
        7.099999999999991        0.191902477856605        0.000043322184205
        7.199999999999990        0.191282495332339        0.000043388684348
        7.299999999999990        0.190652869600137        0.000043456271031
        7.399999999999990        0.190013557819178        0.000043524951274
        7.499999999999989        0.189364516389012        0.000043594732232
        7.599999999999989        0.188705700941861        0.000043665621194
        7.699999999999989        0.188037066334758        0.000043737625587
        7.799999999999988        0.187358566641530        0.000043810752976
        7.899999999999988        0.186670155144601        0.000043885011067
        7.999999999999988        0.185971784326640        0.000043960407708
        8.099999999999987        0.185263405862030        0.000044036950892
        8.199999999999987        0.184544970608161        0.000044114648757
        8.299999999999986        0.183816428596548        0.000044193509592
        8.399999999999986        0.183077729023769        0.000044273541832
        8.499999999999986        0.182328820242213        0.000044354754069
        8.599999999999985        0.181569649750646        0.000044437155047
        8.699999999999985        0.180800164184588        0.000044520753667
        8.799999999999985        0.180020309306485        0.000044605558990
        8.899999999999984        0.179230029995697        0.000044691580236
        8.999999999999984        0.178429270238272        0.000044778826792
        9.099999999999984        0.177617973116527        0.000044867308208
        9.199999999999983        0.176796080798408        0.000044957034204
        9.299999999999983        0.175963534526647        0.000045048014670
        9.399999999999983        0.175120274607698        0.000045140259670
        9.499999999999982        0.174266240400451        0.000045233779444
        9.599999999999982        0.173401370304723        0.000045328584412
        9.699999999999982        0.172525601749523        0.000045424685172
        9.799999999999981        0.171638871181074        0.000045522092509
        9.899999999999981        0.170741114050608        0.000045620817395
        9.999999999999980        0.169832264801911        0.000045720870991
       10.099999999999980        0.168912256858623        0.000045822264651
       10.199999999999980        0.167981022611286        0.000045925009925
       10.299999999999979        0.167038493404133        0.000046029118562
       10.399999999999979        0.166084599521620        0.000046134602513
       10.499999999999979        0.165119270174680        0.000046241473935
       10.599999999999978        0.164142433486719        0.000046349745194
       10.699999999999978        0.163154016479321        0.000046459428867
       10.799999999999978        0.162153945057675        0.000046570537746
       10.899999999999977        0.161142143995710        0.000046683084845
       10.999999999999977        0.160118536920941        0.000046797083398
       11.099999999999977        0.159083046299002        0.000046912546865
       11.199999999999976        0.158035593417883        0.000047029488939
       11.299999999999976        0.156976098371845        0.000047147923545
       11.399999999999975        0.155904480045020        0.000047267864845
       11.499999999999975        0.154820656094678        0.000047389327246
       11.599999999999975        0.153724542934166        0.000047512325397
       11.699999999999974        0.152616055715502        0.000047636874202
       11.799999999999974        0.151495108311622        0.000047762988815
       11.899999999999974        0.150361613298273        0.000047890684652
       11.999999999999973        0.149215481935540        0.000048019977392
       12.099999999999973        0.148056624149001        0.000048150882981
       12.199999999999973        0.146884948510512        0.000048283417639
       12.299999999999972        0.145700362218591        0.000048417597863
       12.399999999999972        0.144502771078420        0.000048553440433
       12.499999999999972        0.143292079481435        0.000048690962415
       12.599999999999971        0.142068190384503        0.000048830181169
       12.699999999999971        0.140831005288682        0.000048971114354
       12.799999999999971        0.139580424217548        0.000049113779931
       12.899999999999970        0.138316345695076        0.000049258196170
       12.999999999999970        0.137038666723081        0.000049404381655
       13.099999999999969        0.135747282758187        0.000049552355292
       13.199999999999969        0.134442087688334        0.000049702136311
       13.299999999999969        0.133122973808798        0.000049853744277
       13.399999999999968        0.131789831797722        0.000050007199090
       13.499999999999968        0.130442550691142        0.000050162520998
       13.599999999999968        0.129081017857498        0.000050319730597
       13.699999999999967        0.127705118971620        0.000050478848845
       13.799999999999967        0.126314737988172        0.000050639897060
       13.899999999999967        0.124909757114548        0.000050802896934
       13.999999999999966        0.123490056783204        0.000050967870538
       14.099999999999966        0.122055515623407        0.000051134840328
       14.199999999999966        0.120606010432406        0.000051303829154
       14.299999999999965        0.119141416145984        0.000051474860266
       14.399999999999965        0.117661605808402        0.000051647957324
       14.499999999999964        0.116166450541707        0.000051823144404
       14.599999999999964        0.114655819514391        0.000052000446006
       14.699999999999964        0.113129579909385        0.000052179887066
       14.799999999999963        0.111587596891379        0.000052361492959
       14.899999999999963        0.110029733573441        0.000052545289513
       14.999999999999963        0.108455850982926        0.000052731303015
       15.099999999999962        0.106865808026657        0.000052919560220
       15.199999999999962        0.105259461455356        0.000053110088362
       15.299999999999962        0.103636665827312        0.000053302915164
       15.399999999999961        0.101997273471263        0.000053498068846
       15.499999999999961        0.100341134448474        0.000053695578135
       15.599999999999961        0.098668096513997        0.000053895472279
       15.699999999999960        0.096978005077083        0.000054097781054
       15.799999999999960        0.095270703160727        0.000054302534776
       15.899999999999959        0.093546031360339        0.000054509764312
       15.999999999999959        0.091803827801490        0.000054719501094
       16.099999999999959        0.090043928096740        0.000054931777126
       16.199999999999960        0.088266165301512        0.000055146625000
       16.299999999999962        0.086470369868975        0.000055364077908
       16.399999999999963        0.084656369603939        0.000055584169653
       16.499999999999964        0.082823989615711        0.000055806934662
       16.599999999999966        0.080973052269898        0.000056032408001
       16.699999999999967        0.079103377139133        0.000056260625389
       16.799999999999969        0.077214780952684        0.000056491623210
       16.899999999999970        0.075307077544923        0.000056725438529
       16.999999999999972        0.073380077802635        0.000056962109105
       17.099999999999973        0.071433589611123        0.000057201673408
       17.199999999999974        0.069467417799075        0.000057444170636
       17.299999999999976        0.067481364082182        0.000057689640726
       17.399999999999977        0.065475227005452        0.000057938124375
       17.499999999999979        0.063448801884187        0.000058189663055
       17.599999999999980        0.061401880743611        0.000058444299032
       17.699999999999982        0.059334252257077        0.000058702075381
       17.799999999999983        0.057245701682844        0.000058963036004
       17.899999999999984        0.055136010799374        0.000059227225654
       17.999999999999986        0.053004957839105        0.000059494689947
       18.099999999999987        0.050852317420668        0.000059765475389
       18.199999999999989        0.048677860479500        0.000060039629389
       18.299999999999990        0.046481354196809        0.000060317200285
       18.399999999999991        0.044262561926844        0.000060598237365
       18.499999999999993        0.042021243122433        0.000060882790886
       18.599999999999994        0.039757153258729        0.000061170912099
       18.699999999999996        0.037470043755115        0.000061462653273
       18.799999999999997        0.035159661895229        0.000061758067715
       18.899999999999999        0.032825750745044        0.000062057209800
       19.000000000000000        0.030468049068948        0.000062360134993
       19.100000000000001        0.028086291243775        0.000062666899872
       19.200000000000003        0.025680207170727        0.000062977562162
       19.300000000000004        0.023249522185118        0.000063292180756
       19.400000000000006        0.020793956963894        0.000063610815748
       19.500000000000007        0.018313227430844        0.000063933528457
       19.600000000000009        0.015807044659452        0.000064260381461
       19.700000000000010        0.013275114773322        0.000064591438627
       19.800000000000011        0.010717138844087        0.000064926765140
       19.900000000000013        0.008132812786752        0.000065266427540
       20.000000000000014        0.005521827252375        0.000065610493749
       20.100000000000016        0.002883867518022        0.000065959033114
       20.200000000000017        0.000218613373911        0.000066312116434
       20.300000000000018       -0.002474260992345        0.000066669816002
       20.400000000000020       -0.005195087114475        0.000067032205643
       20.500000000000021       -0.007944202369362        0.000067399360747
       20.600000000000023       -0.010721950102011        0.000067771358314
       20.700000000000024       -0.013528679753792        0.000068148276995
       20.800000000000026       -0.016364746994031        0.000068530197133
       20.900000000000027       -0.019230513855070        0.000068917200804
       21.000000000000028       -0.022126348870897        0.000069309371867
       21.100000000000030       -0.025052627219451        0.000069706796007
       21.200000000000031       -0.028009730868724        0.000070109560786
       21.300000000000033       -0.030998048726774        0.000070517755687
       21.400000000000034       -0.034017976795769        0.000070931472168
       21.500000000000036       -0.037069918330198        0.000071350803716
       21.600000000000037       -0.040154283999363        0.000071775845897
       21.700000000000038       -0.043271492054311        0.000072206696416
       21.800000000000040       -0.046421968499327        0.000072643455170
       21.900000000000041       -0.049606147268142        0.000073086224309
       22.000000000000043       -0.052824470405013        0.000073535108301
       22.100000000000044       -0.056077388250816        0.000073990213987
       22.200000000000045       -0.059365359634341        0.000074451650655
       22.300000000000047       -0.062688852068926        0.000074919530101
       22.400000000000048       -0.066048341954633        0.000075393966700
       22.500000000000050       -0.069444314786130        0.000075875077478
       22.600000000000051       -0.072877265366482        0.000076362982190
       22.700000000000053       -0.076347698027029        0.000076857803387
       22.800000000000054       -0.079856126853574        0.000077359666505
       22.900000000000055       -0.083403075919081        0.000077868699940
       23.000000000000057       -0.086989079523099        0.000078385035137
       23.100000000000058       -0.090614682438154        0.000078908806673
       23.200000000000060       -0.094280440163328        0.000079440152350
       23.300000000000061       -0.097986919185291        0.000079979213287
       23.400000000000063       -0.101734697247020        0.000080526134017
       23.500000000000064       -0.105524363624489        0.000081081062588
       23.600000000000065       -0.109356519411594        0.000081644150661
       23.700000000000067       -0.113231777813609        0.000082215553623
       23.800000000000068       -0.117150764449468        0.000082795430695
       23.900000000000070       -0.121114117663175        0.000083383945046
       24.000000000000071       -0.125122488844692        0.000083981263909
       24.100000000000072       -0.129176542760606        0.000084587558708
       24.200000000000074       -0.133276957894952        0.000085203005182
       24.300000000000075       -0.137424426800548        0.000085827783517
       24.400000000000077       -0.141619656461218        0.000086462078483
       24.500000000000078       -0.145863368665310        0.000087106079572
       24.600000000000080       -0.150156300390900        0.000087759981148
       24.700000000000081       -0.154499204203141        0.000088423982595
       24.800000000000082       -0.158892848664176        0.000089098288477
       24.900000000000084       -0.163338018756098        0.000089783108698
       25.000000000000085       -0.167835516317443        0.000090478658672
       25.100000000000087       -0.172386160493712        0.000091185159499
       25.200000000000088       -0.176990788202464        0.000091902838146
       25.300000000000090       -0.181650254613527        0.000092631927631
       25.400000000000091       -0.186365433644895        0.000093372667228
       25.500000000000092       -0.191137218474928        0.000094125302662
       25.600000000000094       -0.195966522071469        0.000094890086322
       25.700000000000095       -0.200854277738546        0.000095667277481
       25.800000000000097       -0.205801439681323        0.000096457142522
       25.900000000000098       -0.210808983590044        0.000097259955176
       26.000000000000099       -0.215877907243693        0.000098075996765
       26.100000000000101       -0.221009231134163        0.000098905556460
       26.200000000000102       -0.226203999111750        0.000099748931542
       26.300000000000104       -0.231463279052823        0.000100606427683
       26.400000000000105       -0.236788163550568        0.000101478359229
       26.500000000000107       -0.242179770629738        0.000102365049499
       26.600000000000108       -0.247639244486387        0.000103266831098
       26.700000000000109       -0.253167756253618        0.000104184046236
       26.800000000000111       -0.258766504794411        0.000105117047068
       26.900000000000112       -0.264436717522660        0.000106066196042
       27.000000000000114       -0.270179651253592        0.000107031866264
       27.100000000000115       -0.275996593084806        0.000108014441880
       27.200000000000117       -0.281888861309224        0.000109014318469
       27.300000000000118       -0.287857806361310        0.000110031903458
       27.400000000000119       -0.293904811797974        0.000111067616552
       27.500000000000121       -0.300031295315672        0.000112121890182
       27.600000000000122       -0.306238709805239        0.000113195169971
       27.700000000000124       -0.312528544446132        0.000114287915226
       27.800000000000125       -0.318902325841778        0.000115400599447
       27.900000000000126       -0.325361619197870        0.000116533710856
       28.000000000000128       -0.331908029545498        0.000117687752954
       28.100000000000129       -0.338543203011117        0.000118863245102
       28.200000000000131       -0.345268828135475        0.000120060723127
       28.300000000000132       -0.352086637243701        0.000121280739952
       28.400000000000134       -0.358998407868884        0.000122523866264
       28.500000000000135       -0.366005964231605        0.000123790691200
       28.600000000000136       -0.373111178777993        0.000125081823074
       28.700000000000138       -0.380315973779032        0.000126397890135
       28.800000000000139       -0.387622322993977        0.000127739541358
       28.900000000000141       -0.395032253400901        0.000129107447276
       29.000000000000142       -0.402547846997553        0.000130502300847
       29.100000000000144       -0.410171242675879        0.000131924818364
       29.200000000000145       -0.417904638173757        0.000133375740411
       29.300000000000146       -0.425750292107667        0.000134855832862
       29.400000000000148       -0.433710526090239        0.000136365887928
       29.500000000000149       -0.441787726936869        0.000137906725257
       29.600000000000151       -0.449984348965755        0.000139479193088
       29.700000000000152       -0.458302916396053        0.000141084169464
       29.800000000000153       -0.466746025849033        0.000142722563498
       29.900000000000155       -0.475316348957448        0.000144395316712
       30.000000000000156       -0.484016635088621        0.000146103404438
       30.100000000000158       -0.492849714187060        0.000147847837294
       30.200000000000159       -0.501818499742779        0.000149629662732
       30.300000000000161       -0.510925991891859        0.000151449966670
       30.400000000000162       -0.520175280656159        0.000153309875204
       30.500000000000163       -0.529569549329534        0.000155210556420
       30.600000000000165       -0.539112078018336        0.000157153222287
       30.700000000000166       -0.548806247344471        0.000159139130666
       30.800000000000168       -0.558655542319775        0.000161169587419
       30.900000000000169       -0.568663556401038        0.000163245948632
       31.000000000000171       -0.578833995735572        0.000165369622961
       31.100000000000172       -0.589170683607855        0.000167542074111
       31.200000000000173       -0.599677565098445        0.000169764823447
       31.300000000000175       -0.610358711967090        0.000172039452753
       31.400000000000176       -0.621218327772708        0.000174367607149
       31.500000000000178       -0.632260753243762        0.000176750998169
       31.600000000000179       -0.643490471913431        0.000179191407022
       31.700000000000180       -0.654912116034931        0.000181690688038
       31.800000000000182       -0.666530472793376        0.000184250772311
       31.900000000000183       -0.678350490831663        0.000186873671568
       32.000000000000185       -0.690377287109063        0.000189561482254
       32.100000000000186       -0.702616154112474        0.000192316389871
       32.200000000000188       -0.715072567441670        0.000195140673575
       32.300000000000189       -0.727752193791379        0.000198036711054
       32.400000000000190       -0.740660899354623        0.000201006983707
       32.500000000000192       -0.753804758673482        0.000204054082140
       32.600000000000193       -0.767190063965322        0.000207180712010
       32.700000000000195       -0.780823334954571        0.000210389700236
       32.800000000000196       -0.794711329242280        0.000213684001611
       32.900000000000198       -0.808861053248126        0.000217066705824
       33.000000000000199       -0.823279773762050        0.000220541044960
       33.100000000000200       -0.837975030145546        0.000224110401472
       33.200000000000202       -0.852954647225605        0.000227778316691
       33.300000000000203       -0.868226748927650        0.000231548499900
       33.400000000000205       -0.883799772697336        0.000235424838026
       33.500000000000206       -0.899682484764992        0.000239411405980
       33.600000000000207       -0.915883996310709        0.000243512477722
       33.700000000000209       -0.932413780592696        0.000247732538086
       33.800000000000210       -0.949281691106523        0.000252076295437
       33.900000000000212       -0.966497980848388        0.000256548695227
       34.000000000000213       -0.984073322761507        0.000261154934517
       34.100000000000215       -1.002018831451285        0.000265900477559
       34.200000000000216       -1.020346086262079        0.000270791072507
       34.300000000000217       -1.039067155816211        0.000275832769371
       34.400000000000219       -1.058194624124478        0.000281031939309
       34.500000000000220       -1.077741618386847        0.000286395295377
       34.600000000000222       -1.097721838612355        0.000291929914863
       34.700000000000223       -1.118149589198650        0.000297643263347
       34.800000000000225       -1.139039812624093        0.000303543220636
       34.900000000000226       -1.160408125419177        0.000309638108752
       35.000000000000227       -1.182270856599202        0.000315936722152
       35.100000000000229       -1.204645088756944        0.000322448360392
       35.200000000000230       -1.227548702032612        0.000329182863459
       35.300000000000232       -1.251000421198924        0.000336150650030
       35.400000000000233       -1.275019866121825        0.000343362758933
       35.500000000000234       -1.299627605882644        0.000350830894120
       35.600000000000236       -1.324845216875400        0.000358567473504
       35.700000000000237       -1.350695345224129        0.000366585682036
       35.800000000000239       -1.377201773899698        0.000374899529448
       35.900000000000240       -1.404389494954132        0.000383523913151
       36.000000000000242       -1.432284787333590        0.000392474686804
       36.100000000000243       -1.460915300779132        0.000401768735155
       36.200000000000244       -1.490310146378342        0.000411424055818
       36.300000000000246       -1.520499994391074        0.000421459848739
       36.400000000000247       -1.551517180040345        0.000431896614170
       36.500000000000249       -1.583395818035380        0.000442756260110
       36.600000000000250       -1.616171926679441        0.000454062220264
       36.700000000000252       -1.649883562511560        0.000465839583713
       36.800000000000253       -1.684570966540235        0.000478115237652
       36.900000000000254       -1.720276723250386        0.000490918024721
       37.000000000000256       -1.757045933704477        0.000504278916652
       37.100000000000257       -1.794926404217158        0.000518231206217
       37.200000000000259       -1.833968852262941        0.000532810719699
       37.300000000000260       -1.874227131481667        0.000548056052441
       37.400000000000261       -1.915758477880710        0.000564008830392
       37.500000000000263       -1.958623779600749        0.000580714000971
       37.600000000000264       -2.002887872918851        0.000598220157089
       37.700000000000266       -2.048619867515062        0.000616579898701
       37.800000000000267       -2.095893504434259        0.000635850236971
       37.900000000000269       -2.144787550642830        0.000656093046865
       38.000000000000270       -2.195386234620483        0.000677375574949
       38.100000000000271       -2.247779728054084        0.000699771010221
       38.200000000000273       -2.302064679428303        0.000723359127083
       38.300000000000274       -2.358344806155470        0.000748227011086
       38.400000000000276       -2.416731552876820        0.000774469879852
       38.500000000000277       -2.477344824726015        0.000802192013736
       38.600000000000279       -2.540313805706466        0.000831507813313
       38.700000000000280       -2.605777873936038        0.000862543003879
       38.800000000000281       -2.673887627404990        0.000895436010784
       38.900000000000283       -2.744806036135115        0.000930339533914
       39.000000000000284       -2.818709739293156        0.000967422354969
       39.100000000000286       -2.895790508990504        0.001006871417777
       39.200000000000287       -2.976256906306268        0.001048894229845
       39.300000000000288       -3.060336159642097        0.001093721643174
       39.400000000000290       -3.148276301030278        0.001141611084394
       39.500000000000291       -3.240348602691783        0.001192850319241
       39.600000000000293       -3.336850364257335        0.001247761854883
       39.700000000000294       -3.438108110976021        0.001306708106773
       39.800000000000296       -3.544481275394964        0.001370097485726
       39.900000000000297       -3.656366449980779        0.001438391597522
       40.000000000000298       -3.774202316719792        0.001512113793821
       40.100000000000300       -3.898475382853988        0.001591859372387
       40.200000000000301       -4.029726680860283        0.001678307800716
       40.300000000000303       -4.168559627241687        0.001772237435436
       40.400000000000304       -4.315649280900329        0.001874543337664
       40.500000000000306       -4.471753300783163        0.001986258951982
       40.600000000000307       -4.637724978145348        0.002108582637758
       40.700000000000308       -4.814528816616018        0.002242910335668
       40.800000000000310       -5.003259260748653        0.002390876047010
       40.900000000000311       -5.205163341230567        0.002554402337849
       41.000000000000313       -5.421668226856879        0.002735763810677
       41.100000000000314       -5.654414970139210        0.002937667495283
       41.200000000000315       -5.905300134148294        0.003163355519291
       41.300000000000317       -6.176527534987920        0.003416737408630
       41.400000000000318       -6.470673088823798        0.003702562214148
       41.500000000000320       -6.790766806191412        0.004026644785972
       41.600000000000321       -7.140397467356991        0.004396166584636
       41.700000000000323       -7.523847652131872        0.004820080482771
       41.800000000000324       -7.946269915126422        0.005309662786432
       41.900000000000325       -8.413919516210083        0.005879277031222
       42.000000000000327       -8.934466084500889        0.006547447801263
       42.100000000000328       -9.517417320381313        0.007338397252001
       42.200000000000330      -10.174704718642204        0.008284287152276
       42.300000000000331      -10.921508514883419        0.009428562656360
       42.400000000000333      -11.777444169659416        0.010831063182172
       42.500000000000334      -12.768309810158675        0.012576054625422
       42.600000000000335      -13.928730513691642        0.014785260340864
       42.700000000000337      -15.306286665231973        0.017639791493651
       42.800000000000338      -16.968198403274915        0.021418668984518
       42.900000000000340      -19.012624987008206        0.026570007272567
       43.000000000000341      -21.588779558031138        0.033850828528205
       43.100000000000342      -24.935082240413198        0.044623058907579
       43.200000000000344      -29.457540154091912        0.061542370038638
       43.300000000000345      -35.908385416024018        0.090372332421753
       43.400000000000347      -45.855124571102174        0.145646879156514
       43.500000000000348      -63.195500376272079        0.273400841574792
       43.600000000000350     -101.048408409449550        0.690899965339262
       43.700000000000351     -248.479812023645678        4.130214659528570
       43.800000000000352      556.538830135694411       20.502307317999602
       43.900000000000354      132.297350805252393        1.143740959314624
       44.000000000000355       75.363631405237484        0.366871979150359
       44.100000000000357       52.834992172954784        0.178251832606965
       44.200000000000358       40.761661016170969        0.104885354893369
       44.300000000000360       33.236215964817099        0.068940256157911
       44.400000000000361       28.096272408556082        0.048708336323816
       44.500000000000362       24.362764132558169        0.036210313538732
       44.600000000000364       21.527922487442929        0.027955907637955
       44.700000000000365       19.302150577199090        0.022222232221797
       44.800000000000367       17.508212583175023        0.018079375283995
       44.900000000000368       16.031558328088806        0.014989641214881
       45.000000000000369       14.794860996591474        0.012624605451963
       45.100000000000371       13.744033381595656        0.010774494514628
       45.200000000000372       12.840107539646397        0.009300244262486
       45.300000000000374       12.054296918120219        0.008106721955687
       45.400000000000375       11.364875045714877        0.007127071900496
       45.500000000000377       10.755136164295068        0.006313201435355
       45.600000000000378       10.212024159495520        0.005629801623505
       45.700000000000379        9.725187521132943        0.005050477932233
       45.800000000000381        9.286313495254239        0.004555181061755
       45.900000000000382        8.888649715555140        0.004128461668328
       46.000000000000384        8.526654489162446        0.003758260347887
       46.100000000000385        8.195737100977492        0.003435053202558
       46.200000000000387        7.892062215419501        0.003151238417517
       46.300000000000388        7.612400647751231        0.002900689188740
       46.400000000000389        7.354014167717435        0.002678423384755
       46.500000000000391        7.114565612288830        0.002480356371998
       46.600000000000392        6.892048049403453        0.002303113914804
       46.700000000000394        6.684728442742777        0.002143889028974
       46.800000000000395        6.491102468515140        0.002000331375529
       46.900000000000396        6.309857990941479        0.001870461009777
       47.000000000000398        6.139845320493992        0.001752600545723
       47.100000000000399        5.980052829488972        0.001645321376969
       47.200000000000401        5.829586831997847        0.001547400722287
       47.300000000000402        5.687654882687357        0.001457787076406
       47.400000000000404        5.553551835463143        0.001375572238206
       47.500000000000405        5.426648144122431        0.001299968523736
       47.600000000000406        5.306379995350341        0.001230290094502
       47.700000000000408        5.192240947766665        0.001165937573389
       47.800000000000409        5.083774815487692        0.001106385303170
       47.900000000000411        4.980569585316548        0.001051170741493
       48.000000000000412        4.882252196550686        0.000999885592698
       48.100000000000414        4.788484043983838        0.000952168358971
       48.200000000000415        4.698957089852284        0.000907698057149
       48.300000000000416        4.613390490647722        0.000866188897372
       48.400000000000418        4.531527660971044        0.000827385758994
       48.500000000000419        4.453133709761522        0.000791060330186
       48.600000000000421        4.377993194944594        0.000757007802278
       48.700000000000422        4.305908151295306        0.000725044029643
       48.800000000000423        4.236696353502460        0.000695003081699
       48.900000000000425        4.170189782345806        0.000666735126401
       49.000000000000426        4.106233266805786        0.000640104594915
       49.100000000000428        4.044683279004424        0.000614988585614
       49.200000000000429        3.985406862278723        0.000591275472400
       49.300000000000431        3.928280675537309        0.000568863688008
       49.400000000000432        3.873190139444724        0.000547660657622
       49.500000000000433        3.820028671995796        0.000527581861943
       49.600000000000435        3.768697002748835        0.000508550012086
       49.700000000000436        3.719102556434005        0.000490494321304
       49.800000000000438        3.671158897884560        0.000473349860786
       49.900000000000439        3.624785231289462        0.000457056988619
       50.000000000000441        3.579905947664762        0.000441560842575
       50.100000000000442        3.536450215212297        0.000426810888712
       50.200000000000443        3.494351607897461        0.000412760518876
       50.300000000000445        3.453547768149671        0.000399366691146
       50.400000000000446        3.413980100083329        0.000386589608079
       50.500000000000448        3.375593490065231        0.000374392428271
       50.600000000000449        3.338336051826111        0.000362741007360
       50.700000000000450        3.302158893637448        0.000351603665087
       50.800000000000452        3.267015905356703        0.000340950975463
       50.900000000000453        3.232863563390658        0.000330755577463
       51.000000000000455        3.199660751842260        0.000320992003982
       51.100000000000456        3.167368598295657        0.000311636527077
       51.200000000000458        3.135950322860538        0.000302667017732
       51.300000000000459        3.105371099243303        0.000294062818634
       51.400000000000460        3.075597926741809        0.000285804628575
       51.500000000000462        3.046599512174650        0.000277874397305
       51.600000000000463        3.018346160856902        0.000270255229748
       51.700000000000465        2.990809675823880        0.000262931298664
       51.800000000000466        2.963963264584010        0.000255887764903
       51.900000000000468        2.937781452752598        0.000249110704506
       52.000000000000469        2.912240003981320        0.000242587042002
       52.100000000000470        2.887315845654456        0.000236304489292
       52.200000000000472        2.862986999873050        0.000230251489605
       52.300000000000473        2.839232519293112        0.000224417166039
       52.400000000000475        2.816032427424165        0.000218791274279
       52.500000000000476        2.793367663030565        0.000213364159091
       52.600000000000477        2.771220028310332        0.000208126714270
       52.700000000000479        2.749572140555467        0.000203070345712
       52.800000000000480        2.728407387023845        0.000198186937363
       52.900000000000482        2.707709882776536        0.000193468819756
       53.000000000000483        2.687464431255625        0.000188908740953
       53.100000000000485        2.667656487396980        0.000184499839647
       53.200000000000486        2.648272123089791        0.000180235620274
       53.300000000000487        2.629297994810540        0.000176109929943
       53.400000000000489        2.610721313273342        0.000172116937047
       53.500000000000490        2.592529814951619        0.000168251111414
       53.600000000000492        2.574711735337858        0.000164507205863
       53.700000000000493        2.557255783818948        0.000160880239072
       53.800000000000495        2.540151120054330        0.000157365479634
       53.900000000000496        2.523387331753162        0.000153958431214
       54.000000000000497        2.506954413754742        0.000150654818729
       54.100000000000499        2.490842748323906        0.000147450575459
       54.200000000000500        2.475043086579853        0.000144341831026
       54.300000000000502        2.459546530983069        0.000141324900170
       54.400000000000503        2.444344518810668        0.000138396272270
       54.500000000000504        2.429428806555684        0.000135552601545
       54.600000000000506        2.414791455190586        0.000132790697889
       54.700000000000507        2.400424816239688        0.000130107518296
       54.800000000000509        2.386321518609114        0.000127500158825
       54.900000000000510        2.372474456126672        0.000124965847082
       55.000000000000512        2.358876775747412        0.000122501935155
       55.100000000000513        2.345521866383709        0.000120105893002
       55.200000000000514        2.332403348321663        0.000117775302232
       55.300000000000516        2.319515063188194        0.000115507850275
       55.400000000000517        2.306851064435710        0.000113301324893
       55.500000000000519        2.294405608313445        0.000111153609029
       55.600000000000520        2.282173145296692        0.000109062675956
       55.700000000000522        2.270148311947048        0.000107026584707
       55.800000000000523        2.258325923178602        0.000105043475785
       55.900000000000524        2.246700964906648        0.000103111567105
       56.000000000000526        2.235268587057008        0.000101229150183
       56.100000000000527        2.224024096915529        0.000099394586530
       56.200000000000529        2.212962952798555        0.000097606304259
       56.300000000000530        2.202080758026491        0.000095862794875
       56.400000000000531        2.191373255183617        0.000094162610250
       56.500000000000533        2.180836320648448        0.000092504359757
       56.600000000000534        2.170465959379857        0.000090886707569
       56.700000000000536        2.160258299945134        0.000089308370099
       56.800000000000537        2.150209589776963        0.000087768113580
       56.900000000000539        2.140316190647135        0.000086264751773
       57.000000000000540        2.130574574345516        0.000084797143801
       57.100000000000541        2.120981318553501        0.000083364192092
       57.200000000000543        2.111533102901811        0.000081964840429
       57.300000000000544        2.102226705203097        0.000080598072108
       57.400000000000546        2.093058997850382        0.000079262908187
       57.500000000000547        2.084026944372879        0.000077958405820
       57.600000000000549        2.075127596141213        0.000076683656683
       57.700000000000550        2.066358089214564        0.000075437785477
       57.800000000000551        2.057715641322624        0.000074219948503
       57.900000000000553        2.049197548975700        0.000073029332314
       58.000000000000554        2.040801184696669        0.000071865152425
       58.100000000000556        2.032523994368820        0.000070726652095
       58.200000000000557        2.024363494693961        0.000069613101163
       58.300000000000558        2.016317270755497        0.000068523794943
       58.400000000000560        2.008382973681430        0.000067458053168
       58.500000000000561        2.000558318402558        0.000066415218991
       58.600000000000563        1.992841081501366        0.000065394658027
       58.700000000000564        1.985229099147352        0.000064395757446
       58.800000000000566        1.977720265114788        0.000063417925101
       58.900000000000567        1.970312528879063        0.000062460588704
       59.000000000000568        1.963003893788038        0.000061523195036
       59.100000000000570        1.955792415304958        0.000060605209194
       59.200000000000571        1.948676199319683        0.000059706113873
       59.300000000000573        1.941653400525171        0.000058825408680
       59.400000000000574        1.934722220856272        0.000057962609477
       59.500000000000576        1.927880907988075        0.000057117247760
       59.600000000000577        1.921127753891164        0.000056288870054
       59.700000000000578        1.914461093441290        0.000055477037350
       59.800000000000580        1.907879303081079        0.000054681324550
       59.900000000000581        1.901380799531524        0.000053901319952
       60.000000000000583        1.894964038551098        0.000053136624743
       60.100000000000584        1.888627513740473        0.000052386852527
       60.200000000000585        1.882369755390872        0.000051651628865
       60.300000000000587        1.876189329374231        0.000050930590833
       60.400000000000588        1.870084836073396        0.000050223386608
       60.500000000000590        1.864054909350692        0.000049529675062
       60.600000000000591        1.858098215553255        0.000048849125379
       60.700000000000593        1.852213452553614        0.000048181416684
       60.800000000000594        1.846399348824081        0.000047526237691
       60.900000000000595        1.840654662543550        0.000046883286360
       61.000000000000597        1.834978180735406        0.000046252269577
       61.100000000000598        1.829368718435278        0.000045632902836
       61.200000000000600        1.823825117887441        0.000045024909944
       61.300000000000601        1.818346247768718        0.000044428022730
       61.400000000000603        1.812931002438798        0.000043841980770
       61.500000000000604        1.807578301215921        0.000043266531124
       61.600000000000605        1.802287087676935        0.000042701428079
       61.700000000000607        1.797056328980780        0.000042146432903
       61.800000000000608        1.791885015214477        0.000041601313613
       61.900000000000610        1.786772158760764        0.000041065844749
       62.000000000000611        1.781716793686548        0.000040539807154
       62.100000000000612        1.776717975151366        0.000040022987768
       62.200000000000614        1.771774778835108        0.000039515179426
       62.300000000000615        1.766886300384273        0.000039016180663
       62.400000000000617        1.762051654876051        0.000038525795532
       62.500000000000618        1.757269976299577        0.000038043833423
       62.600000000000620        1.752540417053717        0.000037570108890
       62.700000000000621        1.747862147460760        0.000037104441487
       62.800000000000622        1.743234355295456        0.000036646655607
       62.900000000000624        1.738656245328819        0.000036196580328
       63.000000000000625        1.734127038886160        0.000035754049268
       63.100000000000627        1.729645973418845        0.000035318900438
       63.200000000000628        1.725212302089274        0.000034890976108
       63.300000000000630        1.720825293368607        0.000034470122672
       63.400000000000631        1.716484230646791        0.000034056190522
       63.500000000000632        1.712188411854443        0.000033649033924
       63.600000000000634        1.707937149096174        0.000033248510899
       63.700000000000635        1.703729768294951        0.000032854483109
       63.800000000000637        1.699565608847111        0.000032466815746
       63.900000000000638        1.695444023287664        0.000032085377426
       64.000000000000639        1.691364376965513        0.000031710040085
       64.100000000000634        1.687326047728266        0.000031340678880
       64.200000000000628        1.683328425616304        0.000030977172095
       64.300000000000622        1.679370912565784        0.000030619401045
       64.400000000000617        1.675452922120290        0.000030267249989
       64.500000000000611        1.671573879150819        0.000029920606041
       64.600000000000605        1.667733219583839        0.000029579359090
       64.700000000000600        1.663930390137144        0.000029243401719
       64.800000000000594        1.660164848063238        0.000028912629121
       64.900000000000588        1.656436060900013        0.000028586939034
       65.000000000000583        1.652743506228469        0.000028266231659
       65.100000000000577        1.649086671437253        0.000027950409594
       65.200000000000571        1.645465053493784        0.000027639377763
       65.300000000000566        1.641878158721767        0.000027333043357
       65.400000000000560        1.638325502584863        0.000027031315760
       65.500000000000554        1.634806609476350        0.000026734106496
       65.600000000000549        1.631321012514552        0.000026441329166
       65.700000000000543        1.627868253343868        0.000026152899388
       65.800000000000537        1.624447881941226        0.000025868734747
       65.900000000000531        1.621059456427777        0.000025588754734
       66.000000000000526        1.617702542885677        0.000025312880701
       66.100000000000520        1.614376715179787        0.000025041035802
       66.200000000000514        1.611081554784148        0.000024773144952
       66.300000000000509        1.607816650613073        0.000024509134773
       66.400000000000503        1.604581598856718        0.000024248933553
       66.500000000000497        1.601376002820999        0.000023992471198
       66.600000000000492        1.598199472771705        0.000023739679189
       66.700000000000486        1.595051625782702        0.000023490490542
       66.800000000000480        1.591932085588086        0.000023244839767
       66.900000000000475        1.588840482438169        0.000023002662825
       67.000000000000469        1.585776452959188        0.000022763897095
       67.100000000000463        1.582739640016628        0.000022528481335
       67.200000000000458        1.579729692582029        0.000022296355644
       67.300000000000452        1.576746265603207        0.000022067461429
       67.400000000000446        1.573789019877760        0.000021841741373
       67.500000000000441        1.570857621929773        0.000021619139398
       67.600000000000435        1.567951743889633        0.000021399600638
       67.700000000000429        1.565071063376853        0.000021183071403
       67.800000000000423        1.562215263385822        0.000020969499154
       67.900000000000418        1.559384032174398        0.000020758832470
       68.000000000000412        1.556577063155256        0.000020551021022
       68.100000000000406        1.553794054789924        0.000020346015545
       68.200000000000401        1.551034710485410        0.000020143767813
       68.300000000000395        1.548298738493364        0.000019944230608
       68.400000000000389        1.545585851811701        0.000019747357702
       68.500000000000384        1.542895768088601        0.000019553103827
       68.600000000000378        1.540228209528836        0.000019361424654
       68.700000000000372        1.537582902802347        0.000019172276770
       68.800000000000367        1.534959578955019        0.000018985617654
       68.900000000000361        1.532357973321580        0.000018801405657
       69.000000000000355        1.529777825440574        0.000018619599981
       69.100000000000350        1.527218878971348        0.000018440160655
       69.200000000000344        1.524680881612997        0.000018263048521
       69.300000000000338        1.522163585025220        0.000018088225209
       69.400000000000333        1.519666744751016        0.000017915653122
       69.500000000000327        1.517190120141197        0.000017745295415
       69.600000000000321        1.514733474280645        0.000017577115979
       69.700000000000315        1.512296573916277        0.000017411079423
       69.800000000000310        1.509879189386678        0.000017247151056
       69.900000000000304        1.507481094553338        0.000017085296873
       70.000000000000298        1.505102066733472        0.000016925483538
       70.100000000000293        1.502741886634365        0.000016767678366
       70.200000000000287        1.500400338289209        0.000016611849312
       70.300000000000281        1.498077208994395        0.000016457964953
       70.400000000000276        1.495772289248212        0.000016305994477
       70.500000000000270        1.493485372690926        0.000016155907664
       70.600000000000264        1.491216256046199        0.000016007674877
       70.700000000000259        1.488964739063811        0.000015861267049
       70.800000000000253        1.486730624463654        0.000015716655665
       70.900000000000247        1.484513717880968        0.000015573812755
       71.000000000000242        1.482313827812782        0.000015432710879
       71.100000000000236        1.480130765565528        0.000015293323115
       71.200000000000230        1.477964345203803        0.000015155623050
       71.300000000000225        1.475814383500252        0.000015019584764
       71.400000000000219        1.473680699886532        0.000014885182824
       71.500000000000213        1.471563116405343        0.000014752392271
       71.600000000000207        1.469461457663489        0.000014621188609
       71.700000000000202        1.467375550785951        0.000014491547795
       71.800000000000196        1.465305225370943        0.000014363446231
       71.900000000000190        1.463250313445922        0.000014236860752
       72.000000000000185        1.461210649424541        0.000014111768616
       72.100000000000179        1.459186070064504        0.000013988147500
       72.200000000000173        1.457176414426321        0.000013865975484
       72.300000000000168        1.455181523832922        0.000013745231046
       72.400000000000162        1.453201241830124        0.000013625893056
       72.500000000000156        1.451235414147917        0.000013507940761
       72.600000000000151        1.449283888662563        0.000013391353782
       72.700000000000145        1.447346515359474        0.000013276112106
       72.800000000000139        1.445423146296865        0.000013162196075
       72.900000000000134        1.443513635570146        0.000013049586383
       73.000000000000128        1.441617839277060        0.000012938264063
       73.100000000000122        1.439735615483513        0.000012828210486
       73.200000000000117        1.437866824190124        0.000012719407348
       73.300000000000111        1.436011327299437        0.000012611836670
       73.400000000000105        1.434168988583803        0.000012505480785
       73.500000000000099        1.432339673653916        0.000012400322334
       73.600000000000094        1.430523249927971        0.000012296344260
       73.700000000000088        1.428719586601452        0.000012193529802
       73.800000000000082        1.426928554617513        0.000012091862489
       73.900000000000077        1.425150026637956        0.000011991326132
       74.000000000000071        1.423383877014782        0.000011891904821
       74.100000000000065        1.421629981762307        0.000011793582917
       74.200000000000060        1.419888218529828        0.000011696345050
       74.300000000000054        1.418158466574820        0.000011600176108
       74.400000000000048        1.416440606736670        0.000011505061238
       74.500000000000043        1.414734521410912        0.000011410985837
       74.600000000000037        1.413040094523969        0.000011317935546
       74.700000000000031        1.411357211508389        0.000011225896251
       74.800000000000026        1.409685759278549        0.000011134854071
       74.900000000000020        1.408025626206841        0.000011044795357
       75.000000000000014        1.406376702100303        0.000010955706688
       75.100000000000009        1.404738878177706        0.000010867574867
       75.200000000000003        1.403112047047076        0.000010780386911
       75.299999999999997        1.401496102683641        0.000010694130055
       75.399999999999991        1.399890940408203        0.000010608791742
       75.499999999999986        1.398296456865912        0.000010524359620
       75.599999999999980        1.396712550005442        0.000010440821541
       75.699999999999974        1.395139119058566        0.000010358165554
       75.799999999999969        1.393576064520099        0.000010276379901
       75.899999999999963        1.392023288128232        0.000010195453015
       75.999999999999957        1.390480692845216        0.000010115373515
       76.099999999999952        1.388948182838422        0.000010036130206
       76.199999999999946        1.387425663461733        0.000009957712069
       76.299999999999940        1.385913041237296        0.000009880108264
       76.399999999999935        1.384410223837597        0.000009803308122
       76.499999999999929        1.382917120067874        0.000009727301145
       76.599999999999923        1.381433639848843        0.000009652077001
       76.699999999999918        1.379959694199748        0.000009577625521
       76.799999999999912        1.378495195221709        0.000009503936698
       76.899999999999906        1.377040056081381        0.000009431000680
       76.999999999999901        1.375594190994904        0.000009358807771
       77.099999999999895        1.374157515212137        0.000009287348427
       77.199999999999889        1.372729945001186        0.000009216613251
       77.299999999999883        1.371311397633200        0.000009146592993
       77.399999999999878        1.369901791367441        0.000009077278548
       77.499999999999872        1.368501045436622        0.000009008660948
       77.599999999999866        1.367109080032499        0.000008940731368
       77.699999999999861        1.365725816291729        0.000008873481114
       77.799999999999855        1.364351176281961        0.000008806901628
       77.899999999999849        1.362985082988190        0.000008740984483
       77.999999999999844        1.361627460299335        0.000008675721378
       78.099999999999838        1.360278232995060        0.000008611104141
       78.199999999999832        1.358937326732825        0.000008547124723
       78.299999999999827        1.357604668035154        0.000008483775196
       78.399999999999821        1.356280184277134        0.000008421047751
       78.499999999999815        1.354963803674126        0.000008358934698
       78.599999999999810        1.353655455269682        0.000008297428461
       78.699999999999804        1.352355068923681        0.000008236521579
       78.799999999999798        1.351062575300655        0.000008176206700
       78.899999999999793        1.349777905858331        0.000008116476583
       78.999999999999787        1.348500992836348        0.000008057324093
       79.099999999999781        1.347231769245186        0.000007998742202
       79.199999999999775        1.345970168855266        0.000007940723986
       79.299999999999770        1.344716126186244        0.000007883262620
       79.399999999999764        1.343469576496484        0.000007826351381
       79.499999999999758        1.342230455772702        0.000007769983646
       79.599999999999753        1.340998700719793        0.000007714152887
       79.699999999999747        1.339774248750818        0.000007658852669
       79.799999999999741        1.338557037977166        0.000007604076655
       79.899999999999736        1.337347007198873        0.000007549818595
       79.999999999999730        1.336144095895107        0.000007496072334
       80.099999999999724        1.334948244214808        0.000007442831801
       80.199999999999719        1.333759392967476        0.000007390091015
       80.299999999999713        1.332577483614124        0.000007337844081
       80.399999999999707        1.331402458258368        0.000007286085187
       80.499999999999702        1.330234259637665        0.000007234808603
       80.599999999999696        1.329072831114695        0.000007184008683
       80.699999999999690        1.327918116668884        0.000007133679860
       80.799999999999685        1.326770060888065        0.000007083816644
       80.899999999999679        1.325628608960267        0.000007034413625
       80.999999999999673        1.324493706665648        0.000006985465469
       81.099999999999667        1.323365300368545        0.000006936966914
       81.199999999999662        1.322243337009662        0.000006888912775
       81.299999999999656        1.321127764098378        0.000006841297938
       81.399999999999650        1.320018529705176        0.000006794117360
       81.499999999999645        1.318915582454198        0.000006747366069
       81.599999999999639        1.317818871515914        0.000006701039160
       81.699999999999633        1.316728346599906        0.000006655131799
       81.799999999999628        1.315643957947772        0.000006609639216
       81.899999999999622        1.314565656326131        0.000006564556707
       81.999999999999616        1.313493393019754        0.000006519879634
       82.099999999999611        1.312427119824783        0.000006475603420
       82.199999999999605        1.311366789042073        0.000006431723554
       82.299999999999599        1.310312353470629        0.000006388235584
       82.399999999999594        1.309263766401145        0.000006345135118
       82.499999999999588        1.308220981609645        0.000006302417826
       82.599999999999582        1.307183953351225        0.000006260079434
       82.699999999999577        1.306152636353886        0.000006218115727
       82.799999999999571        1.305126985812465        0.000006176522547
       82.899999999999565        1.304106957382658        0.000006135295791
       82.999999999999559        1.303092507175139        0.000006094431412
       83.099999999999554        1.302083591749759        0.000006053925415
       83.199999999999548        1.301080168109843        0.000006013773861
       83.299999999999542        1.300082193696569        0.000005973972861
       83.399999999999537        1.299089626383432        0.000005934518579
       83.499999999999531        1.298102424470794        0.000005895407230
       83.599999999999525        1.297120546680515        0.000005856635077
       83.699999999999520        1.296143952150662        0.000005818198435
       83.799999999999514        1.295172600430302        0.000005780093665
       83.899999999999508        1.294206451474371        0.000005742317177
       83.999999999999503        1.293245465638618        0.000005704865428
       84.099999999999497        1.292289603674625        0.000005667734921
       84.199999999999491        1.291338826724904        0.000005630922203
       84.299999999999486        1.290393096318062        0.000005594423869
       84.399999999999480        1.289452374364040        0.000005558236556
       84.499999999999474        1.288516623149424        0.000005522356944
       84.599999999999469        1.287585805332818        0.000005486781757
       84.699999999999463        1.286659883940294        0.000005451507762
       84.799999999999457        1.285738822360903        0.000005416531765
       84.899999999999451        1.284822584342251        0.000005381850614
       84.999999999999446        1.283911133986144        0.000005347461199
       85.099999999999440        1.283004435744291        0.000005313360448
       85.199999999999434        1.282102454414072        0.000005279545327
       85.299999999999429        1.281205155134368        0.000005246012842
       85.399999999999423        1.280312503381450        0.000005212760038
       85.499999999999417        1.279424464964926        0.000005179783995
       85.599999999999412        1.278541006023747        0.000005147081832
       85.699999999999406        1.277662093022274        0.000005114650701
       85.799999999999400        1.276787692746391        0.000005082487794
       85.899999999999395        1.275917772299690        0.000005050590335
       85.999999999999389        1.275052299099688        0.000005018955583
       86.099999999999383        1.274191240874121        0.000004987580833
       86.199999999999378        1.273334565657275        0.000004956463413
       86.299999999999372        1.272482241786373        0.000004925600682
       86.399999999999366        1.271634237898010        0.000004894990035
       86.499999999999361        1.270790522924651        0.000004864628896
       86.599999999999355        1.269951066091157        0.000004834514723
       86.699999999999349        1.269115836911379        0.000004804645005
       86.799999999999343        1.268284805184787        0.000004775017262
       86.899999999999338        1.267457940993153        0.000004745629042
       86.999999999999332        1.266635214697275        0.000004716477926
       87.099999999999326        1.265816596933753        0.000004687561523
       87.199999999999321        1.265002058611800        0.000004658877472
       87.299999999999315        1.264191570910107        0.000004630423439
       87.399999999999309        1.263385105273745        0.000004602197120
       87.499999999999304        1.262582633411109        0.000004574196238
       87.599999999999298        1.261784127290911        0.000004546418543
       87.699999999999292        1.260989559139205        0.000004518861814
       87.799999999999287        1.260198901436456        0.000004491523855
       87.899999999999281        1.259412126914654        0.000004464402496
       87.999999999999275        1.258629208554460        0.000004437495595
       88.099999999999270        1.257850119582393        0.000004410801033
       88.199999999999264        1.257074833468056        0.000004384316719
       88.299999999999258        1.256303323921400        0.000004358040584
       88.399999999999253        1.255535564890022        0.000004331970585
       88.499999999999247        1.254771530556501        0.000004306104704
       88.599999999999241        1.254011195335773        0.000004280440946
       88.699999999999235        1.253254533872533        0.000004254977338
       88.799999999999230        1.252501521038678        0.000004229711933
       88.899999999999224        1.251752131930785        0.000004204642805
       88.999999999999218        1.251006341867616        0.000004179768052
       89.099999999999213        1.250264126387664        0.000004155085792
       89.199999999999207        1.249525461246722        0.000004130594167
       89.299999999999201        1.248790322415496        0.000004106291340
       89.399999999999196        1.248058686077238        0.000004082175494
       89.499999999999190        1.247330528625417        0.000004058244837
       89.599999999999184        1.246605826661417        0.000004034497592
       89.699999999999179        1.245884556992270        0.000004010932007
       89.799999999999173        1.245166696628411        0.000003987546350
       89.899999999999167        1.244452222781470        0.000003964338905
       89.999999999999162        1.243741112862085        0.000003941307980
       90.099999999999156        1.243033344477753        0.000003918451901
       90.199999999999150        1.242328895430698        0.000003895769012
       90.299999999999145        1.241627743715774        0.000003873257677
       90.399999999999139        1.240929867518395        0.000003850916279
       90.499999999999133        1.240235245212484        0.000003828743218
       90.599999999999127        1.239543855358460        0.000003806736914
       90.699999999999122        1.238855676701240        0.000003784895802
       90.799999999999116        1.238170688168272        0.000003763218338
       90.899999999999110        1.237488868867593        0.000003741702993
       90.999999999999105        1.236810198085910        0.000003720348256
       91.099999999999099        1.236134655286707        0.000003699152634
       91.199999999999093        1.235462220108373        0.000003678114650
       91.299999999999088        1.234792872362360        0.000003657232841
       91.399999999999082        1.234126592031354        0.000003636505765
       91.499999999999076        1.233463359267481        0.000003615931992
       91.599999999999071        1.232803154390525        0.000003595510111
       91.699999999999065        1.232145957886174        0.000003575238724
       91.799999999999059        1.231491750404290        0.000003555116450
       91.899999999999054        1.230840512757193        0.000003535141924
       91.999999999999048        1.230192225917974        0.000003515313794
       92.099999999999042        1.229546871018822        0.000003495630723
       92.199999999999037        1.228904429349380        0.000003476091392
       92.299999999999031        1.228264882355115        0.000003456694492
       92.399999999999025        1.227628211635708        0.000003437438731
       92.499999999999019        1.226994398943470        0.000003418322831
       92.599999999999014        1.226363426181768        0.000003399345526
       92.699999999999008        1.225735275403480        0.000003380505567
       92.799999999999002        1.225109928809465        0.000003361801716
       92.899999999998997        1.224487368747046        0.000003343232749
       92.999999999998991        1.223867577708523        0.000003324797456
       93.099999999998985        1.223250538329694        0.000003306494639
       93.199999999998980        1.222636233388399        0.000003288323113
       93.299999999998974        1.222024645803082        0.000003270281707
       93.399999999998968        1.221415758631366        0.000003252369262
       93.499999999998963        1.220809555068650        0.000003234584630
       93.599999999998957        1.220206018446723        0.000003216926678
       93.699999999998951        1.219605132232387        0.000003199394282
       93.799999999998946        1.219006880026110        0.000003181986332
       93.899999999998940        1.218411245560681        0.000003164701730
       93.999999999998934        1.217818212699890        0.000003147539388
       94.099999999998929        1.217227765437224        0.000003130498232
       94.199999999998923        1.216639887894569        0.000003113577196
       94.299999999998917        1.216054564320943        0.000003096775229
       94.399999999998911        1.215471779091227        0.000003080091288
       94.499999999998906        1.214891516704926        0.000003063524343
       94.599999999998900        1.214313761784933        0.000003047073373
       94.699999999998894        1.213738499076316        0.000003030737370
       94.799999999998889        1.213165713445115        0.000003014515334
       94.899999999998883        1.212595389877152        0.000002998406278
       94.999999999998877        1.212027513476861        0.000002982409223
       95.099999999998872        1.211462069466123        0.000002966523202
       95.199999999998866        1.210899043183123        0.000002950747257
       95.299999999998860        1.210338420081214        0.000002935080440
       95.399999999998855        1.209780185727799        0.000002919521813
       95.499999999998849        1.209224325803223        0.000002904070448
       95.599999999998843        1.208670826099677        0.000002888725426
       95.699999999998838        1.208119672520119        0.000002873485838
       95.799999999998832        1.207570851077202        0.000002858350783
       95.899999999998826        1.207024347892222        0.000002843319372
       95.999999999998820        1.206480149194068        0.000002828390722
       96.099999999998815        1.205938241318190        0.000002813563961
       96.199999999998809        1.205398610705582        0.000002798838226
       96.299999999998803        1.204861243901769        0.000002784212661
       96.399999999998798        1.204326127555811        0.000002769686420
       96.499999999998792        1.203793248419317        0.000002755258667
       96.599999999998786        1.203262593345469        0.000002740928570
       96.699999999998781        1.202734149288058        0.000002726695311
       96.799999999998775        1.202207903300532        0.000002712558076
       96.899999999998769        1.201683842535051        0.000002698516062
       96.999999999998764        1.201161954241561        0.000002684568471
       97.099999999998758        1.200642225766867        0.000002670714517
       97.199999999998752        1.200124644553724        0.000002656953418
       97.299999999998747        1.199609198139939        0.000002643284403
       97.399999999998741        1.199095874157476        0.000002629706706
       97.499999999998735        1.198584660331580        0.000002616219570
       97.599999999998730        1.198075544479902        0.000002602822247
       97.699999999998724        1.197568514511645        0.000002589513993
       97.799999999998718        1.197063558426702        0.000002576294075
       97.899999999998712        1.196560664314825        0.000002563161764
       97.999999999998707        1.196059820354785        0.000002550116340
       98.099999999998701        1.195561014813552        0.000002537157090
       98.199999999998695        1.195064236045478        0.000002524283309
       98.299999999998690        1.194569472491497        0.000002511494296
       98.399999999998684        1.194076712678321        0.000002498789360
       98.499999999998678        1.193585945217660        0.000002486167815
       98.599999999998673        1.193097158805437        0.000002473628982
       98.699999999998667        1.192610342221021        0.000002461172189
       98.799999999998661        1.192125484326462        0.000002448796771
       98.899999999998656        1.191642574065742        0.000002436502068
       98.999999999998650        1.191161600464022        0.000002424287427
       99.099999999998644        1.190682552626912        0.000002412152202
       99.199999999998639        1.190205419739738        0.000002400095753
       99.299999999998633        1.189730191066819        0.000002388117447
       99.399999999998627        1.189256855950755        0.000002376216654
       99.499999999998622        1.188785403811723        0.000002364392754
       99.599999999998616        1.188315824146773        0.000002352645130
       99.699999999998610        1.187848106529143        0.000002340973173
       99.799999999998604        1.187382240607572        0.000002329376279
       99.899999999998599        1.186918216105622        0.000002317853850
       99.999999999998593        1.186456022821015        0.000002306405292
