        0.000000000000000        0.213166530784414        0.000000000000000
        0.100000000000000        0.213049818764592       -0.000235002902568
        0.200000000000000        0.212697820035397       -0.000473819534166
        0.300000000000000        0.212104844123942       -0.000720478486231
        0.400000000000000        0.211261054121490       -0.000979462426885
        0.500000000000000        0.210151896109661       -0.001256000646956
        0.600000000000000        0.208757209640515       -0.001556454510652
        0.700000000000000        0.207049907780013       -0.001888855167731
        0.800000000000000        0.204994046945860       -0.002263688390688
        0.900000000000000        0.202541996364920       -0.002695085610318
        1.000000000000000        0.199630230849566       -0.003202699549497
        1.100000000000000        0.196172944496416       -0.003814773276202
        1.200000000000000        0.192052088737320       -0.004573377866700
        1.300000000000000        0.187101309314052       -0.005543792101911
        1.400000000000000        0.181079013660371       -0.006832281325883
        1.500000000000000        0.173621132724335       -0.008622193485165
        1.600000000000000        0.164154041656623       -0.011253775141674
        1.700000000000000        0.151726312231939       -0.015421030786359
        1.800000000000000        0.134682189274628       -0.022732102947562
        1.900000000000001        0.110231330898658       -0.037616685109484
        2.000000000000000        0.077448638314811       -0.073832899914049
        2.100000000000001        0.052738175006604       -0.152779825066153
        2.200000000000001        0.143167524389331       -0.319529897841195
        2.300000000000001        0.354875778044971       -0.207451960405053
        2.400000000000001        0.326031270523099       -0.086969137834129
        2.500000000000001        0.280272708860980       -0.049889119193249
        2.600000000000001        0.243231054091722       -0.039947940841191
        2.700000000000001        0.209013095184365       -0.045077872091827
        2.800000000000001        0.174440517779012       -0.068539015590938
        2.900000000000001        0.147350613862442       -0.140733499040848
        3.000000000000001        0.263794476062582       -0.240848838193751
        3.100000000000001        0.359478797032778       -0.121741271462146
        3.200000000000002        0.326751327085093       -0.054196746864806
        3.300000000000002        0.295140710283545       -0.031697688921303
        3.400000000000002        0.271417839784909       -0.022907672181862
        3.500000000000002        0.252077846775514       -0.019701157422893
        3.600000000000002        0.235808041585381       -0.020458410429595
        3.700000000000002        0.223222121968161       -0.020354346093404
        3.800000000000002        0.206391631954730       -0.020050734376828
        3.900000000000002        0.186459606224101       -0.023640101173598
        4.000000000000002        0.162094443784437       -0.032852627916607
        4.100000000000001        0.131737347115976       -0.055595914109630
        4.200000000000001        0.106679149290163       -0.111970664345727
        4.300000000000001        0.159125295481057       -0.179577386143261
        4.400000000000000        0.207078962236553       -0.177411630346904
        4.500000000000000        0.216030467828647       -0.162202013946763
        4.600000000000000        0.265225895271907       -0.193833923944889
        4.699999999999999        0.312473452836252       -0.119295186256592
        4.799999999999999        0.270722969286447       -0.079728798867823
        4.899999999999999        0.249385239140880       -0.102714184934955
        4.999999999999998        0.278448443196288       -0.085242094692715
        5.099999999999998        0.253130911563843       -0.062535800943138
        5.199999999999998        0.243420694566465       -0.069987455388959
        5.299999999999997        0.238590151673424       -0.052555547566663
        5.399999999999997        0.209615773495579       -0.047526436167616
        5.499999999999996        0.181314773414768       -0.067797775686055
        5.599999999999996        0.184559904013586       -0.106579149205302
        5.699999999999996        0.231473193967896       -0.101901308814492
        5.799999999999995        0.213229373908919       -0.061811894541063
        5.899999999999995        0.175829949624132       -0.064736553496841
        5.999999999999995        0.161911217058477       -0.086562447952981
        6.099999999999994        0.139486563470492       -0.108543443642711
        6.199999999999994        0.161411738326186       -0.162959086869212
        6.299999999999994        0.204471147192890       -0.139054961170497
        6.399999999999993        0.195629781967227       -0.134585379936449
        6.499999999999993        0.211018673377161       -0.124420202173288
        6.599999999999993        0.184501995492115       -0.098277308876121
        6.699999999999992        0.158147494003849       -0.117595296448466
        6.799999999999992        0.149375036588311       -0.140724961614054
        6.899999999999991        0.152597393721969       -0.156644932462260
        6.999999999999991        0.163986955920966       -0.163402938211217
        7.099999999999991        0.138562991385413       -0.169900000720505
        7.199999999999990        0.136072756669198       -0.244661826548010
        7.299999999999990        0.249704752478358       -0.250551229462495
        7.399999999999990        0.251213979067686       -0.168960867121217
        7.499999999999989        0.201427402433367       -0.151008349308981
        7.599999999999989        0.167644467296941       -0.185568526972088
        7.699999999999989        0.185184109127708       -0.265492435804537
        7.799999999999988        0.289375370036865       -0.247702516132974
        7.899999999999988        0.298524498659341       -0.181402187090351
        7.999999999999988        0.279823770016884       -0.149896007359964
        8.099999999999987        0.257598657193599       -0.122999803121591
        8.199999999999987        0.217448007337481       -0.140582683020244
        8.299999999999986        0.244136153705112       -0.152389840328976
        8.399999999999986        0.220859469782257       -0.135146353744845
        8.499999999999986        0.222242019092388       -0.164673249259250
        8.599999999999985        0.249788191038897       -0.135019491747172
        8.699999999999985        0.215627673850969       -0.120901178425739
        8.799999999999985        0.213506831369394       -0.141336469863105
        8.899999999999984        0.224033669857726       -0.128134533893420
        8.999999999999984        0.207449340439646       -0.102921482757426
        9.099999999999984        0.172288988933925       -0.106227545490162
        9.199999999999983        0.156330377720136       -0.141286189975283
        9.299999999999983        0.184928230923924       -0.137155519948971
        9.399999999999983        0.166233815850619       -0.126671113823368
        9.499999999999982        0.150264287009935       -0.126591085074897
        9.599999999999982        0.125777865573040       -0.146900547298455
        9.699999999999982        0.150406641901375       -0.167878202728948
        9.799999999999981        0.138593374025765       -0.150881776826335
        9.899999999999981        0.130095907089421       -0.177017557369254
        9.999999999999980        0.152778087786840       -0.164603569102186
       10.099999999999980        0.137869845201759       -0.157662394675349
       10.199999999999980        0.131137835501966       -0.140395266334408
       10.299999999999979        0.086542994573524       -0.137032291881058
       10.399999999999979        0.054726193476439       -0.177119079331796
       10.499999999999979        0.063604535177298       -0.221827847150745
       10.599999999999978        0.088598740058377       -0.219900560975214
       10.699999999999978        0.071693196643568       -0.219091964387686
       10.799999999999978        0.064945305702836       -0.253016022982041
       10.899999999999977        0.101881580986750       -0.274269387640079
       10.999999999999977        0.106071254420759       -0.231214685844899
       11.099999999999977        0.055377091490860       -0.246751937642995
       11.199999999999976        0.066585266572024       -0.325517129222024
       11.299999999999976        0.134036936140825       -0.315139182512423
       11.399999999999975        0.157636293623515       -0.292140489077966
       11.499999999999975        0.142697752777547       -0.250887340005326
       11.599999999999975        0.128184986781686       -0.257729377946335
       11.699999999999974        0.119267040319062       -0.256240418995579
       11.799999999999974        0.134082610493083       -0.252454781665429
       11.899999999999974        0.099906375583225       -0.224393154272400
       11.999999999999973        0.064718081048215       -0.258249909735701
       12.099999999999973        0.083616922232862       -0.290287805636876
       12.199999999999973        0.097157562740301       -0.274991064649667
       12.299999999999972        0.097503142255889       -0.276890369678911
       12.399999999999972        0.089689968187783       -0.237598604012564
       12.499999999999972        0.025784882840551       -0.258065648888875
       12.599999999999971        0.031810518280664       -0.304557678939646
       12.699999999999971        0.056153118840397       -0.315952643853609
       12.799999999999971        0.042386331724440       -0.296041299490780
       12.899999999999970        0.011506341410303       -0.342123192327646
       12.999999999999970        0.071070738073876       -0.364005827555931
       13.099999999999969        0.080545408729859       -0.336794899094032
       13.199999999999969        0.088467503947050       -0.332962344628933
       13.299999999999969        0.084334404209100       -0.278757272975078
       13.399999999999968        0.020136997718199       -0.275736049567588
       13.499999999999968       -0.004152987302627       -0.318495731835196
       13.599999999999968        0.006763167300437       -0.336883686213922
       13.699999999999967        0.010533476268571       -0.334600081070091
       13.799999999999967        0.003723120774897       -0.322224095806827
       13.899999999999967       -0.027605027295216       -0.318382882862158
       13.999999999999966       -0.054236882903301       -0.322735379022684
       14.099999999999966       -0.099171167013143       -0.352828509777051
       14.199999999999966       -0.114517382947798       -0.408868906399822
       14.299999999999965       -0.063334930051938       -0.445460100376884
       14.399999999999965       -0.070373414147127       -0.398418792457333
       14.499999999999964       -0.111256351326433       -0.415775043927348
       14.599999999999964       -0.146754936302262       -0.434735452547013
       14.699999999999964       -0.168023239237671       -0.543760527256865
       14.799999999999963       -0.053493484197592       -0.539095801683655
       14.899999999999963       -0.086945376313884       -0.504069529219056
       14.999999999999963       -0.085744743510369       -0.508370969890447
       15.099999999999962       -0.111780609021627       -0.457403802508130
       15.199999999999962       -0.223876737779664       -0.496800687969311
       15.299999999999962       -0.213749427118796       -0.611860873899750
       15.399999999999961       -0.189518159587284       -0.592627540002602
       15.499999999999961       -0.246711930122788       -0.660289073614277
       15.599999999999961       -0.211518650564402       -0.698499301386597
       15.699999999999960       -0.252736504679535       -0.728380856699271
       15.799999999999960       -0.267388173929744       -0.851200869312328
       15.899999999999959       -0.154429943011101       -0.952995172211963
       15.999999999999959       -0.057303747943807       -0.917757211734218
       16.099999999999959       -0.050010627433534       -0.948763433939487
       16.199999999999960        0.072505079142170       -0.952951432594641
       16.299999999999962        0.092707732733443       -0.770974763261040
       16.399999999999963       -0.056165930488113       -0.794454788033819
       16.499999999999964       -0.055936061519837       -0.893995969814963
       16.599999999999966        0.019816469847869       -0.899046032609404
       16.699999999999967        0.024204046098995       -0.881876107043308
       16.799999999999969       -0.053532871874901       -0.779366971870842
       16.899999999999970       -0.256502930515145       -0.937327768654713
       16.999999999999972       -0.206096923127159       -1.189828128240808
       17.099999999999973        0.026427344709803       -1.431929366816162
       17.199999999999974        0.397585068519301       -1.314863865668834
       17.299999999999976        0.438805949419897       -1.013697142104679
       17.399999999999977        0.336956693295633       -0.947038021966924
       17.499999999999979        0.326562585986153       -0.872464640020518
       17.599999999999980        0.241424927370982       -0.825454495088635
       17.699999999999982        0.199275463923211       -0.811702978765026
       17.799999999999983        0.058701114991216       -0.785698811013577
       17.899999999999984       -0.017121001279516       -0.928063836845038
       17.999999999999986       -0.021589283707397       -0.932267820035587
       18.099999999999987       -0.201973262873627       -1.072319315672194
       18.199999999999989       -0.012514259524284       -1.387961521647956
       18.299999999999990        0.127889086572229       -1.353584097189331
       18.399999999999991        0.270043927386479       -1.323415670611924
       18.499999999999993        0.260099500880096       -1.261275572731974
       18.599999999999994        0.330080815159031       -1.265749489516464
       18.699999999999996        0.351115904277196       -1.113688348985824
       18.799999999999997        0.119301227975397       -1.082512446267688
       18.899999999999999       -0.055669365342446       -1.290375740677843
       19.000000000000000        0.025443591855180       -1.663507359703604
       19.100000000000001        0.320569663845792       -1.753732274013941
       19.200000000000003        0.460092923086153       -1.695986696819161
       19.300000000000004        0.593005380487143       -1.808565232201121
       19.400000000000006        0.782812749710113       -1.612205021151594
       19.500000000000007        0.784545519200826       -1.630205455677556
       19.600000000000009        0.907135310820651       -1.623468526282124
       19.700000000000010        1.036606332363700       -1.569381157237713
       19.800000000000011        1.182158594599562       -1.473900006278195
       19.900000000000013        1.244890742533024       -1.257395857635684
       20.000000000000014        1.195002278146798       -1.082310777806847
       20.100000000000016        1.024788014492230       -0.987647443219040
       20.200000000000017        0.913442387327234       -1.128895458966788
       20.300000000000018        1.122782769283374       -1.238528398959478
       20.400000000000020        1.226695048814142       -0.995253603814250
       20.500000000000021        1.099443666484899       -0.854226198647650
       20.600000000000023        1.015902342554796       -0.845117284707656
       20.700000000000024        0.945809576782146       -0.844245365127329
       20.800000000000026        0.891182664161958       -0.864756624461645
       20.900000000000027        0.849858261074206       -0.895841904345098
       21.000000000000028        0.806273074158214       -0.941507751334823
       21.100000000000030        0.808457370377919       -1.118168979368013
       21.200000000000031        0.934178965928930       -1.117627280484117
       21.300000000000033        1.017532632442026       -1.209946569527441
       21.400000000000034        1.254322642870132       -1.195825085506215
       21.500000000000036        1.431350904333613       -0.902805696568808
       21.600000000000037        1.273315748603346       -0.694351472164740
       21.700000000000038        1.176157102858181       -0.642111703598250
       21.800000000000040        1.053034793875690       -0.616332399041927
       21.900000000000041        1.007165547179492       -0.632173156672679
       22.000000000000043        0.952708726188555       -0.613398471196232
       22.100000000000044        0.820289572969291       -0.583993143218193
       22.200000000000045        0.660122046564049       -0.759618343103800
       22.300000000000047        0.771680698034267       -0.980971737612977
       22.400000000000048        0.868261253837468       -1.000371386352178
       22.500000000000050        1.017582494731239       -1.053000060074638
       22.600000000000051        1.052923547159275       -0.963496754871146
       22.700000000000053        1.137936354303397       -0.997368206575150
       22.800000000000054        1.230236938084517       -0.910763283028786
       22.900000000000055        1.264204950900821       -0.769260344439752
       23.000000000000057        1.178747712232055       -0.723419806194539
       23.100000000000058        1.154499530340050       -0.691562121697518
       23.200000000000060        1.116320597749053       -0.728312423783326
       23.300000000000061        1.195278113939545       -0.735223902316217
       23.400000000000063        1.189939169036170       -0.643721257598492
       23.500000000000064        1.170647430185636       -0.597338086730944
       23.600000000000065        1.122364637082002       -0.587271569482113
       23.700000000000067        1.094944708395818       -0.561262244759493
       23.800000000000068        1.056510624653291       -0.576345638448464
       23.900000000000070        1.045880678143205       -0.580789473987345
       24.000000000000071        1.010369135573356       -0.594468666713091
       24.100000000000072        0.978953307339475       -0.633581785322522
       24.200000000000074        1.007011079155215       -0.750634581259595
       24.300000000000075        1.211463618858705       -0.762190591654661
       24.400000000000077        1.242327879776297       -0.573067948523854
       24.500000000000078        1.146594072797108       -0.493412953332559
       24.600000000000080        1.084790825631048       -0.557666163533617
       24.700000000000081        1.173194576436163       -0.561821382712322
       24.800000000000082        1.174274491614760       -0.455150084479877
       24.900000000000084        1.102614752494423       -0.417968176481883
       25.000000000000085        1.055299242317437       -0.397960316181131
       25.100000000000087        0.993031798158164       -0.409988015445569
       25.200000000000088        0.951744436118270       -0.446962301102820
       25.300000000000090        0.944883645561661       -0.502787667891090
       25.400000000000091        0.966464649827394       -0.514237130222256
       25.500000000000092        0.954228929812498       -0.539946367975059
       25.600000000000094        1.007708663259615       -0.557733741509535
       25.700000000000095        1.008480833182292       -0.536339004335812
       25.800000000000097        1.013370220262596       -0.549154306126179
       25.900000000000098        1.049944717880392       -0.548801313649280
       26.000000000000099        1.046799619262255       -0.532196101587269
       26.100000000000101        1.104486287612582       -0.521002012294654
       26.200000000000102        1.094295957900209       -0.439420449138821
       26.300000000000104        1.045228696745118       -0.408942756019245
       26.400000000000105        0.997892952093594       -0.433222102231868
       26.500000000000107        1.002585415539416       -0.439492136950814
       26.600000000000108        0.981964854220920       -0.452754338009065
       26.700000000000109        0.997623607280802       -0.474266750466613
       26.800000000000111        1.022282175953271       -0.474626985404787
       26.900000000000112        1.027222371190098       -0.451324314828434
       27.000000000000114        1.039880973781538       -0.427956883186406
       27.100000000000115        1.004799877947311       -0.398240703419908
       27.200000000000117        0.985000021993312       -0.430943343274868
       27.300000000000118        1.017234214899072       -0.413600077663126
       27.400000000000119        0.998305135827067       -0.397315421086013
       27.500000000000121        0.983775949036457       -0.385119705682618
       27.600000000000122        0.965439690226495       -0.389658359742178
       27.700000000000124        0.951969177027945       -0.387045379029327
       27.800000000000125        0.933871837497430       -0.410042335938818
       27.900000000000126        0.953416181298208       -0.414708839147565
       28.000000000000128        0.953336582120045       -0.428224415399717
       28.100000000000129        0.992603854849260       -0.406095337619619
       28.200000000000131        0.952333168663812       -0.353122605734946
       28.300000000000132        0.908881964455374       -0.398076706642477
       28.400000000000134        0.944298542705914       -0.405585977171418
       28.500000000000135        0.943658550094971       -0.391316959205005
       28.600000000000136        0.934034719146286       -0.377153609800980
       28.700000000000138        0.909527373139310       -0.370931112095891
       28.800000000000139        0.901657963719578       -0.380261956113209
       28.900000000000141        0.875444195722435       -0.389764033109462
       29.000000000000142        0.867741681089869       -0.413838692994266
       29.100000000000144        0.889497423432139       -0.462490139841914
       29.200000000000145        0.962450132339778       -0.431953843210552
       29.300000000000146        0.926823756108515       -0.358127320347869
       29.400000000000148        0.880290738889211       -0.375232795511684
       29.500000000000149        0.858534458677528       -0.375440989504535
       29.600000000000151        0.817443585622552       -0.421452984732631
       29.700000000000152        0.849214329950798       -0.505437745035855
       29.800000000000153        0.941214821456298       -0.502171922035123
       29.900000000000155        1.011276510584706       -0.437533530730201
       30.000000000000156        0.968747143393979       -0.327859136772834
       30.100000000000158        0.888891481386039       -0.311937346488469
       30.200000000000159        0.829948831059135       -0.334850291596334
       30.300000000000161        0.809452479687842       -0.377028243369916
       30.400000000000162        0.803822084867071       -0.425391066092871
       30.500000000000163        0.852655303470657       -0.429602881412179
       30.600000000000165        0.840083292454688       -0.406610797541824
       30.700000000000166        0.824854105346298       -0.411028273915986
       30.800000000000168        0.817407660302595       -0.403195512338339
       30.900000000000169        0.793425154469653       -0.410578887555124
       31.000000000000171        0.755553044047754       -0.435654681603800
       31.100000000000172        0.761603389309750       -0.476701873143769
       31.200000000000173        0.767198266175360       -0.509567614967031
       31.300000000000175        0.795362562092200       -0.520912333647446
       31.400000000000176        0.793265071539214       -0.512523886922603
       31.500000000000178        0.794519488571133       -0.550706428742668
       31.600000000000179        0.811403679544822       -0.550480550186841
       31.700000000000180        0.830513548553841       -0.561040512562196
       31.800000000000182        0.823348596920973       -0.540880662356363
       31.900000000000183        0.790869489091018       -0.582611972934160
       32.000000000000185        0.828105733067087       -0.638953557959189
       32.100000000000186        0.891896532186165       -0.666889632775105
       32.200000000000188        0.971011611814394       -0.593090825633892
       32.300000000000189        0.928983344837484       -0.543279456330342
       32.400000000000190        0.892333284517083       -0.530383079824649
       32.500000000000192        0.853410992053340       -0.564831924239762
       32.600000000000193        0.864821943884776       -0.629668619460080
       32.700000000000195        0.912100836244548       -0.653203126126833
       32.800000000000196        0.960674278326550       -0.638364369938923
       32.900000000000198        0.971118474819627       -0.617019281818099
       33.000000000000199        1.004199481875683       -0.623837961233842
       33.100000000000200        1.011439645840890       -0.559101320215765
       33.200000000000202        0.970341525320038       -0.559274967252042
       33.300000000000203        0.972725592225145       -0.572535246836829
       33.400000000000205        0.964988259980985       -0.578439243142952
       33.500000000000206        0.963991359379440       -0.618661709199836
       33.600000000000207        1.018977934732200       -0.621475884281736
       33.700000000000209        1.019789793997527       -0.612269488481383
       33.800000000000210        1.072305516511287       -0.617763461541672
       33.900000000000212        1.106626992149255       -0.587788991038521
       34.000000000000213        1.099336824742099       -0.506524568182105
       34.100000000000215        1.054412769136873       -0.501756964328900
       34.200000000000216        1.044875840766674       -0.521579779193640
       34.300000000000217        1.050872579831267       -0.485142007182366
       34.400000000000219        0.981482853241384       -0.488718739039026
       34.500000000000220        0.961655652126846       -0.561548295458187
       34.600000000000222        1.009926068867651       -0.641555852776839
       34.700000000000223        1.128071949316340       -0.638266915729161
       34.800000000000225        1.159496523894110       -0.532375268581732
       34.900000000000226        1.105742093924005       -0.487597522927949
       35.000000000000227        1.070506463719050       -0.523924483099469
       35.100000000000229        1.093323750534727       -0.536553639625023
       35.200000000000230        1.103608154786066       -0.576419532988094
       35.300000000000232        1.191254403612800       -0.544008519784676
       35.400000000000233        1.203742015000386       -0.500729336210903
       35.500000000000234        1.222236113406466       -0.429811955314875
       35.600000000000236        1.156367584212331       -0.372843295242809
       35.700000000000237        1.112489394076336       -0.399654244783002
       35.800000000000239        1.108937238487750       -0.397289133326169
       35.900000000000240        1.087699684217197       -0.410689802526845
       36.000000000000242        1.108881118021861       -0.436126070566265
       36.100000000000243        1.134949504919049       -0.398984378078878
       36.200000000000244        1.105474510227609       -0.378186469033512
       36.300000000000246        1.102122020671661       -0.355395370304605
       36.400000000000247        1.043094641708378       -0.358910698500962
       36.500000000000249        1.036963696397008       -0.386021053975850
       36.600000000000250        1.016640870969047       -0.416652230937268
       36.700000000000252        1.036948595897779       -0.449041321010586
       36.800000000000253        1.071870419135436       -0.457908600409061
       36.900000000000254        1.076514197632557       -0.439220461285145
       37.000000000000256        1.080913864086536       -0.488220140606696
       37.100000000000257        1.182120997193425       -0.443534830166939
       37.200000000000259        1.155568847734275       -0.358844896842228
       37.300000000000260        1.091603182038093       -0.334145463129469
       37.400000000000261        1.046576837451486       -0.363387817069869
       37.500000000000263        1.039114676018152       -0.394391638215882
       37.600000000000264        1.034291013461563       -0.436986800311903
       37.700000000000266        1.069725959999486       -0.481020259972664
       37.800000000000267        1.138355492677911       -0.484378114414311
       37.900000000000269        1.205754814457649       -0.460048968134308
       38.000000000000270        1.232969474326716       -0.357013921114345
       38.100000000000271        1.178110811828682       -0.288963967451020
       38.200000000000273        1.115350603255702       -0.275098760849606
       38.300000000000274        1.061544977101647       -0.299168496181623
       38.400000000000276        1.052899214212824       -0.335380359864477
       38.500000000000277        1.056540518976425       -0.374928886472144
       38.600000000000279        1.090135180778407       -0.386516795505214
       38.700000000000280        1.119042752900818       -0.377526446214170
       38.800000000000281        1.135465810895334       -0.337205317937968
       38.900000000000283        1.114929242898937       -0.307908304722666
       39.000000000000284        1.075147867206545       -0.313158063473531
       39.100000000000286        1.091237852342220       -0.333178874478512
       39.200000000000287        1.088579921680220       -0.309548334376407
       39.300000000000288        1.061513351622813       -0.307869855897448
       39.400000000000290        1.031841615169302       -0.349157332851092
       39.500000000000291        1.094835241553984       -0.385332577831773
       39.600000000000293        1.129874755976642       -0.333361212985186
       39.700000000000294        1.105882988744949       -0.304502466919398
       39.800000000000296        1.101586982150543       -0.306054074345452
       39.900000000000297        1.093601097686938       -0.287895244439471
       40.000000000000298        1.075151235337921       -0.274872105105779
       40.100000000000300        1.053513552802538       -0.287725364969180
       40.200000000000301        1.058453608175818       -0.296765303740151
       40.300000000000303        1.060293342937342       -0.288714665718034
       40.400000000000304        1.041535686458257       -0.272116605087492
       40.500000000000306        1.017371105584314       -0.287623192213713
       40.600000000000307        1.002672974709232       -0.309756531044602
       40.700000000000308        1.015913940381964       -0.330783032433802
       40.800000000000310        1.016699038364721       -0.346481648391941
       40.900000000000311        1.036082050491544       -0.348780449581946
       41.000000000000313        1.054214507884270       -0.357563345459628
       41.100000000000314        1.064779885760965       -0.335565175893357
       41.200000000000315        1.044705036301340       -0.324902319525517
       41.300000000000317        1.038029972463077       -0.363226949910249
       41.400000000000318        1.088424735933297       -0.369553876055919
       41.500000000000320        1.106806773480011       -0.332904814578390
       41.600000000000321        1.099655962481695       -0.318590776159342
       41.700000000000323        1.104719389143734       -0.296837400300106
       41.800000000000324        1.087834797123106       -0.282497168024486
       41.900000000000325        1.069207539858934       -0.268228815248342
       42.000000000000327        1.053551918199728       -0.283232000408139
       42.100000000000328        1.061027982582987       -0.290941917616791
       42.200000000000330        1.056500863471529       -0.272783908042647
       42.300000000000331        1.041667268229075       -0.276370761212629
       42.400000000000333        1.036421096167094       -0.290590695623882
       42.500000000000334        1.043552563478161       -0.277941996951324
       42.600000000000335        1.014004067043882       -0.281061110533567
       42.700000000000337        1.012771688919778       -0.316574952110898
       42.800000000000338        1.052855564555276       -0.317280421084126
       42.900000000000340        1.056793654458998       -0.295006261570709
       43.000000000000341        1.042262046624856       -0.281726450902780
       43.100000000000342        1.028996569811302       -0.274663525772205
       43.200000000000344        1.013185365032417       -0.283724725246878
       43.300000000000345        0.999224396570566       -0.297581668099425
       43.400000000000347        0.998098422236768       -0.326979630324682
       43.500000000000348        1.035311770986167       -0.342531037520363
       43.600000000000350        1.043627779797278       -0.312553244499559
       43.700000000000351        1.027453586536869       -0.319117538582216
       43.800000000000352        1.052611826106999       -0.329094957036283
       43.900000000000354        1.050103724397782       -0.299265759325567
       44.000000000000355        1.033369253769364       -0.304573041094759
       44.100000000000357        1.039085321314411       -0.303426360486691
       44.200000000000358        1.025616949904336       -0.307540810437872
       44.300000000000360        1.037536007039150       -0.310338172891101
       44.400000000000361        1.022832946467313       -0.302604390432564
       44.500000000000362        1.011036168543254       -0.319386642283375
       44.600000000000364        1.023276627896441       -0.335660881881864
       44.700000000000365        1.019256174881155       -0.339646840673325
       44.800000000000367        1.037556058491414       -0.377836669492012
       44.900000000000368        1.088894621552320       -0.346461408352641
       45.000000000000369        1.067064359383109       -0.318888349305792
       45.100000000000371        1.056888667517226       -0.337675577339677
       45.200000000000372        1.079698389779430       -0.350854791112465
       45.300000000000374        1.100117901028779       -0.317188150871076
       45.400000000000375        1.080392919777085       -0.319110753249365
       45.500000000000377        1.108979800130194       -0.316950188236345
       45.600000000000378        1.100791207210998       -0.286125340048261
       45.700000000000379        1.085576336888691       -0.287078771739268
       45.800000000000381        1.083603289597377       -0.280473345435915
       45.900000000000382        1.075502705571158       -0.287854525515728
       46.000000000000384        1.084158193589683       -0.293744871280983
       46.100000000000385        1.097838566262086       -0.285207159043532
       46.200000000000387        1.107807175208478       -0.269141091836480
       46.300000000000388        1.092843489861219       -0.238331847863429
       46.400000000000389        1.071751975562107       -0.236202604677736
       46.500000000000391        1.054732948855173       -0.235083608980950
       46.600000000000392        1.048684167851946       -0.247209500694886
       46.700000000000394        1.043736427877916       -0.236711685592840
       46.800000000000395        1.019449969462067       -0.237001286251372
       46.900000000000396        0.995391762962160       -0.256822597751540
       47.000000000000398        0.984674264331562       -0.305644323513550
       47.100000000000399        1.029017459472920       -0.341584406315982
       47.200000000000401        1.087441831147603       -0.318883655254730
       47.300000000000402        1.077188915917954       -0.279701907551208
       47.400000000000404        1.069589538566525       -0.278417445756039
       47.500000000000405        1.071843893212828       -0.274170741589163
       47.600000000000406        1.068945026802731       -0.252432136226348
       47.700000000000408        1.048991842551547       -0.253542580713841
       47.800000000000409        1.049787672194762       -0.262807775189675
       47.900000000000411        1.036531949313111       -0.259775866433075
       48.000000000000412        1.048540949841008       -0.283682426394759
       48.100000000000414        1.063014051286837       -0.254269890062145
       48.200000000000415        1.032143067837087       -0.246709188400694
       48.300000000000416        1.023653688701105       -0.274622902279272
       48.400000000000418        1.049222727292632       -0.273820376696872
       48.500000000000419        1.039730509356283       -0.262425771850651
       48.600000000000421        1.030838488272300       -0.257462224521552
       48.700000000000422        1.016589177039533       -0.273939978514159
       48.800000000000423        1.029073634846644       -0.280782837902324
       48.900000000000425        1.024826600545842       -0.274708988132636
       49.000000000000426        0.999873045929968       -0.295589579842204
       49.100000000000428        1.024648070857279       -0.329029474734891
       49.200000000000429        1.054311687806756       -0.339796112761418
       49.300000000000431        1.091888050068427       -0.331887325250130
       49.400000000000432        1.118321383064495       -0.291622225002245
       49.500000000000433        1.107424362273028       -0.250067596813449
       49.600000000000435        1.071606491510387       -0.239941721222609
       49.700000000000436        1.053899627082302       -0.247017492295289
       49.800000000000438        1.043496643052723       -0.272382058573342
       49.900000000000439        1.077610333814092       -0.270991984139537
       50.000000000000441        1.065788410529606       -0.255430432699886
       50.100000000000442        1.068378500055965       -0.239935519918544
       50.200000000000443        1.035357113787528       -0.240287346814579
       50.300000000000445        1.029002421015606       -0.278089255007922
       50.400000000000446        1.076959874145017       -0.286990389745546
       50.500000000000448        1.079610008203614       -0.243983021655025
       50.600000000000449        1.061709504435174       -0.233020422114369
       50.700000000000450        1.039335522459726       -0.235920818135864
       50.800000000000452        1.045121751479346       -0.254172156963623
       50.900000000000453        1.045515933565405       -0.228175874107264
       51.000000000000455        1.010566713499434       -0.236017882316832
       51.100000000000456        1.005758333323494       -0.271243939155753
       51.200000000000458        1.030245983043630       -0.277279368069789
       51.300000000000459        1.019469156055984       -0.281949309640005
       51.400000000000460        1.043365988751102       -0.310846649497499
       51.500000000000462        1.083602691899179       -0.282213930691106
       51.600000000000463        1.068797508658718       -0.251223689879503
       51.700000000000465        1.049068963568986       -0.241053533449072
       51.800000000000466        1.018617250117267       -0.256661329890331
       51.900000000000468        1.029357664924699       -0.291552842367071
       52.000000000000469        1.057780858962101       -0.302146738008426
       52.100000000000470        1.089526566040537       -0.273662128808256
       52.200000000000472        1.066272523404123       -0.247206498748765
       52.300000000000473        1.057283632321841       -0.249273450183698
       52.400000000000475        1.043665816478639       -0.256172653592711
       52.500000000000476        1.048907370729195       -0.263939686418505
       52.600000000000477        1.056301819295249       -0.262556121470897
       52.700000000000479        1.048350413420698       -0.259227308566339
       52.800000000000480        1.052876758597422       -0.272441345386532
       52.900000000000482        1.062079889158873       -0.249622435677002
       53.000000000000483        1.044640934443143       -0.264021143690621
       53.100000000000485        1.056610312674980       -0.257453379610319
       53.200000000000486        1.043415374854249       -0.264770253970294
       53.300000000000487        1.053400223757429       -0.269862648362667
       53.400000000000489        1.053346248113307       -0.268699000513265
       53.500000000000490        1.068223273743077       -0.275549036048974
       53.600000000000492        1.073069829139059       -0.259020750473014
       53.700000000000493        1.064575167946717       -0.252446644850002
       53.800000000000495        1.065898475143874       -0.257573208842959
       53.900000000000496        1.062630051795969       -0.248976449613838
       54.000000000000497        1.054706682511169       -0.257566924304849
       54.100000000000499        1.070941545676839       -0.268996648465462
       54.200000000000500        1.086322547020809       -0.245017437054883
       54.300000000000502        1.071629788809741       -0.233805853558025
       54.400000000000503        1.070745365269113       -0.230924958329574
       54.500000000000504        1.060120067274761       -0.209304365725073
       54.600000000000506        1.024868503800429       -0.216318762479696
       54.700000000000507        1.026683786914901       -0.245952325951792
       54.800000000000509        1.028230905999357       -0.247798251018071
       54.900000000000510        1.032574131291493       -0.255581701343687
       55.000000000000512        1.033808585672614       -0.259172758471899
       55.100000000000513        1.042315380931994       -0.269712100971346
       55.200000000000514        1.048089853520344       -0.254095382544045
       55.300000000000516        1.031938208999416       -0.257279292939624
       55.400000000000517        1.036490303130306       -0.278928265072311
       55.500000000000519        1.066860529214385       -0.286759996013173
       55.600000000000520        1.078733180033230       -0.251806486707356
       55.700000000000522        1.056069430679516       -0.233801322160249
       55.800000000000523        1.039795063534600       -0.238518783667466
       55.900000000000524        1.018030450903088       -0.247215852696134
       56.000000000000526        1.014657463522711       -0.291177959714997
       56.100000000000527        1.059082862392270       -0.296672084378698
       56.200000000000529        1.057937513260325       -0.275249454366053
       56.300000000000530        1.059575646474707       -0.290806880934296
       56.400000000000531        1.086734489951550       -0.287981820535034
       56.500000000000533        1.104430752589928       -0.257414849629053
       56.600000000000534        1.082856473795966       -0.225101864840920
       56.700000000000536        1.055668128799529       -0.217540119496569
       56.800000000000537        1.019376280966298       -0.229055584929596
       56.900000000000539        1.003691955244191       -0.267838533952324
       57.000000000000540        1.018964486668732       -0.306019861089981
       57.100000000000541        1.071141838007964       -0.323752158783428
       57.200000000000543        1.094140633364208       -0.279400630789572
       57.300000000000544        1.073603660305532       -0.268795361461189
       57.400000000000546        1.071589921883574       -0.270688730344381
       57.500000000000547        1.074520668872857       -0.272952973633012
       57.600000000000549        1.076401072340728       -0.271106026342314
       57.700000000000550        1.070460566352678       -0.258493683505900
       57.800000000000551        1.045789075400927       -0.271159969554264
       57.900000000000553        1.057399746572824       -0.312975227076660
       58.000000000000554        1.101052492562422       -0.309633432171428
       58.100000000000556        1.117641087252292       -0.291510582154460
       58.200000000000557        1.121810870027804       -0.264916661015307
       58.300000000000558        1.111285698615678       -0.259556711143902
       58.400000000000560        1.114059201208300       -0.239967183202036
       58.500000000000561        1.089022618192999       -0.234898452489820
       58.600000000000563        1.078298973187038       -0.246312613497649
       58.700000000000564        1.076053453414884       -0.249579709796629
       58.800000000000566        1.064302779353671       -0.267587254096700
       58.900000000000567        1.080346538949220       -0.302067748015680
       59.000000000000568        1.137359658194180       -0.293664208058433
       59.100000000000570        1.140897359368116       -0.243476994088866
       59.200000000000571        1.111769558254186       -0.229905598265457
       59.300000000000573        1.105613004199949       -0.238022569229930
       59.400000000000574        1.103920392783312       -0.224627333734507
       59.500000000000576        1.077076278707966       -0.231361006001845
       59.600000000000577        1.075336214972034       -0.258173698237892
       59.700000000000578        1.096046172364809       -0.269859204517063
       59.800000000000580        1.116356985522424       -0.265056617704314
       59.900000000000581        1.125019598025607       -0.243543362885101
       60.000000000000583        1.109948545092361       -0.234387879285767
       60.100000000000584        1.106536548459401       -0.231384231778194
       60.200000000000585        1.096622915312679       -0.237110611261546
       60.300000000000587        1.099507065914115       -0.240057674911392
       60.400000000000588        1.103107477749334       -0.245544779881587
       60.500000000000590        1.095738712148457       -0.238187716862566
       60.600000000000591        1.101705960890883       -0.258348552218387
       60.700000000000593        1.112480461865036       -0.254643266653058
       60.800000000000594        1.120762752984723       -0.257731051589145
       60.900000000000595        1.134928080169526       -0.243808347013164
       61.000000000000597        1.131695818705106       -0.234586026052089
       61.100000000000598        1.134571706540959       -0.227878439179565
       61.200000000000600        1.130275542664188       -0.211719538544225
       61.300000000000601        1.108377624548770       -0.208642180582007
       61.400000000000603        1.105919955598694       -0.228793148124727
       61.500000000000604        1.116889175599339       -0.222487181699402
       61.600000000000605        1.105195055353127       -0.224155179041624
       61.700000000000607        1.106460699795528       -0.235080283641129
       61.800000000000608        1.111648111911632       -0.242787054897453
       61.900000000000610        1.131630444444285       -0.251639447172782
       62.000000000000611        1.147633633456319       -0.235117443507417
       62.100000000000612        1.152317566413555       -0.215714106298727
       62.200000000000614        1.134345461534386       -0.203631467537936
       62.300000000000615        1.131820952185606       -0.213941005824683
       62.400000000000617        1.135372905664879       -0.208339328203308
       62.500000000000618        1.129089204673324       -0.209272195855425
       62.600000000000620        1.137756890903167       -0.215631234395880
       62.700000000000621        1.147100637350441       -0.205878112229708
       62.800000000000622        1.150739782490944       -0.197563054056346
       62.900000000000624        1.145509556980688       -0.177952271545354
       63.000000000000625        1.127295488296073       -0.178872718037241
       63.100000000000627        1.129598104748067       -0.185429495781036
       63.200000000000628        1.123173222886057       -0.176987573244234
       63.300000000000630        1.122549565256963       -0.190006420983421
       63.400000000000631        1.122978675926044       -0.177836188414169
       63.500000000000632        1.116322105487286       -0.187349667182956
       63.600000000000634        1.123257667398840       -0.195532307410704
       63.700000000000635        1.137228579196342       -0.183489673244323
       63.800000000000637        1.125337903151134       -0.171468475347743
       63.900000000000638        1.113026592373887       -0.176798403909465
       64.000000000000639        1.115187917431872       -0.199390732030796
       64.100000000000634        1.148690378937350       -0.198471768761470
       64.200000000000628        1.154278564512893       -0.167972841015211
       64.300000000000622        1.145376464581318       -0.156957894138903
       64.400000000000617        1.142689931263656       -0.144699272239394
       64.500000000000611        1.128508677336322       -0.133128905034525
       64.600000000000605        1.109564659835111       -0.127520854248720
       64.700000000000600        1.086892336883344       -0.140924991409718
       64.800000000000594        1.095910776278613       -0.161973629651917
       64.900000000000588        1.101051778560533       -0.153191300680066
       65.000000000000583        1.088306309357102       -0.159119334327933
       65.100000000000577        1.100227516797484       -0.169055277036517
       65.200000000000571        1.103468531624392       -0.167948466382494
       65.300000000000566        1.115177926875244       -0.161087802490531
       65.400000000000560        1.108924386886869       -0.144499655633864
       65.500000000000554        1.095284435209113       -0.146237990481279
       65.600000000000549        1.089343562463400       -0.148637329345714
       65.700000000000543        1.088266986157375       -0.160840660459210
       65.800000000000537        1.096446860194847       -0.155505310960419
       65.900000000000531        1.090990685604068       -0.150790490901092
       66.000000000000526        1.086394933669527       -0.154104696748579
       66.100000000000520        1.084820361736446       -0.155065119732408
       66.200000000000514        1.089176147662175       -0.155046339983317
       66.300000000000509        1.081877302279387       -0.147163946542862
       66.400000000000503        1.068837588263542       -0.152491914059048
       66.500000000000497        1.062933668882035       -0.163715208438535
       66.600000000000492        1.071120376548955       -0.179348472179873
       66.700000000000486        1.080476838695238       -0.179804376699939
       66.800000000000480        1.085718854613389       -0.175329184629637
       66.900000000000475        1.081414321156126       -0.174185539474603
       67.000000000000469        1.088618918736499       -0.181622660699241
       67.100000000000463        1.094420605707007       -0.170991866674099
       67.200000000000458        1.083838881044292       -0.170356264367370
       67.300000000000452        1.083504731792428       -0.171313297173533
       67.400000000000446        1.071014569736905       -0.184238218602451
       67.500000000000441        1.094173156107253       -0.212007888954324
       67.600000000000435        1.121137634357585       -0.188191136858573
       67.700000000000429        1.119423199745348       -0.174534362604693
       67.800000000000423        1.118945443565979       -0.171384244878384
       67.900000000000418        1.123894015157138       -0.151441135366438
       68.000000000000412        1.099720272375076       -0.142447943596631
       68.100000000000406        1.093530424580700       -0.159491220831549
       68.200000000000401        1.096782445636999       -0.163986036026330
       68.300000000000395        1.104340322606701       -0.163122103608117
       68.400000000000389        1.106864395481578       -0.164813923327499
       68.500000000000384        1.115080516745192       -0.154969751820399
       68.600000000000378        1.108009079551239       -0.147967037044643
       68.700000000000372        1.109548181439291       -0.147566471877554
       68.800000000000367        1.107888371009118       -0.135264108634077
       68.900000000000361        1.099873783721621       -0.128766783849363
       69.000000000000355        1.080024520226013       -0.126359365687798
       69.100000000000350        1.070933991829486       -0.140637225506600
       69.200000000000344        1.070429886533592       -0.152308599408148
       69.300000000000338        1.077316606478184       -0.161587127387865
       69.400000000000333        1.083845839821146       -0.160021245465710
       69.500000000000327        1.080274161734273       -0.162622237333998
       69.600000000000321        1.090889526409339       -0.174756206451371
       69.700000000000315        1.109051100827336       -0.165586805957397
       69.800000000000310        1.107537592311812       -0.145837782168076
       69.900000000000304        1.095566821231553       -0.138865070442126
       70.000000000000298        1.079757230861761       -0.138128464525203
       70.100000000000293        1.072778725545584       -0.157870477935602
       70.200000000000287        1.084549020657262       -0.170784465836439
       70.300000000000281        1.095570418486641       -0.168987096871467
       70.400000000000276        1.104687763229009       -0.164122495473844
       70.500000000000270        1.103844696919501       -0.158817235641562
       70.600000000000264        1.109229559589131       -0.158566926540155
       70.700000000000259        1.115351680599196       -0.156953448346262
       70.800000000000253        1.126015252479330       -0.137432503255406
       70.900000000000247        1.111473598993491       -0.119529740578348
       71.000000000000242        1.091227377730387       -0.119589204550158
       71.100000000000236        1.084971028703676       -0.131385162827141
       71.200000000000230        1.083114036727163       -0.132931664833451
       71.300000000000225        1.079119605352820       -0.145879515549827
       71.400000000000219        1.093704711403991       -0.148519202547167
       71.500000000000213        1.093824233075331       -0.144152676291259
       71.600000000000207        1.098030524661002       -0.140933189511465
       71.700000000000202        1.093042945535470       -0.139698800313523
       71.800000000000196        1.100223958104118       -0.143175882499267
       71.900000000000190        1.099974581566240       -0.133711448171502
       72.000000000000185        1.096203959343339       -0.133799077766983
       72.100000000000179        1.098365620748635       -0.132899055705181
       72.200000000000173        1.102771900253619       -0.132405864894457
       72.300000000000168        1.101669564619197       -0.117905379602458
       72.400000000000162        1.091689645248314       -0.117127237665396
       72.500000000000156        1.089296905821983       -0.120446552598878
       72.600000000000151        1.091282419499031       -0.113493382730710
       72.700000000000145        1.077487804343623       -0.108778401060347
       72.800000000000139        1.072285859005810       -0.117931670754400
       72.900000000000134        1.070206247773615       -0.123057590787839
       73.000000000000128        1.076144314842384       -0.122392541219073
       73.100000000000122        1.066813604167636       -0.117715673174547
       73.200000000000117        1.062470315329563       -0.126686196213390
       73.300000000000111        1.063566410286020       -0.128981848033201
       73.400000000000105        1.064744417605074       -0.132443064216390
       73.500000000000099        1.056184188995404       -0.130746525783270
       73.600000000000094        1.050441307237675       -0.152172671254349
       73.700000000000088        1.073887773923812       -0.166659327370670
       73.800000000000082        1.094037576287545       -0.151415039856606
       73.900000000000077        1.091222255244996       -0.137986969503191
       74.000000000000071        1.083330756817117       -0.130229344020006
       74.100000000000065        1.080025425193362       -0.138751861951319
       74.200000000000060        1.086112498306105       -0.131521640431780
       74.300000000000054        1.080932128579964       -0.130342265989309
       74.400000000000048        1.075717722496311       -0.129631581631570
       74.500000000000043        1.078102297424652       -0.132727659859441
       74.600000000000037        1.074071398098761       -0.133331493922954
       74.700000000000031        1.076146633143573       -0.134457346590325
       74.800000000000026        1.074403210610640       -0.137134787900831
       74.900000000000020        1.078116548512448       -0.142771328105372
       75.000000000000014        1.082476105821622       -0.140002054979217
       75.100000000000009        1.090752482155713       -0.143628272920489
       75.200000000000003        1.096194996086855       -0.125799159234986
       75.299999999999997        1.085182953553075       -0.120268896919047
       75.399999999999991        1.078084295075386       -0.123133790093062
       75.499999999999986        1.077188214679875       -0.126565405947076
       75.599999999999980        1.080382592672973       -0.129759784528549
       75.699999999999974        1.080776195641669       -0.122923334262371
       75.799999999999969        1.074600435679032       -0.126145792162891
       75.899999999999963        1.082825203979508       -0.127878071568806
       75.999999999999957        1.075603729452657       -0.116359896388234
       76.099999999999952        1.066415347266770       -0.127441317978422
       76.199999999999946        1.072043953283246       -0.131533084534125
       76.299999999999940        1.073097466233121       -0.134829538926283
       76.399999999999935        1.082263610811685       -0.134171941335660
       76.499999999999929        1.083907365321201       -0.131701541592227
       76.599999999999923        1.088778345029618       -0.123708119645920
       76.699999999999918        1.081467918990244       -0.115423315214469
       76.799999999999912        1.074490967730452       -0.116469473020966
       76.899999999999906        1.070510432253390       -0.118584860981934
       76.999999999999901        1.065104627177651       -0.122391303304076
       77.099999999999895        1.068413130870095       -0.130568709731677
       77.199999999999889        1.072206457615605       -0.126877285355866
       77.299999999999883        1.064610086489630       -0.130954712067536
       77.399999999999878        1.066679385145527       -0.141773520498765
       77.499999999999872        1.083033483896784       -0.152003970032131
       77.599999999999866        1.104313149739593       -0.139356886416735
       77.699999999999861        1.102834985581151       -0.122966216423901
       77.799999999999855        1.104381347998328       -0.105110025214721
       77.899999999999849        1.083360325027330       -0.092386700455093
       77.999999999999844        1.063651878976933       -0.102415725184965
       78.099999999999838        1.067714272908118       -0.116260283370026
       78.199999999999832        1.071905695468616       -0.115742558252973
       78.299999999999827        1.070225533155486       -0.110977288079279
       78.399999999999821        1.060483064477316       -0.114230939665765
       78.499999999999815        1.064134565249296       -0.124724518553242
       78.599999999999810        1.068060934312558       -0.125109777322254
       78.699999999999804        1.070584602926259       -0.126954921128289
       78.799999999999798        1.074640950333096       -0.122522022518491
       78.899999999999793        1.074393815544239       -0.125647977387188
       78.999999999999787        1.077881464994969       -0.118811354978487
       79.099999999999781        1.074154573017789       -0.118954425468434
       79.199999999999775        1.074376724018020       -0.120053489766506
       79.299999999999770        1.075746756852243       -0.113482976424788
       79.399999999999764        1.068991612124077       -0.117050379565849
       79.499999999999758        1.068901134457777       -0.118402258933781
       79.599999999999753        1.070960191916334       -0.124037892284461
       79.699999999999747        1.077257631764799       -0.123357271978566
       79.799999999999741        1.079047130956834       -0.118314423541725
       79.899999999999736        1.080484218008723       -0.117321872946182
       79.999999999999730        1.081450550589731       -0.113538913767045
       80.099999999999724        1.083642137628774       -0.106503565481258
       80.199999999999719        1.077655636020164       -0.097427075464257
       80.299999999999713        1.065482753830153       -0.097215153851285
       80.399999999999707        1.063962412112146       -0.102793273973890
       80.499999999999702        1.058750251350518       -0.099518103333428
       80.599999999999696        1.051893715602377       -0.106917164608845
       80.699999999999690        1.051682554204848       -0.113174492491931
       80.799999999999685        1.053154874637641       -0.117973925999052
       80.899999999999679        1.053293527150518       -0.126161169670196
       80.999999999999673        1.065803122013365       -0.128294731979386
       81.099999999999667        1.069813114178021       -0.118130848237257
       81.199999999999662        1.064296105200388       -0.114932696394847
       81.299999999999656        1.061345527687318       -0.118817581335549
       81.399999999999650        1.064549356379416       -0.118909007812853
       81.499999999999645        1.061204736643174       -0.121119942132952
       81.599999999999639        1.066191584767392       -0.123439635712910
       81.699999999999633        1.067280304631351       -0.123567227399832
       81.799999999999628        1.074477480463498       -0.121652890937626
       81.899999999999622        1.071978766800750       -0.112684741980812
       81.999999999999616        1.066997403345447       -0.116300414098380
       82.099999999999611        1.069561864017399       -0.114534730704449
       82.199999999999605        1.068339069517165       -0.114559437838774
       82.299999999999599        1.064999388975713       -0.116360486744041
       82.399999999999594        1.073955849271964       -0.118632108972097
       82.499999999999588        1.074762648471846       -0.107416029020381
       82.599999999999582        1.068232354428791       -0.102182756296708
       82.699999999999577        1.056680895717351       -0.103208439801378
       82.799999999999571        1.050716240609228       -0.113462903595091
       82.899999999999565        1.057134963509543       -0.126065357175668
       82.999999999999559        1.068830046738164       -0.119774514483500
       83.099999999999554        1.063359006111859       -0.121622686949314
       83.199999999999548        1.077533556519231       -0.122891375433059
       83.299999999999542        1.076841424221085       -0.105744571054548
       83.399999999999537        1.064504072766800       -0.104142119271063
       83.499999999999531        1.061580137901841       -0.111301702063203
       83.599999999999525        1.064679490345111       -0.116658761342988
       83.699999999999520        1.072704376709915       -0.110767202044289
       83.799999999999514        1.067294937132166       -0.105735505649731
       83.899999999999508        1.061764936421616       -0.103973497179950
       83.999999999999503        1.059858687552650       -0.112256447079197
       84.099999999999497        1.069064605317219       -0.112313326209130
       84.199999999999491        1.062738108405640       -0.100568896846491
       84.299999999999486        1.058159144230049       -0.110769323998448
       84.399999999999480        1.062699505090149       -0.110170619611974
       84.499999999999474        1.062977147004088       -0.109945110505388
       84.599999999999469        1.067906498974435       -0.108740397580392
       84.699999999999463        1.070059827985570       -0.098330785035810
       84.799999999999457        1.059267324399860       -0.091636564289050
       84.899999999999451        1.051692385130830       -0.093770751319974
       84.999999999999446        1.045623112277946       -0.093519373215995
       85.099999999999440        1.037022768199493       -0.100947676831781
       85.199999999999434        1.041304447496892       -0.108411460583397
       85.299999999999429        1.041327718573495       -0.098481072701075
       85.399999999999423        1.022567364481229       -0.099807845388884
       85.499999999999417        1.007767587455130       -0.115994147151580
       85.599999999999412        1.007553636109592       -0.137411607933387
       85.699999999999406        1.012347344679368       -0.165647936153443
       85.799999999999400        1.045306873848190       -0.180889170122515
       85.899999999999395        1.064424037937742       -0.173895475584446
       85.999999999999389        1.080840486068787       -0.166953150080087
       86.099999999999383        1.094118431120641       -0.151945100251895
       86.199999999999378        1.094285661908196       -0.138589873022567
       86.299999999999372        1.092787415586388       -0.130270241072666
       86.399999999999366        1.088479972543565       -0.121037823873694
       86.499999999999361        1.081383475574441       -0.120458251020491
       86.599999999999355        1.083793922868331       -0.125232480459777
       86.699999999999349        1.085395348835629       -0.116149284177068
       86.799999999999343        1.080125616656187       -0.116531721974810
       86.899999999999338        1.082160498121082       -0.116480906843210
       86.999999999999332        1.081026827324398       -0.111387713192409
       87.099999999999326        1.075536713252935       -0.108272911719728
       87.199999999999321        1.068351843122328       -0.117171493560638
       87.299999999999315        1.073456624815300       -0.126813370081644
       87.399999999999309        1.093911937299999       -0.124138576324723
       87.499999999999304        1.090611531358520       -0.104459672947169
       87.599999999999298        1.081989840608062       -0.104677270697460
       87.699999999999292        1.084458266483846       -0.101602381994742
       87.799999999999287        1.075996860109464       -0.095296305243409
       87.899999999999281        1.063604473578439       -0.098790646160413
       87.999999999999275        1.064775193536287       -0.112112596713305
       88.099999999999270        1.071336459954979       -0.112392098383118
       88.199999999999264        1.071578686830249       -0.111340716770469
       88.299999999999258        1.068351207421562       -0.113333453432511
       88.399999999999253        1.076240808691594       -0.121276305951764
       88.499999999999247        1.080741265291484       -0.114375266404510
       88.599999999999241        1.084366216150330       -0.116502509670226
       88.699999999999235        1.093997652534499       -0.107695161329615
       88.799999999999230        1.086170856671471       -0.095791689870571
       88.899999999999224        1.078049143728232       -0.095691612285406
       88.999999999999218        1.075551655642597       -0.102556840784207
       89.099999999999213        1.079582463081353       -0.101571027340647
       89.199999999999207        1.080343560962409       -0.101497073524648
       89.299999999999201        1.081679662735419       -0.094637852700553
       89.399999999999196        1.073604897188192       -0.098846006521169
       89.499999999999190        1.083857305812558       -0.098795840026232
       89.599999999999184        1.079432543623055       -0.089808338757729
       89.699999999999179        1.079410346405840       -0.089911239049421
       89.799999999999173        1.073337941652347       -0.082642036067147
       89.899999999999167        1.062021779448870       -0.085150278536719
       89.999999999999162        1.056933733419027       -0.093688180959703
       90.099999999999156        1.056984422592224       -0.108383345791366
       90.199999999999150        1.075798715984131       -0.118661137393555
       90.299999999999145        1.091029448158414       -0.102839117003059
       90.399999999999139        1.090778320160366       -0.088193783557501
       90.499999999999133        1.082503752568464       -0.077884998045366
       90.599999999999127        1.070318773948428       -0.073917370552175
       90.699999999999122        1.061007839358790       -0.080461865403324
       90.799999999999116        1.059178999724832       -0.085128631212636
       90.899999999999110        1.060165691529632       -0.090502166481475
       90.999999999999105        1.060955768771480       -0.088710708788369
       91.099999999999099        1.057810681986523       -0.092460337813087
       91.199999999999093        1.060689464187327       -0.095045600047600
       91.299999999999088        1.060546354900279       -0.093276556316836
       91.399999999999082        1.058287515526419       -0.098697773350997
       91.499999999999076        1.067678598993799       -0.100838832746561
       91.599999999999071        1.070358562009943       -0.091893291647618
       91.699999999999065        1.063872824340745       -0.090052165445969
       91.799999999999059        1.063744071280574       -0.093109095645604
       91.899999999999054        1.064165321834827       -0.091508493126202
       91.999999999999048        1.064167712897870       -0.090685611558884
       92.099999999999042        1.060434479420399       -0.086250485948975
       92.199999999999037        1.054248936704332       -0.092863916689886
       92.299999999999031        1.054566343364005       -0.097434726579476
       92.399999999999025        1.058846598242770       -0.103208275123943
       92.499999999999019        1.067092671452593       -0.105378848076727
       92.599999999999014        1.075006920693508       -0.098055143694813
       92.699999999999008        1.071902184733464       -0.088479278083082
       92.799999999999002        1.066617371385648       -0.086506212444427
       92.899999999998997        1.065178363748290       -0.087772515614370
       92.999999999998991        1.063229029734765       -0.086380861818788
       93.099999999998985        1.062546808147717       -0.085762324214559
       93.199999999998980        1.055331189809015       -0.082849141135843
       93.299999999998974        1.051988581628411       -0.091515312588591
       93.399999999998968        1.057936463227653       -0.095661945339857
       93.499999999998963        1.056035362016102       -0.088872550007212
       93.599999999998957        1.052036087047330       -0.096144538971818
       93.699999999998951        1.054814234028581       -0.098100379858610
       93.799999999998946        1.054545879678554       -0.100902099039146
       93.899999999998940        1.058442402235490       -0.106837625302063
       93.999999999998934        1.067206611480806       -0.105174761569515
       94.099999999998929        1.068401311969198       -0.103341836938304
       94.199999999998923        1.072409144563599       -0.099412219501103
       94.299999999998917        1.074675946219627       -0.096678807875122
       94.399999999998911        1.075224346154500       -0.091438999266057
       94.499999999998906        1.072414650536827       -0.088493818088241
       94.599999999998900        1.072200885029216       -0.086491732433108
       94.699999999998894        1.071482753266845       -0.082769301959944
       94.799999999998889        1.065416027477363       -0.080813667270129
       94.899999999998883        1.062976164010362       -0.082710939183243
       94.999999999998877        1.060349619534945       -0.086452999233242
       95.099999999998872        1.065353287031380       -0.089662685639310
       95.199999999998866        1.070204221507623       -0.084570354363738
       95.299999999998860        1.065604984236743       -0.077620764547335
       95.399999999998855        1.057532841256411       -0.079572921472139
       95.499999999998849        1.058761163090817       -0.086438482275360
       95.599999999998843        1.063906209550861       -0.086008446524489
       95.699999999998838        1.065294312768119       -0.081301972770985
       95.799999999998832        1.060741073193066       -0.079235424567818
       95.899999999998826        1.060939726991674       -0.079848998072719
       95.999999999998820        1.059728075872585       -0.076069470572907
       96.099999999998815        1.054719521624885       -0.076736868430373
       96.199999999998809        1.050095762428927       -0.079633047071275
       96.299999999998803        1.054048192229373       -0.087510538524315
       96.399999999998798        1.059159005749315       -0.080358546177199
       96.499999999998792        1.055423145260575       -0.079364740544363
       96.599999999998786        1.055157632752471       -0.076219964107568
       96.699999999998781        1.046349521439386       -0.074693120210876
       96.799999999998775        1.041753281773450       -0.083662302202346
       96.899999999998769        1.047211683669403       -0.088120482995276
       96.999999999998764        1.049594492633898       -0.086683761511428
       97.099999999998758        1.046220312557654       -0.085497187098451
       97.199999999998752        1.046995175422736       -0.091580789075180
       97.299999999998747        1.047595404332883       -0.088731263024837
       97.399999999998741        1.045364271791928       -0.098273733285211
       97.499999999998735        1.059801257041108       -0.097559058710767
       97.599999999998730        1.060274172119829       -0.087196244811866
       97.699999999998724        1.052284974773655       -0.085828400847188
       97.799999999998718        1.052885465606040       -0.087908307874662
       97.899999999998712        1.050532194785776       -0.088713720432505
       97.999999999998707        1.051138948165568       -0.091840444281856
       98.099999999998701        1.052919947342997       -0.096100979062521
       98.199999999998695        1.062766533838148       -0.091930658892663
       98.299999999998690        1.059249625696129       -0.087165976620257
       98.399999999998684        1.057255705152826       -0.085618137270161
       98.499999999998678        1.056108381260519       -0.084815476643259
       98.599999999998673        1.055533967655373       -0.085369877463947
       98.699999999998667        1.053452204270968       -0.086787543268440
       98.799999999998661        1.057883842319559       -0.086608223903303
       98.899999999998656        1.057673804691601       -0.080245304361496
       98.999999999998650        1.049384321663591       -0.078301005722732
       99.099999999998644        1.042718857236062       -0.083969750569063
       99.199999999998639        1.044243158862979       -0.092184602124011
       99.299999999998633        1.048788317979322       -0.098489850324623
       99.399999999998627        1.062316784879685       -0.099199979975390
       99.499999999998622        1.065350169507818       -0.087454068246270
       99.599999999998616        1.061606340753407       -0.080662083077678
       99.699999999998610        1.057811973551860       -0.077994484621118
       99.799999999998604        1.049638433133022       -0.076199855475578
       99.899999999998599        1.045629711168228       -0.084121019343084
       99.999999999998593        1.047387675323547       -0.087038500423426
