# q=  0.00000000E+00  0.00000000E+00  0.00000000E+00  (qpt 1)
#ncbands         Re chi(0,0)              extrap   Re chi(Gmax,Gmax)              extrap
       1     -0.10975727E-32     -0.67624714E-32     -0.11223802E-03     -0.10634527E-02
       2     -0.12152397E-32     -0.67624714E-32     -0.13119236E-03     -0.10634527E-02
       3     -0.12793240E-32     -0.67624714E-32     -0.13713580E-03     -0.10634527E-02
       4     -0.14966683E-32     -0.67624714E-32     -0.13989960E-03     -0.10634527E-02
       5     -0.15862019E-32     -0.67624714E-32     -0.13991617E-03     -0.10634527E-02
       6     -0.16799169E-32     -0.67624714E-32     -0.14094517E-03     -0.10634527E-02
       7     -0.17769719E-32     -0.67624714E-32     -0.14356652E-03     -0.10634527E-02
       8     -0.19115779E-32     -0.67624714E-32     -0.15052578E-03     -0.10634527E-02
       9     -0.21076845E-32     -0.67624714E-32     -0.15578839E-03     -0.10634527E-02
      10     -0.21804041E-32     -0.67624714E-32     -0.15583686E-03     -0.10634527E-02
      11     -0.22493322E-32     -0.67624714E-32     -0.15953339E-03     -0.10634527E-02
      12     -0.22920820E-32     -0.67624714E-32     -0.16274249E-03     -0.10634527E-02
      13     -0.24002591E-32     -0.67624714E-32     -0.16764545E-03     -0.10634527E-02
      14     -0.24545491E-32     -0.67624714E-32     -0.16766450E-03     -0.10634527E-02
      15     -0.25536793E-32     -0.67624714E-32     -0.16859391E-03     -0.10634527E-02
      16     -0.26299549E-32     -0.67624714E-32     -0.16926120E-03     -0.10634527E-02
      17     -0.27237761E-32     -0.67624714E-32     -0.16926285E-03     -0.10634527E-02
      18     -0.27696453E-32     -0.67624714E-32     -0.17996235E-03     -0.10634527E-02
      19     -0.28299138E-32     -0.67624714E-32     -0.18082473E-03     -0.10634527E-02
      20     -0.30293070E-32     -0.67624714E-32     -0.18514208E-03     -0.10634527E-02
      21     -0.31914997E-32     -0.67624714E-32     -0.18858445E-03     -0.10634527E-02
      22     -0.32447204E-32     -0.67624714E-32     -0.18863170E-03     -0.10634527E-02
      23     -0.32656037E-32     -0.67624714E-32     -0.18866263E-03     -0.10634527E-02
      24     -0.33706222E-32     -0.67624714E-32     -0.19082190E-03     -0.10634527E-02
      25     -0.34099020E-32     -0.67624714E-32     -0.19297658E-03     -0.10634527E-02
      26     -0.35076891E-32     -0.67624714E-32     -0.20170010E-03     -0.10634527E-02
      27     -0.35831008E-32     -0.67624714E-32     -0.20288477E-03     -0.10634527E-02
      28     -0.36449758E-32     -0.67624714E-32     -0.20424029E-03     -0.10634527E-02
      29     -0.37060532E-32     -0.67624714E-32     -0.20499529E-03     -0.10634527E-02
      30     -0.37615971E-32     -0.67624714E-32     -0.20515069E-03     -0.10634527E-02
      31     -0.38202314E-32     -0.67624714E-32     -0.21368334E-03     -0.10634527E-02
      32     -0.38478308E-32     -0.67624714E-32     -0.21647832E-03     -0.10634527E-02
      33     -0.38859449E-32     -0.67624714E-32     -0.21781004E-03     -0.10634527E-02
      34     -0.39443530E-32     -0.67624714E-32     -0.21837067E-03     -0.10634527E-02
      35     -0.39543502E-32     -0.67624714E-32     -0.22241814E-03     -0.10634527E-02
      36     -0.39839895E-32     -0.67624714E-32     -0.22256727E-03     -0.10634527E-02
      37     -0.40220947E-32     -0.67624714E-32     -0.24007905E-03     -0.10634527E-02
      38     -0.40275583E-32     -0.67624714E-32     -0.24013876E-03     -0.10634527E-02
      39     -0.40509487E-32     -0.67624714E-32     -0.24046786E-03     -0.10634527E-02
      40     -0.40919662E-32     -0.67624714E-32     -0.24223702E-03     -0.10634527E-02
      41     -0.41141923E-32     -0.67624714E-32     -0.24226125E-03     -0.10634527E-02
      42     -0.41538793E-32     -0.67624714E-32     -0.24239967E-03     -0.10634527E-02
      43     -0.41856318E-32     -0.67624714E-32     -0.24261099E-03     -0.10634527E-02
      44     -0.42130397E-32     -0.67624714E-32     -0.24721943E-03     -0.10634527E-02
      45     -0.42787821E-32     -0.67624714E-32     -0.24736759E-03     -0.10634527E-02
      46     -0.42908539E-32     -0.67624714E-32     -0.24746263E-03     -0.10634527E-02
      47     -0.43158666E-32     -0.67624714E-32     -0.24746265E-03     -0.10634527E-02
      48     -0.43648337E-32     -0.67624714E-32     -0.24764767E-03     -0.10634527E-02
      49     -0.44071878E-32     -0.67624714E-32     -0.24765023E-03     -0.10634527E-02
      50     -0.44291964E-32     -0.67624714E-32     -0.24954814E-03     -0.10634527E-02
      51     -0.44840348E-32     -0.67624714E-32     -0.25368995E-03     -0.10634527E-02
      52     -0.45193998E-32     -0.67624714E-32     -0.25370752E-03     -0.10634527E-02
      53     -0.45317601E-32     -0.67624714E-32     -0.25371794E-03     -0.10634527E-02
      54     -0.45721409E-32     -0.67624714E-32     -0.25371855E-03     -0.10634527E-02
      55     -0.46062332E-32     -0.67624714E-32     -0.25371862E-03     -0.10634527E-02
      56     -0.46257734E-32     -0.67624714E-32     -0.25453001E-03     -0.10634527E-02
      57     -0.46478679E-32     -0.67624714E-32     -0.25586739E-03     -0.10634527E-02
      58     -0.46670417E-32     -0.67624714E-32     -0.25869031E-03     -0.10634527E-02
      59     -0.46867322E-32     -0.67624714E-32     -0.25890795E-03     -0.10634527E-02
      60     -0.47471565E-32     -0.67624714E-32     -0.29306296E-03     -0.10634527E-02
      61     -0.47793200E-32     -0.67624714E-32     -0.29317962E-03     -0.10634527E-02
      62     -0.48008490E-32     -0.67624714E-32     -0.29812878E-03     -0.10634527E-02
      63     -0.48142123E-32     -0.67624714E-32     -0.29961680E-03     -0.10634527E-02
      64     -0.48288531E-32     -0.67624714E-32     -0.30120837E-03     -0.10634527E-02
      65     -0.48430605E-32     -0.67624714E-32     -0.30138285E-03     -0.10634527E-02
      66     -0.48556773E-32     -0.67624714E-32     -0.30220287E-03     -0.10634527E-02
      67     -0.48752228E-32     -0.67624714E-32     -0.30223646E-03     -0.10634527E-02
      68     -0.48864946E-32     -0.67624714E-32     -0.30224031E-03     -0.10634527E-02
      69     -0.49075364E-32     -0.67624714E-32     -0.30225874E-03     -0.10634527E-02
      70     -0.49273158E-32     -0.67624714E-32     -0.30226220E-03     -0.10634527E-02
      71     -0.49353353E-32     -0.67624714E-32     -0.30226414E-03     -0.10634527E-02
      72     -0.49424857E-32     -0.67624714E-32     -0.30227740E-03     -0.10634527E-02
      73     -0.49552394E-32     -0.67624714E-32     -0.30231368E-03     -0.10634527E-02
      74     -0.49658641E-32     -0.67624714E-32     -0.30235916E-03     -0.10634527E-02
      75     -0.49730515E-32     -0.67624714E-32     -0.30235918E-03     -0.10634527E-02
      76     -0.50019970E-32     -0.67624714E-32     -0.30235921E-03     -0.10634527E-02
      77     -0.50157569E-32     -0.67624714E-32     -0.30447883E-03     -0.10634527E-02
      78     -0.50583057E-32     -0.67624714E-32     -0.30613968E-03     -0.10634527E-02
      79     -0.50855180E-32     -0.67624714E-32     -0.30949996E-03     -0.10634527E-02
      80     -0.51500025E-32     -0.67624714E-32     -0.33577394E-03     -0.10634527E-02
      81     -0.51881644E-32     -0.67624714E-32     -0.33644281E-03     -0.10634527E-02
      82     -0.52206852E-32     -0.67624714E-32     -0.33853513E-03     -0.10634527E-02
      83     -0.52783305E-32     -0.67624714E-32     -0.35111687E-03     -0.10634527E-02
      84     -0.53036830E-32     -0.67624714E-32     -0.35370515E-03     -0.10634527E-02
      85     -0.53427331E-32     -0.67624714E-32     -0.35384482E-03     -0.10634527E-02
      86     -0.53624962E-32     -0.67624714E-32     -0.35730468E-03     -0.10634527E-02
      87     -0.53717175E-32     -0.67624714E-32     -0.35855351E-03     -0.10634527E-02
      88     -0.53880393E-32     -0.67624714E-32     -0.35861550E-03     -0.10634527E-02
      89     -0.53980295E-32     -0.67624714E-32     -0.35869521E-03     -0.10634527E-02
      90     -0.54082054E-32     -0.67624714E-32     -0.36109521E-03     -0.10634527E-02
      91     -0.54192249E-32     -0.67624714E-32     -0.36199337E-03     -0.10634527E-02
      92     -0.54278291E-32     -0.67624714E-32     -0.36279843E-03     -0.10634527E-02
      93     -0.54358335E-32     -0.67624714E-32     -0.36288860E-03     -0.10634527E-02
      94     -0.54431558E-32     -0.67624714E-32     -0.36357230E-03     -0.10634527E-02
      95     -0.54561436E-32     -0.67624714E-32     -0.36376046E-03     -0.10634527E-02
      96     -0.54623429E-32     -0.67624714E-32     -0.36410303E-03     -0.10634527E-02
      97     -0.54733514E-32     -0.67624714E-32     -0.36538687E-03     -0.10634527E-02
      98     -0.54814222E-32     -0.67624714E-32     -0.36586236E-03     -0.10634527E-02
      99     -0.54926943E-32     -0.67624714E-32     -0.36608834E-03     -0.10634527E-02
     100     -0.55009446E-32     -0.67624714E-32     -0.36704688E-03     -0.10634527E-02
     101     -0.55073551E-32     -0.67624714E-32     -0.36845757E-03     -0.10634527E-02
     102     -0.55134642E-32     -0.67624714E-32     -0.36865819E-03     -0.10634527E-02
     103     -0.55276184E-32     -0.67624714E-32     -0.36943141E-03     -0.10634527E-02
     104     -0.55492641E-32     -0.67624714E-32     -0.37019159E-03     -0.10634527E-02
     105     -0.55516988E-32     -0.67624714E-32     -0.37021390E-03     -0.10634527E-02
     106     -0.55574267E-32     -0.67624714E-32     -0.37038469E-03     -0.10634527E-02
     107     -0.55628726E-32     -0.67624714E-32     -0.37107645E-03     -0.10634527E-02
     108     -0.55717326E-32     -0.67624714E-32     -0.37113111E-03     -0.10634527E-02
     109     -0.55969739E-32     -0.67624714E-32     -0.37259737E-03     -0.10634527E-02
     110     -0.56029369E-32     -0.67624714E-32     -0.37288735E-03     -0.10634527E-02
     111     -0.56131051E-32     -0.67624714E-32     -0.37290793E-03     -0.10634527E-02
     112     -0.56180900E-32     -0.67624714E-32     -0.37292167E-03     -0.10634527E-02
     113     -0.56284803E-32     -0.67624714E-32     -0.37292644E-03     -0.10634527E-02
     114     -0.56378185E-32     -0.67624714E-32     -0.37293016E-03     -0.10634527E-02
     115     -0.56460325E-32     -0.67624714E-32     -0.37293938E-03     -0.10634527E-02
     116     -0.56549177E-32     -0.67624714E-32     -0.37295023E-03     -0.10634527E-02
     117     -0.56599663E-32     -0.67624714E-32     -0.37295026E-03     -0.10634527E-02
     118     -0.56659867E-32     -0.67624714E-32     -0.37295030E-03     -0.10634527E-02
     119     -0.56915770E-32     -0.67624714E-32     -0.37886038E-03     -0.10634527E-02
     120     -0.57010915E-32     -0.67624714E-32     -0.37995010E-03     -0.10634527E-02
     121     -0.57132204E-32     -0.67624714E-32     -0.38190031E-03     -0.10634527E-02
     122     -0.57199461E-32     -0.67624714E-32     -0.38708736E-03     -0.10634527E-02
     123     -0.57291097E-32     -0.67624714E-32     -0.38741961E-03     -0.10634527E-02
     124     -0.57380184E-32     -0.67624714E-32     -0.38808381E-03     -0.10634527E-02
     125     -0.57421099E-32     -0.67624714E-32     -0.38853946E-03     -0.10634527E-02
     126     -0.57449275E-32     -0.67624714E-32     -0.38859942E-03     -0.10634527E-02
     127     -0.57539775E-32     -0.67624714E-32     -0.38949313E-03     -0.10634527E-02
     128     -0.57566484E-32     -0.67624714E-32     -0.38951447E-03     -0.10634527E-02
     129     -0.57654633E-32     -0.67624714E-32     -0.39005230E-03     -0.10634527E-02
     130     -0.57713009E-32     -0.67624714E-32     -0.39276495E-03     -0.10634527E-02
     131     -0.57807955E-32     -0.67624714E-32     -0.39281032E-03     -0.10634527E-02
     132     -0.57887547E-32     -0.67624714E-32     -0.39373572E-03     -0.10634527E-02
     133     -0.58052585E-32     -0.67624714E-32     -0.39431060E-03     -0.10634527E-02
     134     -0.58135870E-32     -0.67624714E-32     -0.39434817E-03     -0.10634527E-02
     135     -0.58169932E-32     -0.67624714E-32     -0.39435587E-03     -0.10634527E-02
     136     -0.58248527E-32     -0.67624714E-32     -0.39435600E-03     -0.10634527E-02
     137     -0.58502650E-32     -0.67624714E-32     -0.39843823E-03     -0.10634527E-02
     138     -0.58557867E-32     -0.67624714E-32     -0.39885964E-03     -0.10634527E-02
     139     -0.58749112E-32     -0.67624714E-32     -0.39908663E-03     -0.10634527E-02
     140     -0.58821667E-32     -0.67624714E-32     -0.39908816E-03     -0.10634527E-02
     141     -0.58994858E-32     -0.67624714E-32     -0.40125185E-03     -0.10634527E-02
     142     -0.59069980E-32     -0.67624714E-32     -0.40214083E-03     -0.10634527E-02
     143     -0.59153990E-32     -0.67624714E-32     -0.40280621E-03     -0.10634527E-02
     144     -0.59269580E-32     -0.67624714E-32     -0.40281476E-03     -0.10634527E-02
     145     -0.59368599E-32     -0.67624714E-32     -0.40282047E-03     -0.10634527E-02
     146     -0.59581955E-32     -0.67624714E-32     -0.41234510E-03     -0.10634527E-02
     147     -0.59601708E-32     -0.67624714E-32     -0.41289537E-03     -0.10634527E-02
     148     -0.59743833E-32     -0.67624714E-32     -0.41385338E-03     -0.10634527E-02
     149     -0.59783493E-32     -0.67624714E-32     -0.41652037E-03     -0.10634527E-02
     150     -0.59823139E-32     -0.67624714E-32     -0.41680083E-03     -0.10634527E-02
     151     -0.59853076E-32     -0.67624714E-32     -0.41814304E-03     -0.10634527E-02
     152     -0.59872897E-32     -0.67624714E-32     -0.42080929E-03     -0.10634527E-02
     153     -0.59937952E-32     -0.67624714E-32     -0.42092142E-03     -0.10634527E-02
     154     -0.59960477E-32     -0.67624714E-32     -0.42094180E-03     -0.10634527E-02
     155     -0.60048165E-32     -0.67624714E-32     -0.42145424E-03     -0.10634527E-02
     156     -0.60109623E-32     -0.67624714E-32     -0.42147960E-03     -0.10634527E-02
     157     -0.60137977E-32     -0.67624714E-32     -0.42198634E-03     -0.10634527E-02
     158     -0.60158878E-32     -0.67624714E-32     -0.42237468E-03     -0.10634527E-02
     159     -0.60177390E-32     -0.67624714E-32     -0.42237737E-03     -0.10634527E-02
     160     -0.60212320E-32     -0.67624714E-32     -0.42238029E-03     -0.10634527E-02
     161     -0.60229182E-32     -0.67624714E-32     -0.42254986E-03     -0.10634527E-02
     162     -0.60270103E-32     -0.67624714E-32     -0.42254994E-03     -0.10634527E-02
     163     -0.60278744E-32     -0.67624714E-32     -0.42266937E-03     -0.10634527E-02
     164     -0.60288769E-32     -0.67624714E-32     -0.42267031E-03     -0.10634527E-02
     165     -0.60314663E-32     -0.67624714E-32     -0.42267350E-03     -0.10634527E-02
     166     -0.60374687E-32     -0.67624714E-32     -0.42267361E-03     -0.10634527E-02
     167     -0.60413379E-32     -0.67624714E-32     -0.42753877E-03     -0.10634527E-02
     168     -0.60435757E-32     -0.67624714E-32     -0.42815902E-03     -0.10634527E-02
     169     -0.60484823E-32     -0.67624714E-32     -0.42898114E-03     -0.10634527E-02
     170     -0.60550120E-32     -0.67624714E-32     -0.43283957E-03     -0.10634527E-02
     171     -0.60615715E-32     -0.67624714E-32     -0.43337404E-03     -0.10634527E-02
     172     -0.60652773E-32     -0.67624714E-32     -0.43406469E-03     -0.10634527E-02
     173     -0.60689903E-32     -0.67624714E-32     -0.43704834E-03     -0.10634527E-02
     174     -0.60723396E-32     -0.67624714E-32     -0.43735323E-03     -0.10634527E-02
     175     -0.60835682E-32     -0.67624714E-32     -0.44128896E-03     -0.10634527E-02
     176     -0.60877221E-32     -0.67624714E-32     -0.44363757E-03     -0.10634527E-02
     177     -0.60888593E-32     -0.67624714E-32     -0.44384363E-03     -0.10634527E-02
     178     -0.60916045E-32     -0.67624714E-32     -0.44564738E-03     -0.10634527E-02
     179     -0.60956344E-32     -0.67624714E-32     -0.44608238E-03     -0.10634527E-02
     180     -0.61019554E-32     -0.67624714E-32     -0.44668111E-03     -0.10634527E-02
     181     -0.61062044E-32     -0.67624714E-32     -0.44679902E-03     -0.10634527E-02
     182     -0.61133724E-32     -0.67624714E-32     -0.44796560E-03     -0.10634527E-02
     183     -0.61191875E-32     -0.67624714E-32     -0.44942090E-03     -0.10634527E-02
     184     -0.61228416E-32     -0.67624714E-32     -0.45042460E-03     -0.10634527E-02
     185     -0.61248814E-32     -0.67624714E-32     -0.45054423E-03     -0.10634527E-02
     186     -0.61265145E-32     -0.67624714E-32     -0.45204814E-03     -0.10634527E-02
     187     -0.61293701E-32     -0.67624714E-32     -0.45209263E-03     -0.10634527E-02
     188     -0.61337770E-32     -0.67624714E-32     -0.45364678E-03     -0.10634527E-02
     189     -0.61387446E-32     -0.67624714E-32     -0.45430766E-03     -0.10634527E-02
     190     -0.61448983E-32     -0.67624714E-32     -0.45484882E-03     -0.10634527E-02
     191     -0.61470103E-32     -0.67624714E-32     -0.45495675E-03     -0.10634527E-02
     192     -0.61505707E-32     -0.67624714E-32     -0.45547171E-03     -0.10634527E-02
     193     -0.61561704E-32     -0.67624714E-32     -0.45576371E-03     -0.10634527E-02
     194     -0.61592150E-32     -0.67624714E-32     -0.45579434E-03     -0.10634527E-02
     195     -0.61676601E-32     -0.67624714E-32     -0.45583750E-03     -0.10634527E-02
     196     -0.61701596E-32     -0.67624714E-32     -0.45584382E-03     -0.10634527E-02
     197     -0.61733236E-32     -0.67624714E-32     -0.45584390E-03     -0.10634527E-02
     198     -0.61763887E-32     -0.67624714E-32     -0.45584864E-03     -0.10634527E-02
     199     -0.61801221E-32     -0.67624714E-32     -0.45804963E-03     -0.10634527E-02
     200     -0.61821878E-32     -0.67624714E-32     -0.45841421E-03     -0.10634527E-02
     201     -0.61847656E-32     -0.67624714E-32     -0.45918216E-03     -0.10634527E-02
     202     -0.61870589E-32     -0.67624714E-32     -0.46168208E-03     -0.10634527E-02
     203     -0.61891924E-32     -0.67624714E-32     -0.46228330E-03     -0.10634527E-02
     204     -0.61901031E-32     -0.67624714E-32     -0.46273351E-03     -0.10634527E-02
     205     -0.61907434E-32     -0.67624714E-32     -0.46321676E-03     -0.10634527E-02
     206     -0.61939931E-32     -0.67624714E-32     -0.46474401E-03     -0.10634527E-02
     207     -0.61952401E-32     -0.67624714E-32     -0.46513611E-03     -0.10634527E-02
     208     -0.61962725E-32     -0.67624714E-32     -0.46594103E-03     -0.10634527E-02
     209     -0.61980357E-32     -0.67624714E-32     -0.46870404E-03     -0.10634527E-02
     210     -0.62047520E-32     -0.67624714E-32     -0.46944297E-03     -0.10634527E-02
     211     -0.62064109E-32     -0.67624714E-32     -0.47026524E-03     -0.10634527E-02
     212     -0.62085960E-32     -0.67624714E-32     -0.47107931E-03     -0.10634527E-02
     213     -0.62106476E-32     -0.67624714E-32     -0.47108859E-03     -0.10634527E-02
     214     -0.62125672E-32     -0.67624714E-32     -0.47139495E-03     -0.10634527E-02
     215     -0.62157737E-32     -0.67624714E-32     -0.47144217E-03     -0.10634527E-02
     216     -0.62200158E-32     -0.67624714E-32     -0.47170951E-03     -0.10634527E-02
     217     -0.62211314E-32     -0.67624714E-32     -0.47173084E-03     -0.10634527E-02
     218     -0.62254140E-32     -0.67624714E-32     -0.47175335E-03     -0.10634527E-02
     219     -0.62262160E-32     -0.67624714E-32     -0.47176729E-03     -0.10634527E-02
     220     -0.62290181E-32     -0.67624714E-32     -0.47177115E-03     -0.10634527E-02
     221     -0.62297521E-32     -0.67624714E-32     -0.47177130E-03     -0.10634527E-02
     222     -0.62304406E-32     -0.67624714E-32     -0.47177142E-03     -0.10634527E-02
     223     -0.62341048E-32     -0.67624714E-32     -0.47365978E-03     -0.10634527E-02
     224     -0.62370483E-32     -0.67624714E-32     -0.47487311E-03     -0.10634527E-02
     225     -0.62378412E-32     -0.67624714E-32     -0.47493482E-03     -0.10634527E-02
     226     -0.62384440E-32     -0.67624714E-32     -0.47506945E-03     -0.10634527E-02
     227     -0.62417038E-32     -0.67624714E-32     -0.47516203E-03     -0.10634527E-02
     228     -0.62438447E-32     -0.67624714E-32     -0.47519132E-03     -0.10634527E-02
     229     -0.62467671E-32     -0.67624714E-32     -0.47520225E-03     -0.10634527E-02
     230     -0.62479487E-32     -0.67624714E-32     -0.47524468E-03     -0.10634527E-02
     231     -0.62493308E-32     -0.67624714E-32     -0.47531229E-03     -0.10634527E-02
     232     -0.62513811E-32     -0.67624714E-32     -0.47533176E-03     -0.10634527E-02
     233     -0.62519358E-32     -0.67624714E-32     -0.47534205E-03     -0.10634527E-02
     234     -0.62556104E-32     -0.67624714E-32     -0.47536237E-03     -0.10634527E-02
     235     -0.62565768E-32     -0.67624714E-32     -0.47537318E-03     -0.10634527E-02
     236     -0.62597943E-32     -0.67624714E-32     -0.47538288E-03     -0.10634527E-02
     237     -0.62603644E-32     -0.67624714E-32     -0.47538324E-03     -0.10634527E-02
     238     -0.62614830E-32     -0.67624714E-32     -0.47538371E-03     -0.10634527E-02
     239     -0.62637862E-32     -0.67624714E-32     -0.47613188E-03     -0.10634527E-02
     240     -0.62650110E-32     -0.67624714E-32     -0.47613698E-03     -0.10634527E-02
     241     -0.62663064E-32     -0.67624714E-32     -0.47614356E-03     -0.10634527E-02
     242     -0.62695348E-32     -0.67624714E-32     -0.47615103E-03     -0.10634527E-02
     243     -0.62702753E-32     -0.67624714E-32     -0.47615117E-03     -0.10634527E-02
     244     -0.62726642E-32     -0.67624714E-32     -0.47615363E-03     -0.10634527E-02
     245     -0.62747684E-32     -0.67624714E-32     -0.47615634E-03     -0.10634527E-02
     246     -0.62756907E-32     -0.67624714E-32     -0.47615967E-03     -0.10634527E-02
     247     -0.62775503E-32     -0.67624714E-32     -0.47615977E-03     -0.10634527E-02
     248     -0.62801097E-32     -0.67624714E-32     -0.48125796E-03     -0.10634527E-02
     249     -0.62847204E-32     -0.67624714E-32     -0.48264766E-03     -0.10634527E-02
     250     -0.62881872E-32     -0.67624714E-32     -0.48406266E-03     -0.10634527E-02
     251     -0.62894402E-32     -0.67624714E-32     -0.48497769E-03     -0.10634527E-02
     252     -0.62911775E-32     -0.67624714E-32     -0.48684514E-03     -0.10634527E-02
     253     -0.62959639E-32     -0.67624714E-32     -0.48707820E-03     -0.10634527E-02
     254     -0.63010809E-32     -0.67624714E-32     -0.48789143E-03     -0.10634527E-02
     255     -0.63023138E-32     -0.67624714E-32     -0.48907021E-03     -0.10634527E-02
     256     -0.63077629E-32     -0.67624714E-32     -0.49100646E-03     -0.10634527E-02
     257     -0.63103020E-32     -0.67624714E-32     -0.49758902E-03     -0.10634527E-02
     258     -0.63152251E-32     -0.67624714E-32     -0.50002657E-03     -0.10634527E-02
     259     -0.63208125E-32     -0.67624714E-32     -0.50178923E-03     -0.10634527E-02
     260     -0.63279967E-32     -0.67624714E-32     -0.50445525E-03     -0.10634527E-02
     261     -0.63301770E-32     -0.67624714E-32     -0.50780078E-03     -0.10634527E-02
     262     -0.63325712E-32     -0.67624714E-32     -0.50863526E-03     -0.10634527E-02
     263     -0.63338633E-32     -0.67624714E-32     -0.50905698E-03     -0.10634527E-02
     264     -0.63346854E-32     -0.67624714E-32     -0.50916598E-03     -0.10634527E-02
     265     -0.63372875E-32     -0.67624714E-32     -0.50919005E-03     -0.10634527E-02
     266     -0.63399828E-32     -0.67624714E-32     -0.51037785E-03     -0.10634527E-02
     267     -0.63452051E-32     -0.67624714E-32     -0.51239639E-03     -0.10634527E-02
     268     -0.63467541E-32     -0.67624714E-32     -0.51518123E-03     -0.10634527E-02
     269     -0.63475613E-32     -0.67624714E-32     -0.51624953E-03     -0.10634527E-02
     270     -0.63482744E-32     -0.67624714E-32     -0.51670194E-03     -0.10634527E-02
     271     -0.63502531E-32     -0.67624714E-32     -0.51700288E-03     -0.10634527E-02
     272     -0.63542036E-32     -0.67624714E-32     -0.51728341E-03     -0.10634527E-02
     273     -0.63556796E-32     -0.67624714E-32     -0.51771515E-03     -0.10634527E-02
     274     -0.63574761E-32     -0.67624714E-32     -0.51814471E-03     -0.10634527E-02
     275     -0.63605428E-32     -0.67624714E-32     -0.51831136E-03     -0.10634527E-02
     276     -0.63627996E-32     -0.67624714E-32     -0.51851071E-03     -0.10634527E-02
     277     -0.63658199E-32     -0.67624714E-32     -0.51896725E-03     -0.10634527E-02
     278     -0.63666684E-32     -0.67624714E-32     -0.51896747E-03     -0.10634527E-02
     279     -0.63687249E-32     -0.67624714E-32     -0.51951385E-03     -0.10634527E-02
     280     -0.63704585E-32     -0.67624714E-32     -0.51967179E-03     -0.10634527E-02
     281     -0.63710013E-32     -0.67624714E-32     -0.51986823E-03     -0.10634527E-02
     282     -0.63747912E-32     -0.67624714E-32     -0.51990880E-03     -0.10634527E-02
     283     -0.63754130E-32     -0.67624714E-32     -0.51993273E-03     -0.10634527E-02
     284     -0.63775148E-32     -0.67624714E-32     -0.52006233E-03     -0.10634527E-02
     285     -0.63796243E-32     -0.67624714E-32     -0.52012141E-03     -0.10634527E-02
     286     -0.63804543E-32     -0.67624714E-32     -0.52023568E-03     -0.10634527E-02
     287     -0.63808057E-32     -0.67624714E-32     -0.52037804E-03     -0.10634527E-02
     288     -0.63820772E-32     -0.67624714E-32     -0.52041861E-03     -0.10634527E-02
     289     -0.63830265E-32     -0.67624714E-32     -0.52043428E-03     -0.10634527E-02
     290     -0.63841682E-32     -0.67624714E-32     -0.52043745E-03     -0.10634527E-02
     291     -0.63850673E-32     -0.67624714E-32     -0.52043756E-03     -0.10634527E-02
     292     -0.63894820E-32     -0.67624714E-32     -0.52044464E-03     -0.10634527E-02
     293     -0.63907172E-32     -0.67624714E-32     -0.52046435E-03     -0.10634527E-02
     294     -0.63919604E-32     -0.67624714E-32     -0.52046441E-03     -0.10634527E-02
     295     -0.63933681E-32     -0.67624714E-32     -0.52053334E-03     -0.10634527E-02
     296     -0.63939986E-32     -0.67624714E-32     -0.52054222E-03     -0.10634527E-02
     297     -0.63950544E-32     -0.67624714E-32     -0.52055019E-03     -0.10634527E-02
     298     -0.63977922E-32     -0.67624714E-32     -0.52055045E-03     -0.10634527E-02
     299     -0.63990135E-32     -0.67624714E-32     -0.52061026E-03     -0.10634527E-02
     300     -0.64003763E-32     -0.67624714E-32     -0.52066673E-03     -0.10634527E-02
     301     -0.64022167E-32     -0.67624714E-32     -0.52362824E-03     -0.10634527E-02
     302     -0.64035144E-32     -0.67624714E-32     -0.52421566E-03     -0.10634527E-02
     303     -0.64048851E-32     -0.67624714E-32     -0.52480410E-03     -0.10634527E-02
     304     -0.64061595E-32     -0.67624714E-32     -0.52551454E-03     -0.10634527E-02
     305     -0.64071672E-32     -0.67624714E-32     -0.52596250E-03     -0.10634527E-02
     306     -0.64106521E-32     -0.67624714E-32     -0.52653507E-03     -0.10634527E-02
     307     -0.64117034E-32     -0.67624714E-32     -0.52705174E-03     -0.10634527E-02
     308     -0.64124428E-32     -0.67624714E-32     -0.52782604E-03     -0.10634527E-02
     309     -0.64137411E-32     -0.67624714E-32     -0.52789064E-03     -0.10634527E-02
     310     -0.64147320E-32     -0.67624714E-32     -0.52808290E-03     -0.10634527E-02
     311     -0.64174138E-32     -0.67624714E-32     -0.52855763E-03     -0.10634527E-02
     312     -0.64205194E-32     -0.67624714E-32     -0.52871101E-03     -0.10634527E-02
     313     -0.64224649E-32     -0.67624714E-32     -0.52993910E-03     -0.10634527E-02
     314     -0.64236260E-32     -0.67624714E-32     -0.53028783E-03     -0.10634527E-02
     315     -0.64244253E-32     -0.67624714E-32     -0.53083692E-03     -0.10634527E-02
     316     -0.64256350E-32     -0.67624714E-32     -0.53089416E-03     -0.10634527E-02
     317     -0.64270328E-32     -0.67624714E-32     -0.53189439E-03     -0.10634527E-02
     318     -0.64288900E-32     -0.67624714E-32     -0.53214859E-03     -0.10634527E-02
     319     -0.64297837E-32     -0.67624714E-32     -0.53246653E-03     -0.10634527E-02
     320     -0.64341978E-32     -0.67624714E-32     -0.53249202E-03     -0.10634527E-02
     321     -0.64352541E-32     -0.67624714E-32     -0.53252640E-03     -0.10634527E-02
     322     -0.64372273E-32     -0.67624714E-32     -0.53307184E-03     -0.10634527E-02
     323     -0.64386261E-32     -0.67624714E-32     -0.53316005E-03     -0.10634527E-02
     324     -0.64397341E-32     -0.67624714E-32     -0.53318812E-03     -0.10634527E-02
     325     -0.64405182E-32     -0.67624714E-32     -0.53318821E-03     -0.10634527E-02
     326     -0.64414828E-32     -0.67624714E-32     -0.53344254E-03     -0.10634527E-02
     327     -0.64423287E-32     -0.67624714E-32     -0.53381459E-03     -0.10634527E-02
     328     -0.64450622E-32     -0.67624714E-32     -0.53410083E-03     -0.10634527E-02
     329     -0.64468956E-32     -0.67624714E-32     -0.53435868E-03     -0.10634527E-02
     330     -0.64478301E-32     -0.67624714E-32     -0.53466415E-03     -0.10634527E-02
     331     -0.64490975E-32     -0.67624714E-32     -0.53496533E-03     -0.10634527E-02
     332     -0.64500733E-32     -0.67624714E-32     -0.53501699E-03     -0.10634527E-02
     333     -0.64505174E-32     -0.67624714E-32     -0.53501714E-03     -0.10634527E-02
     334     -0.64524571E-32     -0.67624714E-32     -0.53502689E-03     -0.10634527E-02
     335     -0.64529414E-32     -0.67624714E-32     -0.53503195E-03     -0.10634527E-02
     336     -0.64549398E-32     -0.67624714E-32     -0.53503368E-03     -0.10634527E-02
     337     -0.64564495E-32     -0.67624714E-32     -0.53715777E-03     -0.10634527E-02
     338     -0.64571432E-32     -0.67624714E-32     -0.53772080E-03     -0.10634527E-02
     339     -0.64583962E-32     -0.67624714E-32     -0.53824735E-03     -0.10634527E-02
     340     -0.64595168E-32     -0.67624714E-32     -0.53898977E-03     -0.10634527E-02
     341     -0.64616402E-32     -0.67624714E-32     -0.53990405E-03     -0.10634527E-02
     342     -0.64624939E-32     -0.67624714E-32     -0.54075039E-03     -0.10634527E-02
     343     -0.64633822E-32     -0.67624714E-32     -0.54137701E-03     -0.10634527E-02
     344     -0.64642708E-32     -0.67624714E-32     -0.54232837E-03     -0.10634527E-02
     345     -0.64644262E-32     -0.67624714E-32     -0.54262612E-03     -0.10634527E-02
     346     -0.64661746E-32     -0.67624714E-32     -0.54350940E-03     -0.10634527E-02
     347     -0.64676333E-32     -0.67624714E-32     -0.54356275E-03     -0.10634527E-02
     348     -0.64685140E-32     -0.67624714E-32     -0.54366430E-03     -0.10634527E-02
     349     -0.64690357E-32     -0.67624714E-32     -0.54392130E-03     -0.10634527E-02
     350     -0.64697034E-32     -0.67624714E-32     -0.54429441E-03     -0.10634527E-02
     351     -0.64707744E-32     -0.67624714E-32     -0.54436860E-03     -0.10634527E-02
     352     -0.64723641E-32     -0.67624714E-32     -0.54472568E-03     -0.10634527E-02
     353     -0.64749535E-32     -0.67624714E-32     -0.54509743E-03     -0.10634527E-02
     354     -0.64757985E-32     -0.67624714E-32     -0.54527434E-03     -0.10634527E-02
     355     -0.64771318E-32     -0.67624714E-32     -0.54597694E-03     -0.10634527E-02
     356     -0.64785873E-32     -0.67624714E-32     -0.54607463E-03     -0.10634527E-02
     357     -0.64794395E-32     -0.67624714E-32     -0.54607611E-03     -0.10634527E-02
     358     -0.64800468E-32     -0.67624714E-32     -0.54611669E-03     -0.10634527E-02
     359     -0.64810101E-32     -0.67624714E-32     -0.54612934E-03     -0.10634527E-02
     360     -0.64816129E-32     -0.67624714E-32     -0.54613143E-03     -0.10634527E-02
     361     -0.64828025E-32     -0.67624714E-32     -0.54613349E-03     -0.10634527E-02
     362     -0.64850551E-32     -0.67624714E-32     -0.54708324E-03     -0.10634527E-02
     363     -0.64854084E-32     -0.67624714E-32     -0.54817959E-03     -0.10634527E-02
     364     -0.64860320E-32     -0.67624714E-32     -0.55123806E-03     -0.10634527E-02
     365     -0.64871741E-32     -0.67624714E-32     -0.55150522E-03     -0.10634527E-02
     366     -0.64881130E-32     -0.67624714E-32     -0.55181121E-03     -0.10634527E-02
     367     -0.64886517E-32     -0.67624714E-32     -0.55183940E-03     -0.10634527E-02
     368     -0.64890988E-32     -0.67624714E-32     -0.55195562E-03     -0.10634527E-02
     369     -0.64915470E-32     -0.67624714E-32     -0.55246997E-03     -0.10634527E-02
     370     -0.64921912E-32     -0.67624714E-32     -0.55507373E-03     -0.10634527E-02
     371     -0.64929752E-32     -0.67624714E-32     -0.55704857E-03     -0.10634527E-02
     372     -0.64935755E-32     -0.67624714E-32     -0.55852360E-03     -0.10634527E-02
     373     -0.64953686E-32     -0.67624714E-32     -0.56005190E-03     -0.10634527E-02
     374     -0.64959663E-32     -0.67624714E-32     -0.56009302E-03     -0.10634527E-02
     375     -0.64967979E-32     -0.67624714E-32     -0.56071092E-03     -0.10634527E-02
     376     -0.64982682E-32     -0.67624714E-32     -0.56118501E-03     -0.10634527E-02
     377     -0.64990241E-32     -0.67624714E-32     -0.56136563E-03     -0.10634527E-02
     378     -0.65007335E-32     -0.67624714E-32     -0.56147886E-03     -0.10634527E-02
     379     -0.65015411E-32     -0.67624714E-32     -0.56156892E-03     -0.10634527E-02
     380     -0.65023145E-32     -0.67624714E-32     -0.56162946E-03     -0.10634527E-02
     381     -0.65034954E-32     -0.67624714E-32     -0.56164650E-03     -0.10634527E-02
     382     -0.65043875E-32     -0.67624714E-32     -0.56164675E-03     -0.10634527E-02
     383     -0.65056478E-32     -0.67624714E-32     -0.56200561E-03     -0.10634527E-02
     384     -0.65062000E-32     -0.67624714E-32     -0.56226181E-03     -0.10634527E-02
     385     -0.65076166E-32     -0.67624714E-32     -0.56441731E-03     -0.10634527E-02
     386     -0.65084765E-32     -0.67624714E-32     -0.56470920E-03     -0.10634527E-02
     387     -0.65086054E-32     -0.67624714E-32     -0.56486329E-03     -0.10634527E-02
     388     -0.65091924E-32     -0.67624714E-32     -0.56552692E-03     -0.10634527E-02
     389     -0.65098361E-32     -0.67624714E-32     -0.56599041E-03     -0.10634527E-02
     390     -0.65109193E-32     -0.67624714E-32     -0.56643890E-03     -0.10634527E-02
     391     -0.65127807E-32     -0.67624714E-32     -0.56693604E-03     -0.10634527E-02
     392     -0.65134890E-32     -0.67624714E-32     -0.56840514E-03     -0.10634527E-02
     393     -0.65143819E-32     -0.67624714E-32     -0.57048972E-03     -0.10634527E-02
     394     -0.65146545E-32     -0.67624714E-32     -0.57161619E-03     -0.10634527E-02
     395     -0.65150199E-32     -0.67624714E-32     -0.57211447E-03     -0.10634527E-02
     396     -0.65156743E-32     -0.67624714E-32     -0.57300376E-03     -0.10634527E-02
     397     -0.65165581E-32     -0.67624714E-32     -0.57498205E-03     -0.10634527E-02
     398     -0.65170030E-32     -0.67624714E-32     -0.57500067E-03     -0.10634527E-02
     399     -0.65173194E-32     -0.67624714E-32     -0.57598491E-03     -0.10634527E-02
     400     -0.65176261E-32     -0.67624714E-32     -0.57600439E-03     -0.10634527E-02
     401     -0.65180365E-32     -0.67624714E-32     -0.57600562E-03     -0.10634527E-02
     402     -0.65183875E-32     -0.67624714E-32     -0.57601821E-03     -0.10634527E-02
     403     -0.65186725E-32     -0.67624714E-32     -0.57694273E-03     -0.10634527E-02
     404     -0.65200716E-32     -0.67624714E-32     -0.57776342E-03     -0.10634527E-02
     405     -0.65216743E-32     -0.67624714E-32     -0.57776361E-03     -0.10634527E-02
     406     -0.65224834E-32     -0.67624714E-32     -0.57777183E-03     -0.10634527E-02
     407     -0.65236651E-32     -0.67624714E-32     -0.57777254E-03     -0.10634527E-02
     408     -0.65240593E-32     -0.67624714E-32     -0.57777274E-03     -0.10634527E-02
     409     -0.65249232E-32     -0.67624714E-32     -0.57849971E-03     -0.10634527E-02
     410     -0.65251554E-32     -0.67624714E-32     -0.57862814E-03     -0.10634527E-02
     411     -0.65264579E-32     -0.67624714E-32     -0.57865459E-03     -0.10634527E-02
     412     -0.65276075E-32     -0.67624714E-32     -0.57869291E-03     -0.10634527E-02
     413     -0.65281600E-32     -0.67624714E-32     -0.57872244E-03     -0.10634527E-02
     414     -0.65287790E-32     -0.67624714E-32     -0.57880664E-03     -0.10634527E-02
     415     -0.65296648E-32     -0.67624714E-32     -0.57943849E-03     -0.10634527E-02
     416     -0.65306037E-32     -0.67624714E-32     -0.57944763E-03     -0.10634527E-02
     417     -0.65332937E-32     -0.67624714E-32     -0.57953732E-03     -0.10634527E-02
     418     -0.65337182E-32     -0.67624714E-32     -0.57954223E-03     -0.10634527E-02
     419     -0.65347309E-32     -0.67624714E-32     -0.57954914E-03     -0.10634527E-02
     420     -0.65353666E-32     -0.67624714E-32     -0.57956187E-03     -0.10634527E-02
     421     -0.65366894E-32     -0.67624714E-32     -0.57956220E-03     -0.10634527E-02
     422     -0.65376934E-32     -0.67624714E-32     -0.58196797E-03     -0.10634527E-02
     423     -0.65381977E-32     -0.67624714E-32     -0.58199527E-03     -0.10634527E-02
     424     -0.65384314E-32     -0.67624714E-32     -0.58200299E-03     -0.10634527E-02
     425     -0.65392464E-32     -0.67624714E-32     -0.58210385E-03     -0.10634527E-02
     426     -0.65399461E-32     -0.67624714E-32     -0.58217670E-03     -0.10634527E-02
     427     -0.65402326E-32     -0.67624714E-32     -0.58217750E-03     -0.10634527E-02
     428     -0.65418016E-32     -0.67624714E-32     -0.58226059E-03     -0.10634527E-02
     429     -0.65421829E-32     -0.67624714E-32     -0.58231218E-03     -0.10634527E-02
     430     -0.65425088E-32     -0.67624714E-32     -0.58234293E-03     -0.10634527E-02
     431     -0.65430542E-32     -0.67624714E-32     -0.58241783E-03     -0.10634527E-02
     432     -0.65433624E-32     -0.67624714E-32     -0.58242846E-03     -0.10634527E-02
     433     -0.65435090E-32     -0.67624714E-32     -0.58243864E-03     -0.10634527E-02
     434     -0.65438916E-32     -0.67624714E-32     -0.58256483E-03     -0.10634527E-02
     435     -0.65446084E-32     -0.67624714E-32     -0.58283829E-03     -0.10634527E-02
     436     -0.65459127E-32     -0.67624714E-32     -0.58339733E-03     -0.10634527E-02
     437     -0.65462846E-32     -0.67624714E-32     -0.58362659E-03     -0.10634527E-02
     438     -0.65468311E-32     -0.67624714E-32     -0.58371787E-03     -0.10634527E-02
     439     -0.65474011E-32     -0.67624714E-32     -0.58428877E-03     -0.10634527E-02
     440     -0.65475649E-32     -0.67624714E-32     -0.58455566E-03     -0.10634527E-02
     441     -0.65485669E-32     -0.67624714E-32     -0.58557316E-03     -0.10634527E-02
     442     -0.65508463E-32     -0.67624714E-32     -0.58715907E-03     -0.10634527E-02
     443     -0.65511782E-32     -0.67624714E-32     -0.58870266E-03     -0.10634527E-02
     444     -0.65515554E-32     -0.67624714E-32     -0.58894519E-03     -0.10634527E-02
     445     -0.65526205E-32     -0.67624714E-32     -0.58914638E-03     -0.10634527E-02
     446     -0.65528898E-32     -0.67624714E-32     -0.58923732E-03     -0.10634527E-02
     447     -0.65535640E-32     -0.67624714E-32     -0.58935647E-03     -0.10634527E-02
     448     -0.65536834E-32     -0.67624714E-32     -0.58943273E-03     -0.10634527E-02
     449     -0.65541965E-32     -0.67624714E-32     -0.58981704E-03     -0.10634527E-02
     450     -0.65548635E-32     -0.67624714E-32     -0.58985885E-03     -0.10634527E-02
     451     -0.65554733E-32     -0.67624714E-32     -0.58988866E-03     -0.10634527E-02
     452     -0.65560267E-32     -0.67624714E-32     -0.58991771E-03     -0.10634527E-02
     453     -0.65563727E-32     -0.67624714E-32     -0.58994191E-03     -0.10634527E-02
     454     -0.65566653E-32     -0.67624714E-32     -0.58995538E-03     -0.10634527E-02
     455     -0.65571882E-32     -0.67624714E-32     -0.58995687E-03     -0.10634527E-02
     456     -0.65572689E-32     -0.67624714E-32     -0.58995793E-03     -0.10634527E-02
     457     -0.65573739E-32     -0.67624714E-32     -0.58995895E-03     -0.10634527E-02
     458     -0.65580223E-32     -0.67624714E-32     -0.59062320E-03     -0.10634527E-02
     459     -0.65581538E-32     -0.67624714E-32     -0.59140841E-03     -0.10634527E-02
     460     -0.65584987E-32     -0.67624714E-32     -0.60062195E-03     -0.10634527E-02
     461     -0.65591184E-32     -0.67624714E-32     -0.60172801E-03     -0.10634527E-02
     462     -0.65594442E-32     -0.67624714E-32     -0.60276976E-03     -0.10634527E-02
     463     -0.65600417E-32     -0.67624714E-32     -0.60510403E-03     -0.10634527E-02
     464     -0.65603047E-32     -0.67624714E-32     -0.60810109E-03     -0.10634527E-02
     465     -0.65606812E-32     -0.67624714E-32     -0.60837980E-03     -0.10634527E-02
     466     -0.65613645E-32     -0.67624714E-32     -0.61368018E-03     -0.10634527E-02
     467     -0.65620920E-32     -0.67624714E-32     -0.61846769E-03     -0.10634527E-02
     468     -0.65624332E-32     -0.67624714E-32     -0.61878063E-03     -0.10634527E-02
     469     -0.65632809E-32     -0.67624714E-32     -0.61893678E-03     -0.10634527E-02
     470     -0.65635763E-32     -0.67624714E-32     -0.61926609E-03     -0.10634527E-02
     471     -0.65639062E-32     -0.67624714E-32     -0.62206297E-03     -0.10634527E-02
     472     -0.65644988E-32     -0.67624714E-32     -0.62466942E-03     -0.10634527E-02
     473     -0.65649634E-32     -0.67624714E-32     -0.62588397E-03     -0.10634527E-02
     474     -0.65650882E-32     -0.67624714E-32     -0.62699635E-03     -0.10634527E-02
     475     -0.65654612E-32     -0.67624714E-32     -0.62703805E-03     -0.10634527E-02
     476     -0.65661056E-32     -0.67624714E-32     -0.62704651E-03     -0.10634527E-02
     477     -0.65662801E-32     -0.67624714E-32     -0.62788940E-03     -0.10634527E-02
     478     -0.65666949E-32     -0.67624714E-32     -0.62791186E-03     -0.10634527E-02
     479     -0.65667884E-32     -0.67624714E-32     -0.62791475E-03     -0.10634527E-02
     480     -0.65671249E-32     -0.67624714E-32     -0.62835031E-03     -0.10634527E-02
     481     -0.65672749E-32     -0.67624714E-32     -0.62835044E-03     -0.10634527E-02
     482     -0.65675505E-32     -0.67624714E-32     -0.62835060E-03     -0.10634527E-02
     483     -0.65681851E-32     -0.67624714E-32     -0.62877049E-03     -0.10634527E-02
     484     -0.65686421E-32     -0.67624714E-32     -0.62894691E-03     -0.10634527E-02
     485     -0.65691550E-32     -0.67624714E-32     -0.63103051E-03     -0.10634527E-02
     486     -0.65699186E-32     -0.67624714E-32     -0.63259088E-03     -0.10634527E-02
     487     -0.65704762E-32     -0.67624714E-32     -0.63262589E-03     -0.10634527E-02
     488     -0.65708474E-32     -0.67624714E-32     -0.63304769E-03     -0.10634527E-02
     489     -0.65712096E-32     -0.67624714E-32     -0.63319269E-03     -0.10634527E-02
     490     -0.65717072E-32     -0.67624714E-32     -0.63382263E-03     -0.10634527E-02
     491     -0.65723221E-32     -0.67624714E-32     -0.63484310E-03     -0.10634527E-02
     492     -0.65726618E-32     -0.67624714E-32     -0.63539066E-03     -0.10634527E-02
     493     -0.65731010E-32     -0.67624714E-32     -0.63565392E-03     -0.10634527E-02
     494     -0.65734357E-32     -0.67624714E-32     -0.63619296E-03     -0.10634527E-02
 
