 # Column 1: omega
 # Column 2: eps2(omega)
 # Column 3: eps1(omega)
 # Column 4: JDOS(omega)
     0.000000000     0.000000000     1.357828231     0.000000000
     0.010000000     0.000000000     1.357830578     0.000000000
     0.020000000     0.000000000     1.357837617     0.000000000
     0.030000000     0.000000000     1.357849349     0.000000000
     0.040000000     0.000000000     1.357865776     0.000000000
     0.050000000     0.000000000     1.357886899     0.000000000
     0.060000000     0.000000000     1.357912720     0.000000000
     0.070000000     0.000000000     1.357943241     0.000000000
     0.080000000     0.000000000     1.357978466     0.000000000
     0.090000000     0.000000000     1.358018396     0.000000000
     0.100000000     0.000000000     1.358063037     0.000000000
     0.110000000     0.000000000     1.358112391     0.000000000
     0.120000000     0.000000000     1.358166464     0.000000000
     0.130000000     0.000000000     1.358225261     0.000000000
     0.140000000     0.000000000     1.358288786     0.000000000
     0.150000000     0.000000000     1.358357046     0.000000000
     0.160000000     0.000000000     1.358430047     0.000000000
     0.170000000     0.000000000     1.358507795     0.000000000
     0.180000000     0.000000000     1.358590299     0.000000000
     0.190000000     0.000000000     1.358677564     0.000000000
     0.200000000     0.000000000     1.358769600     0.000000000
     0.210000000     0.000000000     1.358866415     0.000000000
     0.220000000     0.000000000     1.358968018     0.000000000
     0.230000000     0.000000000     1.359074417     0.000000000
     0.240000000     0.000000000     1.359185624     0.000000000
     0.250000000     0.000000000     1.359301648     0.000000000
     0.260000000     0.000000000     1.359422500     0.000000000
     0.270000000     0.000000000     1.359548191     0.000000000
     0.280000000     0.000000000     1.359678733     0.000000000
     0.290000000     0.000000000     1.359814138     0.000000000
     0.300000000     0.000000000     1.359954418     0.000000000
     0.310000000     0.000000000     1.360099587     0.000000000
     0.320000000     0.000000000     1.360249659     0.000000000
     0.330000000     0.000000000     1.360404646     0.000000000
     0.340000000     0.000000000     1.360564565     0.000000000
     0.350000000     0.000000000     1.360729429     0.000000000
     0.360000000     0.000000000     1.360899254     0.000000000
     0.370000000     0.000000000     1.361074057     0.000000000
     0.380000000     0.000000000     1.361253853     0.000000000
     0.390000000     0.000000000     1.361438661     0.000000000
     0.400000000     0.000000000     1.361628496     0.000000000
     0.410000000     0.000000000     1.361823378     0.000000000
     0.420000000     0.000000000     1.362023325     0.000000000
     0.430000000     0.000000000     1.362228355     0.000000000
     0.440000000     0.000000000     1.362438489     0.000000000
     0.450000000     0.000000000     1.362653746     0.000000000
     0.460000000     0.000000000     1.362874148     0.000000000
     0.470000000     0.000000000     1.363099715     0.000000000
     0.480000000     0.000000000     1.363330469     0.000000000
     0.490000000     0.000000000     1.363566433     0.000000000
     0.500000000     0.000000000     1.363807629     0.000000000
     0.510000000     0.000000000     1.364054081     0.000000000
     0.520000000     0.000000000     1.364305812     0.000000000
     0.530000000     0.000000000     1.364562848     0.000000000
     0.540000000     0.000000000     1.364825213     0.000000000
     0.550000000     0.000000000     1.365092933     0.000000000
     0.560000000     0.000000000     1.365366035     0.000000000
     0.570000000     0.000000000     1.365644546     0.000000000
     0.580000000     0.000000000     1.365928492     0.000000000
     0.590000000     0.000000000     1.366217903     0.000000000
     0.600000000     0.000000000     1.366512807     0.000000000
     0.610000000     0.000000000     1.366813233     0.000000000
     0.620000000     0.000000000     1.367119212     0.000000000
     0.630000000     0.000000000     1.367430775     0.000000000
     0.640000000     0.000000000     1.367747952     0.000000000
     0.650000000     0.000000000     1.368070777     0.000000000
     0.660000000     0.000000000     1.368399281     0.000000000
     0.670000000     0.000000000     1.368733498     0.000000000
     0.680000000     0.000000000     1.369073463     0.000000000
     0.690000000     0.000000000     1.369419210     0.000000000
     0.700000000     0.000000000     1.369770775     0.000000000
     0.710000000     0.000000000     1.370128194     0.000000000
     0.720000000     0.000000000     1.370491504     0.000000000
     0.730000000     0.000000000     1.370860744     0.000000000
     0.740000000     0.000000000     1.371235951     0.000000000
     0.750000000     0.000000000     1.371617165     0.000000000
     0.760000000     0.000000000     1.372004426     0.000000000
     0.770000000     0.000000000     1.372397775     0.000000000
     0.780000000     0.000000000     1.372797255     0.000000000
     0.790000000     0.000000000     1.373202906     0.000000000
     0.800000000     0.000000000     1.373614774     0.000000000
     0.810000000     0.000000000     1.374032901     0.000000000
     0.820000000     0.000000000     1.374457334     0.000000000
     0.830000000     0.000000000     1.374888119     0.000000000
     0.840000000     0.000000000     1.375325301     0.000000000
     0.850000000     0.000000000     1.375768929     0.000000000
     0.860000000     0.000000000     1.376219052     0.000000000
     0.870000000     0.000000000     1.376675720     0.000000000
     0.880000000     0.000000000     1.377138982     0.000000000
     0.890000000     0.000000000     1.377608891     0.000000000
     0.900000000     0.000000000     1.378085500     0.000000000
     0.910000000     0.000000000     1.378568861     0.000000000
     0.920000000     0.000000000     1.379059029     0.000000000
     0.930000000     0.000000000     1.379556060     0.000000000
     0.940000000     0.000000000     1.380060011     0.000000000
     0.950000000     0.000000000     1.380570939     0.000000000
     0.960000000     0.000000000     1.381088904     0.000000000
     0.970000000     0.000000000     1.381613965     0.000000000
     0.980000000     0.000000000     1.382146184     0.000000000
     0.990000000     0.000000000     1.382685622     0.000000000
     1.000000000     0.000000000     1.383232343     0.000000000
     1.010000000     0.000000000     1.383786413     0.000000000
     1.020000000     0.000000000     1.384347896     0.000000000
     1.030000000     0.000000000     1.384916859     0.000000000
     1.040000000     0.000000000     1.385493373     0.000000000
     1.050000000     0.000000000     1.386077505     0.000000000
     1.060000000     0.000000000     1.386669327     0.000000000
     1.070000000     0.000000000     1.387268911     0.000000000
     1.080000000     0.000000000     1.387876332     0.000000000
     1.090000000     0.000000000     1.388491664     0.000000000
     1.100000000     0.000000000     1.389114984     0.000000000
     1.110000000     0.000000000     1.389746370     0.000000000
     1.120000000     0.000000000     1.390385901     0.000000000
     1.130000000     0.000000000     1.391033658     0.000000000
     1.140000000     0.000000000     1.391689725     0.000000000
     1.150000000     0.000000000     1.392354185     0.000000000
     1.160000000     0.000000000     1.393027124     0.000000000
     1.170000000     0.000000000     1.393708629     0.000000000
     1.180000000     0.000000000     1.394398790     0.000000000
     1.190000000     0.000000000     1.395097697     0.000000000
     1.200000000     0.000000000     1.395805443     0.000000000
     1.210000000     0.000000000     1.396522123     0.000000000
     1.220000000     0.000000000     1.397247832     0.000000000
     1.230000000     0.000000000     1.397982668     0.000000000
     1.240000000     0.000000000     1.398726733     0.000000000
     1.250000000     0.000000000     1.399480126     0.000000000
     1.260000000     0.000000000     1.400242954     0.000000000
     1.270000000     0.000000000     1.401015321     0.000000000
     1.280000000     0.000000000     1.401797335     0.000000000
     1.290000000     0.000000000     1.402589107     0.000000000
     1.300000000     0.000000000     1.403390749     0.000000000
     1.310000000     0.000000000     1.404202376     0.000000000
     1.320000000     0.000000000     1.405024104     0.000000000
     1.330000000     0.000000000     1.405856053     0.000000000
     1.340000000     0.000000000     1.406698345     0.000000000
     1.350000000     0.000000000     1.407551103     0.000000000
     1.360000000     0.000000000     1.408414454     0.000000000
     1.370000000     0.000000000     1.409288527     0.000000000
     1.380000000     0.000000000     1.410173455     0.000000001
     1.390000000     0.000000000     1.411069370     0.000000001
     1.400000000     0.000000000     1.411976411     0.000000001
     1.410000000     0.000000000     1.412894718     0.000000002
     1.420000000     0.000000000     1.413824433     0.000000003
     1.430000000     0.000000000     1.414765702     0.000000004
     1.440000000     0.000000000     1.415718675     0.000000007
     1.450000000     0.000000000     1.416683502     0.000000009
     1.460000000     0.000000000     1.417660340     0.000000013
     1.470000000     0.000000000     1.418649346     0.000000019
     1.480000000     0.000000000     1.419650683     0.000000027
     1.490000000     0.000000000     1.420664515     0.000000039
     1.500000000     0.000000000     1.421691011     0.000000055
     1.510000000     0.000000000     1.422730344     0.000000077
     1.520000000     0.000000000     1.423782689     0.000000108
     1.530000000     0.000000000     1.424848227     0.000000150
     1.540000000     0.000000000     1.425927140     0.000000208
     1.550000000     0.000000000     1.427019617     0.000000287
     1.560000000     0.000000000     1.428125849     0.000000394
     1.570000000     0.000000000     1.429246033     0.000000538
     1.580000000     0.000000000     1.430380368     0.000000732
     1.590000000     0.000000000     1.431529060     0.000000993
     1.600000000     0.000000000     1.432692317     0.000001339
     1.610000000     0.000000000     1.433870353     0.000001799
     1.620000000     0.000000000     1.435063388     0.000002406
     1.630000000     0.000000000     1.436271645     0.000003203
     1.640000000     0.000000000     1.437495353     0.000004246
     1.650000000     0.000000000     1.438734746     0.000005603
     1.660000000     0.000000000     1.439990062     0.000007361
     1.670000000     0.000000000     1.441261548     0.000009628
     1.680000000     0.000000000     1.442549454     0.000012538
     1.690000000     0.000000000     1.443854036     0.000016255
     1.700000000     0.000000000     1.445175556     0.000020981
     1.710000000     0.000000000     1.446514283     0.000026961
     1.720000000     0.000000000     1.447870493     0.000034494
     1.730000000     0.000000000     1.449244466     0.000043936
     1.740000000     0.000000000     1.450636490     0.000055716
     1.750000000     0.000000000     1.452046862     0.000070344
     1.760000000     0.000000000     1.453475883     0.000088421
     1.770000000     0.000000000     1.454923863     0.000110654
     1.780000000     0.000000000     1.456391119     0.000137869
     1.790000000     0.000000000     1.457877976     0.000171023
     1.800000000     0.000000000     1.459384768     0.000211218
     1.810000000     0.000000000     1.460911835     0.000259717
     1.820000000     0.000000000     1.462459529     0.000317952
     1.830000000     0.000000000     1.464028206     0.000387543
     1.840000000     0.000000000     1.465618237     0.000470301
     1.850000000     0.000000000     1.467229996     0.000568242
     1.860000000     0.000000000     1.468863873     0.000683586
     1.870000000     0.000000000     1.470520263     0.000818767
     1.880000000     0.000000000     1.472199574     0.000976421
     1.890000000     0.000000000     1.473902224     0.001159386
     1.900000000     0.000000000     1.475628641     0.001370680
     1.910000000     0.000000000     1.477379267     0.001613490
     1.920000000     0.000000000     1.479154552     0.001891138
     1.930000000     0.000000000     1.480954962     0.002207048
     1.940000000     0.000000000     1.482780972     0.002564709
     1.950000000     0.000000000     1.484633073     0.002967617
     1.960000000     0.000000000     1.486511767     0.003419227
     1.970000000     0.000000000     1.488417572     0.003922884
     1.980000000     0.000000000     1.490351018     0.004481757
     1.990000000     0.000000000     1.492312651     0.005098765
     2.000000000     0.000000000     1.494303033     0.005776500
     2.010000000     0.000000000     1.496322740     0.006517151
     2.020000000     0.000000000     1.498372367     0.007322424
     2.030000000     0.000000000     1.500452525     0.008193472
     2.040000000     0.000000000     1.502563841     0.009130821
     2.050000000     0.000000001     1.504706961     0.010134316
     2.060000000     0.000000001     1.506882552     0.011203063
     2.070000000     0.000000001     1.509091299     0.012335400
     2.080000000     0.000000001     1.511333906     0.013528866
     2.090000000     0.000000002     1.513611101     0.014780200
     2.100000000     0.000000002     1.515923631     0.016085352
     2.110000000     0.000000003     1.518272267     0.017439512
     2.120000000     0.000000004     1.520657805     0.018837168
     2.130000000     0.000000005     1.523081062     0.020272166
     2.140000000     0.000000006     1.525542885     0.021737810
     2.150000000     0.000000008     1.528044142     0.023226962
     2.160000000     0.000000011     1.530585732     0.024732166
     2.170000000     0.000000013     1.533168582     0.026245784
     2.180000000     0.000000017     1.535793648     0.027760143
     2.190000000     0.000000022     1.538461916     0.029267683
     2.200000000     0.000000027     1.541174405     0.030761117
     2.210000000     0.000000034     1.543932167     0.032233585
     2.220000000     0.000000042     1.546736289     0.033678807
     2.230000000     0.000000052     1.549587892     0.035091224
     2.240000000     0.000000064     1.552488137     0.036466139
     2.250000000     0.000000079     1.555438223     0.037799833
     2.260000000     0.000000097     1.558439388     0.039089676
     2.270000000     0.000000118     1.561492915     0.040334214
     2.280000000     0.000000143     1.564600128     0.041533245
     2.290000000     0.000000174     1.567762400     0.042687867
     2.300000000     0.000000210     1.570981151     0.043800516
     2.310000000     0.000000252     1.574257848     0.044874981
     2.320000000     0.000000303     1.577594013     0.045916396
     2.330000000     0.000000362     1.580991222     0.046931223
     2.340000000     0.000000433     1.584451107     0.047927210
     2.350000000     0.000000516     1.587975358     0.048913331
     2.360000000     0.000000615     1.591565728     0.049899717
     2.370000000     0.000000733     1.595224035     0.050897561
     2.380000000     0.000000873     1.598952162     0.051919015
     2.390000000     0.000001043     1.602752063     0.052977059
     2.400000000     0.000001248     1.606625767     0.054085365
     2.410000000     0.000001500     1.610575377     0.055258135
     2.420000000     0.000001812     1.614603078     0.056509923
     2.430000000     0.000002202     1.618711137     0.057855443
     2.440000000     0.000002695     1.622901908     0.059309352
     2.450000000     0.000003326     1.627177839     0.060886024
     2.460000000     0.000004140     1.631541471     0.062599302
     2.470000000     0.000005201     1.635995445     0.064462240
     2.480000000     0.000006593     1.640542506     0.066486839
     2.490000000     0.000008432     1.645185510     0.068683770
     2.500000000     0.000010872     1.649927425     0.071062100
     2.510000000     0.000014120     1.654771337     0.073629027
     2.520000000     0.000018451     1.659720458     0.076389622
     2.530000000     0.000024230     1.664778130     0.079346594
     2.540000000     0.000031941     1.669947829     0.082500076
     2.550000000     0.000042216     1.675233174     0.085847455
     2.560000000     0.000055885     1.680637930     0.089383230
     2.570000000     0.000074023     1.686166018     0.093098932
     2.580000000     0.000098024     1.691821519     0.096983081
     2.590000000     0.000129682     1.697608679     0.101021215
     2.600000000     0.000171291     1.703531922     0.105195963
     2.610000000     0.000225773     1.709595850     0.109487194
     2.620000000     0.000296828     1.715805256     0.113872206
     2.630000000     0.000389117     1.722165125     0.118325994
     2.640000000     0.000508478     1.728680648     0.122821546
     2.650000000     0.000662179     1.735357225     0.127330203
     2.660000000     0.000859227     1.742200470     0.131822049
     2.670000000     0.001110712     1.749216221     0.136266330
     2.680000000     0.001430213     1.756410543     0.140631897
     2.690000000     0.001834263     1.763789732     0.144887653
     2.700000000     0.002342869     1.771360317     0.149003015
     2.710000000     0.002980100     1.779129063     0.152948346
     2.720000000     0.003774738     1.787102966     0.156695393
     2.730000000     0.004760984     1.795289253     0.160217680
     2.740000000     0.005979231     1.803695371     0.163490884
     2.750000000     0.007476873     1.812328981     0.166493168
     2.760000000     0.009309165     1.821197939     0.169205474
     2.770000000     0.011540090     1.830310279     0.171611773
     2.780000000     0.014243238     1.839674183     0.173699274
     2.790000000     0.017502650     1.849297948     0.175458583
     2.800000000     0.021413614     1.859189938     0.176883824
     2.810000000     0.026083363     1.869358526     0.177972715
     2.820000000     0.031631633     1.879812019     0.178726607
     2.830000000     0.038191050     1.890558562     0.179150474
     2.840000000     0.045907276     1.901606024     0.179252882
     2.850000000     0.054938868     1.912961849     0.179045911
     2.860000000     0.065456799     1.924632875     0.178545045
     2.870000000     0.077643583     1.936625111     0.177769028
     2.880000000     0.091691942     1.948943459     0.176739687
     2.890000000     0.107802986     1.961591369     0.175481721
     2.900000000     0.126183856     1.974570428     0.174022445
     2.910000000     0.147044791     1.987879836     0.172391508
     2.920000000     0.170595633     2.001515786     0.170620569
     2.930000000     0.197041740     2.015470696     0.168742925
     2.940000000     0.226579353     2.029732277     0.166793117
     2.950000000     0.259390445     2.044282403     0.164806481
     2.960000000     0.295637136     2.059095739     0.162818681
     2.970000000     0.335455748     2.074138082     0.160865191
     2.980000000     0.378950640     2.089364352     0.158980774
     2.990000000     0.426187944     2.104716173     0.157198922
     3.000000000     0.477189390     2.120118971     0.155551306
     3.010000000     0.531926386     2.135478499     0.154067213
     3.020000000     0.590314568     2.150676717     0.152773007
     3.030000000     0.652209020     2.165566929     0.151691615
     3.040000000     0.717400382     2.179968119     0.150842055
     3.050000000     0.785612045     2.193658434     0.150239019
     3.060000000     0.856498645     2.206367830     0.149892527
     3.070000000     0.929646003     2.217769988     0.149807665
     3.080000000     1.004572676     2.227473754     0.149984413
     3.090000000     1.080733208     2.235014581     0.150417586
     3.100000000     1.157523147     2.239846777     0.151096873
     3.110000000     1.234285829     2.241337818     0.152007005
     3.120000000     1.310320883     2.238766529     0.153128027
     3.130000000     1.384894341     2.231327617     0.154435692
     3.140000000     1.457250195     2.218145752     0.155901957
     3.150000000     1.526623171     2.198302884     0.157495581
     3.160000000     1.592252443     2.170882614     0.159182803
     3.170000000     1.653395965     2.135034620     0.160928094
     3.180000000     1.709345064     2.090059947     0.162694953
     3.190000000     1.759438917     2.035514007     0.164446744
     3.200000000     1.803078499     1.971318285     0.166147526
     3.210000000     1.839739628     1.897865047     0.167762886
     3.220000000     1.868984717     1.816093497     0.169260721
     3.230000000     1.890472878     1.727513919     0.170611973
     3.240000000     1.903968079     1.634161017     0.171791282
     3.250000000     1.909345096     1.538470035     0.172777543
     3.260000000     1.906593061     1.443087045     0.173554358
     3.270000000     1.895816495     1.350642373     0.174110362
     3.280000000     1.877233771     1.263526814     0.174439419
     3.290000000     1.851173040     1.183709436     0.174540690
     3.300000000     1.818065736     1.112623851     0.174418561
     3.310000000     1.778437826     1.051131774     0.174082445
     3.320000000     1.732899055     0.999555384     0.173546454
     3.330000000     1.682130489     0.957758605     0.172828963
     3.340000000     1.626870702     0.925253753     0.171952076
     3.350000000     1.567900974     0.901312648     0.170941000
     3.360000000     1.506029923     0.885067350     0.169823355
     3.370000000     1.442077941     0.875592418     0.168628442
     3.380000000     1.376861867     0.871966147     0.167386472
     3.390000000     1.311180247     0.873311987     0.166127793
     3.400000000     1.245799542     0.878823320     0.164882129
     3.410000000     1.181441590     0.887775390     0.163677839
     3.420000000     1.118772581     0.899528044     0.162541234
     3.430000000     1.058393744     0.913522339     0.161495951
     3.440000000     1.000833913     0.929273388     0.160562402
     3.450000000     0.946544051     0.946361161     0.159757316
     3.460000000     0.895893774     0.964420396     0.159093374
     3.470000000     0.849169855     0.983130378     0.158578958
     3.480000000     0.806576648     1.002205038     0.158218001
     3.490000000     0.768238301     1.021383630     0.158009959
     3.500000000     0.734202624     1.040422168     0.157949888
     3.510000000     0.704446416     1.059085773     0.158028641
     3.520000000     0.678882038     1.077142095     0.158233160
     3.530000000     0.657365008     1.094356124     0.158546883
     3.540000000     0.639702369     1.110486778     0.158950219
     3.550000000     0.625661588     1.125285897     0.159421123
     3.560000000     0.614979725     1.138500367     0.159935718
     3.570000000     0.607372643     1.149878284     0.160468973
     3.580000000     0.602544026     1.159179957     0.160995415
     3.590000000     0.600193974     1.166194322     0.161489848
     3.600000000     0.600026998     1.170760588     0.161928072
     3.610000000     0.601759226     1.172793831     0.162287571
     3.620000000     0.605124689     1.172311654     0.162548164
     3.630000000     0.609880544     1.169457411     0.162692585
     3.640000000     0.615811170     1.164514277     0.162706990
     3.650000000     0.622731063     1.157904507     0.162581357
     3.660000000     0.630486520     1.150170094     0.162309791
     3.670000000     0.638956099     1.141934677     0.161890695
     3.680000000     0.648049925     1.133851162     0.161326826
     3.690000000     0.657707889     1.126543447     0.160625214
     3.700000000     0.667896852     1.120552327     0.159796956
     3.710000000     0.678606985     1.116294395     0.158856889
     3.720000000     0.689847385     1.114039040     0.157823142
     3.730000000     0.701641147     1.113904063     0.156716599
     3.740000000     0.714020065     1.115866543     0.155560272
     3.750000000     0.727019158     1.119783465     0.154378607
     3.760000000     0.740671223     1.125416360     0.153196761
     3.770000000     0.755001583     1.132455298     0.152039848
     3.780000000     0.770023242     1.140539265     0.150932203
     3.790000000     0.785732588     1.149271652     0.149896674
     3.800000000     0.802105804     1.158230925     0.148953965
     3.810000000     0.819096106     1.166977477     0.148122058
     3.820000000     0.836631905     1.175058218     0.147415729
     3.830000000     0.854615943     1.182010759     0.146846174
     3.840000000     0.872925446     1.187369176     0.146420747
     3.850000000     0.891413277     1.190673290     0.146142829
     3.860000000     0.909910051     1.191483145     0.146011823
     3.870000000     0.928227145     1.189399773     0.146023268
     3.880000000     0.946160491     1.184092215     0.146169075
     3.890000000     0.963495033     1.175329106     0.146437859
     3.900000000     0.980009692     1.163011020     0.146815367
     3.910000000     0.995482681     1.147197603     0.147284975
     3.920000000     1.009696987     1.128122188     0.147828231
     3.930000000     1.022445844     1.106187021     0.148425438
     3.940000000     1.033538015     1.081935110     0.149056235
     3.950000000     1.042802718     1.055999942     0.149700178
     3.960000000     1.050094037     1.029040516     0.150337275
     3.970000000     1.055294671     1.001674097     0.150948491
     3.980000000     1.058318915     0.974420734     0.151516174
     3.990000000     1.059114775     0.947671033     0.152024414
     4.000000000     1.057665156     0.921682758     0.152459324
     4.010000000     1.053988094     0.896604567     0.152809223
     4.020000000     1.048136023     0.872518844     0.153064747
     4.030000000     1.040194116     0.849491708     0.153218860
     4.040000000     1.030277750     0.827617453     0.153266799
     4.050000000     1.018529180     0.807046868     0.153205942
     4.060000000     1.005113538     0.787993399     0.153035623
     4.070000000     0.990214277     0.770716945     0.152756891
     4.080000000     0.974028208     0.755490676     0.152372245
     4.090000000     0.956760290     0.742560062     0.151885350
     4.100000000     0.938618318     0.732104221     0.151300739
     4.110000000     0.919807697     0.724207609     0.150623535
     4.120000000     0.900526432     0.718846178     0.149859186
     4.130000000     0.880960499     0.715887882     0.149013230
     4.140000000     0.861279729     0.715104321     0.148091105
     4.150000000     0.841634315     0.716188903     0.147097997
     4.160000000     0.822152037     0.718777139     0.146038743
     4.170000000     0.802936283     0.722465887     0.144917775
     4.180000000     0.784064897     0.726829882     0.143739123
     4.190000000     0.765589875     0.731435350     0.142506459
     4.200000000     0.747537904     0.735851519     0.141223176
     4.210000000     0.729911688     0.739661477     0.139892510
     4.220000000     0.712692014     0.742474047     0.138517682
     4.230000000     0.695840464     0.743938157     0.137102054
     4.240000000     0.679302662     0.743760572     0.135649297
     4.250000000     0.663011945     0.741726827     0.134163552
     4.260000000     0.646893323     0.737723745     0.132649584
     4.270000000     0.630867581     0.731760310     0.131112909
     4.280000000     0.614855400     0.723982240     0.129559900
     4.290000000     0.598781345     0.714675140     0.127997858
     4.300000000     0.582577606     0.704252093     0.126435045
     4.310000000     0.566187372     0.693224264     0.124880679
     4.320000000     0.549567730     0.682157080     0.123344888
     4.330000000     0.532692026     0.671618412     0.121838624
     4.340000000     0.515551615     0.662127597     0.120373542
     4.350000000     0.498156961     0.654113914     0.118961847
     4.360000000     0.480538086     0.647890488     0.117616114
     4.370000000     0.462744352     0.643645546     0.116349081
     4.380000000     0.444843623     0.641449129     0.115173437
     4.390000000     0.426920835     0.641270783     0.114101598
     4.400000000     0.409076047     0.643002979     0.113145479
     4.410000000     0.391422037     0.646485582     0.112316277
     4.420000000     0.374081535     0.651528050     0.111624263
     4.430000000     0.357184171     0.657927543     0.111078593
     4.440000000     0.340863243     0.665482381     0.110687132
     4.450000000     0.325252393     0.674001101     0.110456313
     4.460000000     0.310482281     0.683307815     0.110391008
     4.470000000     0.296677339     0.693244712     0.110494431
     4.480000000     0.283952693     0.703672511     0.110768071
     4.490000000     0.272411322     0.714469541     0.111211636
     4.500000000     0.262141500     0.725529968     0.111823030
     4.510000000     0.253214596     0.736761536     0.112598348
     4.520000000     0.245683249     0.748083081     0.113531886
     4.530000000     0.239579973     0.759421967     0.114616169
     4.540000000     0.234916182     0.770711521     0.115841993
     4.550000000     0.231681682     0.781888524     0.117198480
     4.560000000     0.229844599     0.792890752     0.118673144
     4.570000000     0.229351762     0.803654579     0.120251972
     4.580000000     0.230129515     0.814112646     0.121919508
     4.590000000     0.232084940     0.824191617     0.123658963
     4.600000000     0.235107471     0.833810078     0.125452325
     4.610000000     0.239070853     0.842876683     0.127280501
     4.620000000     0.243835424     0.851288734     0.129123461
     4.630000000     0.249250667     0.858931438     0.130960412
     4.640000000     0.255157979     0.865678253     0.132769992
     4.650000000     0.261393619     0.871392758     0.134530480
     4.660000000     0.267791765     0.875932670     0.136220036
     4.670000000     0.274187624     0.879156549     0.137816960
     4.680000000     0.280420534     0.880933696     0.139299967
     4.690000000     0.286336999     0.881157345     0.140648487
     4.700000000     0.291793578     0.879760678     0.141842973
     4.710000000     0.296659587     0.876734255     0.142865219
     4.720000000     0.300819535     0.872142412     0.143698684
     4.730000000     0.304175250     0.866135262     0.144328806
     4.740000000     0.306647645     0.858952598     0.144743309
     4.750000000     0.308178075     0.850916743     0.144932491
     4.760000000     0.308729260     0.842413289     0.144889480
     4.770000000     0.308285749     0.833861456     0.144610456
     4.780000000     0.306853901     0.825678558     0.144094830
     4.790000000     0.304461404     0.818244796     0.143345372
     4.800000000     0.301156327     0.811874464     0.142368280
     4.810000000     0.297005720     0.806797826     0.141173189
     4.820000000     0.292093825     0.803155126     0.139773110
     4.830000000     0.286519907     0.801001416     0.138184305
     4.840000000     0.280395777     0.800319133     0.136426098
     4.850000000     0.273843073     0.801034710     0.134520608
     4.860000000     0.266990340     0.803035940     0.132492429
     4.870000000     0.259970012     0.806187723     0.130368254
     4.880000000     0.252915335     0.810344915     0.128176442
     4.890000000     0.245957335     0.815361853     0.125946552
     4.900000000     0.239221879     0.821098729     0.123708840
     4.910000000     0.232826908     0.827425301     0.121493743
     4.920000000     0.226879902     0.834222539     0.119331356
     4.930000000     0.221475630     0.841382757     0.117250909
     4.940000000     0.216694242     0.848808721     0.115280272
     4.950000000     0.212599730     0.856412099     0.113445482
     4.960000000     0.209238802     0.864111515     0.111770322
     4.970000000     0.206640173     0.871830397     0.110275945
     4.980000000     0.204814302     0.879494746     0.108980566
     4.990000000     0.203753560     0.887030913     0.107899214
     5.000000000     0.203432818     0.894363474     0.107043573
     5.010000000     0.203810453     0.901413283     0.106421881
     5.020000000     0.204829717     0.908095831     0.106038919
     5.030000000     0.206420451     0.914320078     0.105896072
     5.040000000     0.208501092     0.919988014     0.105991451
     5.050000000     0.210980915     0.924995249     0.106320094
     5.060000000     0.213762468     0.929233034     0.106874208
     5.070000000     0.216744119     0.932592152     0.107643464
     5.080000000     0.219822671     0.934969035     0.108615325
     5.090000000     0.222895959     0.936274342     0.109775396
     5.100000000     0.225865384     0.936443818     0.111107782
     5.110000000     0.228638303     0.935450688     0.112595448
     5.120000000     0.231130230     0.933318092     0.114220565
     5.130000000     0.233266784     0.930129308     0.115964828
     5.140000000     0.234985330     0.926033103     0.117809753
     5.150000000     0.236236297     0.921241717     0.119736919
     5.160000000     0.236984108     0.916020087     0.121728182
     5.170000000     0.237207724     0.910666744     0.123765831
     5.180000000     0.236900788     0.905488956     0.125832698
     5.190000000     0.236071359     0.900776287     0.127912222
     5.200000000     0.234741256     0.896777232     0.129988472
     5.210000000     0.232945034     0.893682671     0.132046128
     5.220000000     0.230728625     0.891618014     0.134070428
     5.230000000     0.228147676     0.890643807     0.136047098
     5.240000000     0.225265655     0.890762941     0.137962261
     5.250000000     0.222151762     0.891931822     0.139802344
     5.260000000     0.218878721     0.894072921     0.141553982
     5.270000000     0.215520512     0.897086680     0.143203938
     5.280000000     0.212150115     0.900861550     0.144739047
     5.290000000     0.208837323     0.905281608     0.146146174
     5.300000000     0.205646704     0.910231755     0.147412222
     5.310000000     0.202635746     0.915600785     0.148524158
     5.320000000     0.199853264     0.921282735     0.149469094
     5.330000000     0.197338092     0.927176967     0.150234398
     5.340000000     0.195118103     0.933187400     0.150807851
     5.350000000     0.193209584     0.939221206     0.151177833
     5.360000000     0.191616968     0.945187294     0.151333548
     5.370000000     0.190332944     0.950994829     0.151265275
     5.380000000     0.189338911     0.956552045     0.150964633
     5.390000000     0.188605779     0.961765624     0.150424865
     5.400000000     0.188095076     0.966540944     0.149641126
     5.410000000     0.187760319     0.970783525     0.148610760
     5.420000000     0.187548620     0.974402018     0.147333570
     5.430000000     0.187402447     0.977312988     0.145812063
     5.440000000     0.187261520     0.979447589     0.144051666
     5.450000000     0.187064749     0.980759895     0.142060900
     5.460000000     0.186752179     0.981236157     0.139851515
     5.470000000     0.186266875     0.980903679     0.137438570
     5.480000000     0.185556693     0.979837506     0.134840457
     5.490000000     0.184575892     0.978162869     0.132078871
     5.500000000     0.183286536     0.976051709     0.129178709
     5.510000000     0.181659663     0.973712565     0.126167922
     5.520000000     0.179676173     0.971374626     0.123077285
     5.530000000     0.177327438     0.969268307     0.119940128
     5.540000000     0.174615615     0.967605681     0.116791991
     5.550000000     0.171553647     0.966564179     0.113670240
     5.560000000     0.168164992     0.966276003     0.110613623
     5.570000000     0.164483070     0.966824207     0.107661787
     5.580000000     0.160550453     0.968244846     0.104854765
     5.590000000     0.156417856     0.970533558     0.102232422
     5.600000000     0.152142924     0.973654564     0.099833891
     5.610000000     0.147788892     0.977550227     0.097696986
     5.620000000     0.143423141     0.982149827     0.095857625
     5.630000000     0.139115697     0.987376794     0.094349244
     5.640000000     0.134937723     0.993154122     0.093202242
     5.650000000     0.130960048     0.999408040     0.092443438
     5.660000000     0.127251763     1.006070204     0.092095576
     5.670000000     0.123878943     1.013078717     0.092176872
     5.680000000     0.120903505     1.020378304     0.092700620
     5.690000000     0.118382251     1.027919910     0.093674866
     5.700000000     0.116366111     1.035659915     0.095102158
     5.710000000     0.114899603     1.043559129     0.096979392
     5.720000000     0.114020523     1.051581664     0.099297743
     5.730000000     0.113759869     1.059693741     0.102042708
     5.740000000     0.114142000     1.067862492     0.105194256
     5.750000000     0.115185015     1.076054772     0.108727089
     5.760000000     0.116901346     1.084236006     0.112611023
     5.770000000     0.119298526     1.092369123     0.116811476
     5.780000000     0.122380133     1.100413614     0.121290068
     5.790000000     0.126146848     1.108324805     0.126005326
     5.800000000     0.130597604     1.116053457     0.130913469
     5.810000000     0.135730792     1.123545863     0.135969286
     5.820000000     0.141545456     1.130744653     0.141127057
     5.830000000     0.148042464     1.137590538     0.146341520
     5.840000000     0.155225572     1.144025237     0.151568857
     5.850000000     0.163102367     1.149995763     0.156767663
     5.860000000     0.171685025     1.155460056     0.161899889
     5.870000000     0.180990854     1.160393698     0.166931713
     5.880000000     0.191042579     1.164797008     0.171834330
     5.890000000     0.201868351     1.168701393     0.176584632
     5.900000000     0.213501452     1.172173451     0.181165748
     5.910000000     0.225979690     1.175315305     0.185567433
     5.920000000     0.239344475     1.178260000     0.189786293
     5.930000000     0.253639602     1.181161730     0.193825832
     5.940000000     0.268909746     1.184181868     0.197696317
     5.950000000     0.285198718     1.187472852     0.201414467
     5.960000000     0.302547509     1.191162586     0.205002969
     5.970000000     0.320992191     1.195341803     0.208489840
     5.980000000     0.340561734     1.200055935     0.211907651
     5.990000000     0.361275794     1.205301832     0.215292628
     6.000000000     0.383142571     1.211028595     0.218683679
     6.010000000     0.406156787     1.217141135     0.222121349
     6.020000000     0.430297875     1.223504954     0.225646761
     6.030000000     0.455528443     1.229950931     0.229300553
     6.040000000     0.481793079     1.236279375     0.233121858
     6.050000000     0.509017555     1.242263155     0.237147344
     6.060000000     0.537108468     1.247650181     0.241410351
     6.070000000     0.565953356     1.252165890     0.245940133
     6.080000000     0.595421297     1.255516637     0.250761237
     6.090000000     0.625364002     1.257395031     0.255893013
     6.100000000     0.655617374     1.257488268     0.261349272
     6.110000000     0.686003502     1.255490272     0.267138095
     6.120000000     0.716333051     1.251118017     0.273261773
     6.130000000     0.746407979     1.244131552     0.279716881
     6.140000000     0.776024514     1.234356244     0.286494464
     6.150000000     0.804976305     1.221704553     0.293580323
     6.160000000     0.833057663     1.206193761     0.300955376
     6.170000000     0.860066812     1.187955867     0.308596083
     6.180000000     0.885809042     1.167236548     0.316474897
     6.190000000     0.910099709     1.144381804     0.324560748
     6.200000000     0.932766975     1.119813163     0.332819509
     6.210000000     0.953654249     1.093994496     0.341214468
     6.220000000     0.972622253     1.067395130     0.349706761
     6.230000000     0.989550688     1.040454615     0.358255778
     6.240000000     1.004339465     1.013554230     0.366819533
     6.250000000     1.016909491     0.986999096     0.375355000
     6.260000000     1.027203019     0.961012616     0.383818409
     6.270000000     1.035183570     0.935742268     0.392165529
     6.280000000     1.040835466     0.911273096     0.400351917
     6.290000000     1.044163010     0.887643677     0.408333172
     6.300000000     1.045189364     0.864859453     0.416065186
     6.310000000     1.043955174     0.842900409     0.423504400
     6.320000000     1.040517014     0.821723214     0.430608093
     6.330000000     1.034945685     0.801260954     0.437334689
     6.340000000     1.027324455     0.781424997     0.443644098
     6.350000000     1.017747265     0.762112868     0.449498088
     6.360000000     1.006316971     0.743223410     0.454860696
     6.370000000     0.993143657     0.724677121     0.459698650
     6.380000000     0.978343040     0.706436695     0.463981830
     6.390000000     0.962035013     0.688521524     0.467683714
     6.400000000     0.944342326     0.671010875     0.470781838
     6.410000000     0.925389422     0.654033371     0.473258221
     6.420000000     0.905301422     0.637744453     0.475099763
     6.430000000     0.884203263     0.622297276     0.476298588
     6.440000000     0.862218963     0.607814555     0.476852315
     6.450000000     0.839471014     0.594368619     0.476764256
     6.460000000     0.816079875     0.581974381     0.476043509
     6.470000000     0.792163543     0.570596232     0.474704963
     6.480000000     0.767837199     0.560166210     0.472769178
     6.490000000     0.743212881     0.550608188     0.470262161
     6.500000000     0.718399205     0.541861757     0.467215038
     6.510000000     0.693501089     0.533899956     0.463663604
     6.520000000     0.668619481     0.526736811     0.459647791
     6.530000000     0.643851093     0.520423319     0.455211041
     6.540000000     0.619288118     0.515033439     0.450399613
     6.550000000     0.595017944     0.510644057     0.445261833
     6.560000000     0.571122866     0.507314055     0.439847309
     6.570000000     0.547679793     0.505067266     0.434206133
     6.580000000     0.524759967     0.503882533     0.428388078
     6.590000000     0.502428687     0.503691967     0.422441831
     6.600000000     0.480745068     0.504386616     0.416414255
     6.610000000     0.459761823     0.505827572     0.410349721
     6.620000000     0.439525087     0.507860167     0.404289502
     6.630000000     0.420074290     0.510329042     0.398271261
     6.640000000     0.401442081     0.513092271     0.392328629
     6.650000000     0.383654306     0.516033073     0.386490886
     6.660000000     0.366730057     0.519067924     0.380782746
     6.670000000     0.350681770     0.522150151     0.375224245
     6.680000000     0.335515397     0.525268512     0.369830733
     6.690000000     0.321230627     0.528440957     0.364612967
     6.700000000     0.307821176     0.531704572     0.359577284
     6.710000000     0.295275118     0.535103513     0.354725872
     6.720000000     0.283575280     0.538677118     0.350057093
     6.730000000     0.272699665     0.542450261     0.345565884
     6.740000000     0.262621923     0.546427339     0.341244189
     6.750000000     0.253311850     0.550590390     0.337081436
     6.760000000     0.244735910     0.554900943     0.333065038
     6.770000000     0.236857776     0.559304656     0.329180889
     6.780000000     0.229638883     0.563737523     0.325413879
     6.790000000     0.223038975     0.568132476     0.321748379
     6.800000000     0.217016662     0.572425385     0.318168712
     6.810000000     0.211529946     0.576559687     0.314659589
     6.820000000     0.206536744     0.580489176     0.311206512
     6.830000000     0.201995368     0.584178826     0.307796115
     6.840000000     0.197864976     0.587603927     0.304416476
     6.850000000     0.194105976     0.590748205     0.301057352
     6.860000000     0.190680379     0.593601891     0.297710369
     6.870000000     0.187552093     0.596160709     0.294369147
     6.880000000     0.184687154     0.598426418     0.291029362
     6.890000000     0.182053891     0.600408994     0.287688754
     6.900000000     0.179623017     0.602129812     0.284347071
     6.910000000     0.177367655     0.603624652     0.281005958
     6.920000000     0.175263290     0.604945153     0.277668800
     6.930000000     0.173287663     0.606157577     0.274340512
     6.940000000     0.171420596     0.607338424     0.271027294
     6.950000000     0.169643777     0.608567330     0.267736348
     6.960000000     0.167940500     0.609918518     0.264475570
     6.970000000     0.166295376     0.611452439     0.261253226
     6.980000000     0.164694029     0.613209174     0.258077617
     6.990000000     0.163122799     0.615204598     0.254956741
     7.000000000     0.161568450     0.617429546     0.251897971
     7.010000000     0.160017906     0.619851590     0.248907739
     7.020000000     0.158458040     0.622418673     0.245991257
     7.030000000     0.156875499     0.625063773     0.243152264
     7.040000000     0.155256603     0.627709979     0.240392825
     7.050000000     0.153587309     0.630275594     0.237713163
     7.060000000     0.151853242     0.632679166     0.235111562
     7.070000000     0.150039808     0.634844456     0.232584317
     7.080000000     0.148132369     0.636705378     0.230125743
     7.090000000     0.146116482     0.638210817     0.227728253
     7.100000000     0.143978193     0.639329011     0.225382490
     7.110000000     0.141704379     0.640050961     0.223077516
     7.120000000     0.139283105     0.640392203     0.220801055
     7.130000000     0.136704009     0.640392374     0.218539777
     7.140000000     0.133958673     0.640112300     0.216279627
     7.150000000     0.131040977     0.639628901     0.214006170
     7.160000000     0.127947422     0.639028683     0.211704965
     7.170000000     0.124677396     0.638400936     0.209361932
     7.180000000     0.121233383     0.637831682     0.206963725
     7.190000000     0.117621099     0.637399024     0.204498071
     7.200000000     0.113849545     0.637170056     0.201954095
     7.210000000     0.109930978     0.637199079     0.199322592
     7.220000000     0.105880796     0.637526730     0.196596252
     7.230000000     0.101717343     0.638179737     0.193769837
     7.240000000     0.097461628     0.639171208     0.190840280
     7.250000000     0.093136985     0.640501472     0.187806733
     7.260000000     0.088768659     0.642159535     0.184670538
     7.270000000     0.084383358     0.644125073     0.181435143
     7.280000000     0.080008754     0.646370780     0.178105947
     7.290000000     0.075672977     0.648864818     0.174690106
     7.300000000     0.071404088     0.651573116     0.171196276
     7.310000000     0.067229568     0.654461314     0.167634333
     7.320000000     0.063175824     0.657496268     0.164015066
     7.330000000     0.059267718     0.660647089     0.160349849
     7.340000000     0.055528148     0.663885757     0.156650324
     7.350000000     0.051977672     0.667187392     0.152928078
     7.360000000     0.048634189     0.670530266     0.149194356
     7.370000000     0.045512686     0.673895633     0.145459792
     7.380000000     0.042625037     0.677267447     0.141734178
     7.390000000     0.039979883     0.680632015     0.138026284
     7.400000000     0.037582566     0.683977624     0.134343712
     7.410000000     0.035435128     0.687294164     0.130692808
     7.420000000     0.033536371     0.690572759     0.127078619
     7.430000000     0.031881971     0.693805415     0.123504896
     7.440000000     0.030464645     0.696984688     0.119974139
     7.450000000     0.029274358     0.700103369     0.116487683
     7.460000000     0.028298577     0.703154199     0.113045814
     7.470000000     0.027522549     0.706129606     0.109647907
     7.480000000     0.026929614     0.709021470     0.106292592
     7.490000000     0.026501533     0.711820947     0.102977921
     7.500000000     0.026218833     0.714518348     0.099701549
     7.510000000     0.026061157     0.717103123     0.096460909
     7.520000000     0.026007627     0.719563982     0.093253383
     7.530000000     0.026037189     0.721889193     0.090076463
     7.540000000     0.026128963     0.724067125     0.086927892
     7.550000000     0.026262571     0.726087048     0.083805802
     7.560000000     0.026418449     0.727940237     0.080708813
     7.570000000     0.026578142     0.729621306     0.077636135
     7.580000000     0.026724558     0.731129683     0.074587630
     7.590000000     0.026842208     0.732471013     0.071563868
     7.600000000     0.026917399     0.733658214     0.068566158
     7.610000000     0.026938395     0.734711868     0.065596562
     7.620000000     0.026895540     0.735659695     0.062657893
     7.630000000     0.026781339     0.736535000     0.059753701
     7.640000000     0.026590499     0.737374228     0.056888237
     7.650000000     0.026319928     0.738213966     0.054066413
     7.660000000     0.025968696     0.739087933     0.051293747
     7.670000000     0.025537958     0.740024448     0.048576296
     7.680000000     0.025030841     0.741044783     0.045920587
     7.690000000     0.024452301     0.742162530     0.043333532
     7.700000000     0.023808947     0.743383918     0.040822346
     7.710000000     0.023108846     0.744708821     0.038394445
     7.720000000     0.022361309     0.746132149     0.036057359
     7.730000000     0.021576658     0.747645338     0.033818620
     7.740000000     0.020765990     0.749237737     0.031685666
     7.750000000     0.019940930     0.750897745     0.029665731
     7.760000000     0.019113392     0.752613685     0.027765738
     7.770000000     0.018295339     0.754374397     0.025992195
     7.780000000     0.017498556     0.756169605     0.024351087
     7.790000000     0.016734429     0.757990106     0.022847780
     7.800000000     0.016013751     0.759827823     0.021486913
     7.810000000     0.015346532     0.761675770     0.020272311
     7.820000000     0.014741842     0.763527969     0.019206893
     7.830000000     0.014207664     0.765379322     0.018292593
     7.840000000     0.013750780     0.767225483     0.017530283
     7.850000000     0.013376670     0.769062712     0.016919711
     7.860000000     0.013089440     0.770887743     0.016459446
     7.870000000     0.012891770     0.772697641     0.016146836
     7.880000000     0.012784889     0.774489680     0.015977978
     7.890000000     0.012768565     0.776261208     0.015947705
     7.900000000     0.012841121     0.778009528     0.016049587
     7.910000000     0.012999474     0.779731771     0.016275946
     7.920000000     0.013239192     0.781424773     0.016617901
     7.930000000     0.013554566     0.783084947     0.017065418
     7.940000000     0.013938711     0.784708157     0.017607391
     7.950000000     0.014383675     0.786289596     0.018231740
     7.960000000     0.014880572     0.787823673     0.018925531
     7.970000000     0.015419727     0.789303920     0.019675120
     7.980000000     0.015990835     0.790722935     0.020466309
     7.990000000     0.016583131     0.792072395     0.021284532
     8.000000000     0.017185576     0.793343148     0.022115047
     8.010000000     0.017787040     0.794525454     0.022943147
     8.020000000     0.018376500     0.795609390     0.023754383
     8.030000000     0.018943232     0.796585473     0.024534784
     8.040000000     0.019477003     0.797445519     0.025271091
     8.050000000     0.019968256     0.798183711     0.025950978
     8.060000000     0.020408287     0.798797828     0.026563267
     8.070000000     0.020789406     0.799290461     0.027098128
     8.080000000     0.021105083     0.799670012     0.027547266
     8.090000000     0.021350068     0.799951224     0.027904073
     8.100000000     0.021520495     0.800154980     0.028163757
     8.110000000     0.021613948     0.800307255     0.028323441
     8.120000000     0.021629512     0.800437261     0.028382219
     8.130000000     0.021567778     0.800575031     0.028341174
     8.140000000     0.021430831     0.800748856     0.028203362
     8.150000000     0.021222197     0.800983032     0.027973751
     8.160000000     0.020946766     0.801296266     0.027659117
     8.170000000     0.020610681     0.801700936     0.027267904
     8.180000000     0.020221207     0.802203172     0.026810056
     8.190000000     0.019786571     0.802803574     0.026296802
     8.200000000     0.019315784     0.803498321     0.025740424
     8.210000000     0.018818452     0.804280407     0.025154001
     8.220000000     0.018304567     0.805140820     0.024551130
     8.230000000     0.017784298     0.806069541     0.023945647
     8.240000000     0.017267778     0.807056306     0.023351327
     8.250000000     0.016764894     0.808091146     0.022781605
     8.260000000     0.016285080     0.809164721     0.022249285
     8.270000000     0.015837130     0.810268488     0.021766280
     8.280000000     0.015429018     0.811394754     0.021343357
     8.290000000     0.015067742     0.812536643     0.020989913
     8.300000000     0.014759186     0.813688008     0.020713785
     8.310000000     0.014508011     0.814843309     0.020521078
     8.320000000     0.014317569     0.815997477     0.020416043
     8.330000000     0.014189845     0.817145759     0.020400989
     8.340000000     0.014125431     0.818283566     0.020476230
     8.350000000     0.014123524     0.819406322     0.020640082
     8.360000000     0.014181956     0.820509313     0.020888890
     8.370000000     0.014297253     0.821587537     0.021217111
     8.380000000     0.014464713     0.822635579     0.021617418
     8.390000000     0.014678518     0.823647483     0.022080854
     8.400000000     0.014931862     0.824616674     0.022597013
     8.410000000     0.015217098     0.825535909     0.023154254
     8.420000000     0.015525905     0.826397309     0.023739938
     8.430000000     0.015849463     0.827192486     0.024340685
     8.440000000     0.016178636     0.827912800     0.024942648
     8.450000000     0.016504166     0.828549789     0.025531794
     8.460000000     0.016816859     0.829095782     0.026094190
     8.470000000     0.017107775     0.829544719     0.026616281
     8.480000000     0.017368401     0.829893108     0.027085160
     8.490000000     0.017590823     0.830141057     0.027488824
     8.500000000     0.017767870     0.830293196     0.027816406
     8.510000000     0.017893253     0.830359311     0.028058379
     8.520000000     0.017961673     0.830354445     0.028206727
     8.530000000     0.017968904     0.830298331     0.028255088
     8.540000000     0.017911859     0.830214123     0.028198846
     8.550000000     0.017788625     0.830126551     0.028035194
     8.560000000     0.017598466     0.830059800     0.027763150
     8.570000000     0.017341811     0.830035495     0.027383534
     8.580000000     0.017020205     0.830071113     0.026898903
     8.590000000     0.016636248     0.830179069     0.026313457
     8.600000000     0.016193502     0.830366510     0.025632901
     8.610000000     0.015696391     0.830635709     0.024864288
     8.620000000     0.015150077     0.830984882     0.024015834
     8.630000000     0.014560329     0.831409193     0.023096712
     8.640000000     0.013933386     0.831901774     0.022116842
     8.650000000     0.013275813     0.832454629     0.021086664
     8.660000000     0.012594362     0.833059361     0.020016923
     8.670000000     0.011895832     0.833707706     0.018918446
     8.680000000     0.011186940     0.834391887     0.017801943
     8.690000000     0.010474199     0.835104825     0.016677811
     8.700000000     0.009763811     0.835840238     0.015555967
     8.710000000     0.009061574     0.836592657     0.014445697
     8.720000000     0.008372805     0.837357401     0.013355530
     8.730000000     0.007702275     0.838130511     0.012293146
     8.740000000     0.007054170     0.838908681     0.011265295
     8.750000000     0.006432060     0.839689173     0.010277760
     8.760000000     0.005838891     0.840469744     0.009335328
     8.770000000     0.005276981     0.841248568     0.008441799
     8.780000000     0.004748045     0.842024176     0.007600007
     8.790000000     0.004253215     0.842795395     0.006811864
     8.800000000     0.003793086     0.843561298     0.006078415
     8.810000000     0.003367753     0.844321164     0.005399912
     8.820000000     0.002976868     0.845074441     0.004775895
     8.830000000     0.002619693     0.845820712     0.004205272
     8.840000000     0.002295157     0.846559676     0.003686418
     8.850000000     0.002001914     0.847291125     0.003217259
     8.860000000     0.001738397     0.848014922     0.002795363
     8.870000000     0.001502876     0.848730992     0.002418026
     8.880000000     0.001293505     0.849439310     0.002082352
     8.890000000     0.001108366     0.850139888     0.001785327
     8.900000000     0.000945515     0.850832768     0.001523883
     8.910000000     0.000803015     0.851518018     0.001294959
     8.920000000     0.000678968     0.852195724     0.001095545
     8.930000000     0.000571538     0.852865987     0.000922731
     8.940000000     0.000478973     0.853528918     0.000773730
     8.950000000     0.000399619     0.854184636     0.000645913
     8.960000000     0.000331934     0.854833267     0.000536821
     8.970000000     0.000274491     0.855474938     0.000444175
     8.980000000     0.000225981     0.856109782     0.000365889
     8.990000000     0.000185220     0.856737930     0.000300064
     9.000000000     0.000151138     0.857359514     0.000244990
     9.010000000     0.000122780     0.857974664     0.000199138
     9.020000000     0.000099301     0.858583511     0.000161149
     9.030000000     0.000079955     0.859186183     0.000129829
     9.040000000     0.000064093     0.859782804     0.000104133
     9.050000000     0.000051150     0.860373497     0.000083152
     9.060000000     0.000040640     0.860958384     0.000066104
     9.070000000     0.000032146     0.861537580     0.000052318
     9.080000000     0.000025314     0.862111201     0.000041224
     9.090000000     0.000019846     0.862679357     0.000032338
     9.100000000     0.000015491     0.863242157     0.000025255
     9.110000000     0.000012037     0.863799707     0.000019636
     9.120000000     0.000009312     0.864352107     0.000015199
     9.130000000     0.000007172     0.864899459     0.000011713
     9.140000000     0.000005499     0.865441857     0.000008986
     9.150000000     0.000004198     0.865979396     0.000006864
     9.160000000     0.000003190     0.866512166     0.000005219
     9.170000000     0.000002414     0.867040255     0.000003951
     9.180000000     0.000001818     0.867563748     0.000002978
     9.190000000     0.000001364     0.868082730     0.000002235
     9.200000000     0.000001018     0.868597279     0.000001669
     9.210000000     0.000000757     0.869107474     0.000001241
     9.220000000     0.000000560     0.869613390     0.000000919
     9.230000000     0.000000412     0.870115102     0.000000678
     9.240000000     0.000000303     0.870612681     0.000000497
     9.250000000     0.000000221     0.871106195     0.000000363
     9.260000000     0.000000161     0.871595712     0.000000264
     9.270000000     0.000000116     0.872081298     0.000000191
     9.280000000     0.000000084     0.872563017     0.000000138
     9.290000000     0.000000060     0.873040929     0.000000099
     9.300000000     0.000000043     0.873515096     0.000000071
     9.310000000     0.000000030     0.873985575     0.000000050
     9.320000000     0.000000022     0.874452423     0.000000036
     9.330000000     0.000000015     0.874915697     0.000000025
     9.340000000     0.000000011     0.875375449     0.000000018
     9.350000000     0.000000007     0.875831732     0.000000012
     9.360000000     0.000000005     0.876284598     0.000000009
     9.370000000     0.000000004     0.876734096     0.000000006
     9.380000000     0.000000002     0.877180274     0.000000004
     9.390000000     0.000000002     0.877623181     0.000000003
     9.400000000     0.000000001     0.878062861     0.000000002
     9.410000000     0.000000001     0.878499361     0.000000001
     9.420000000     0.000000001     0.878932723     0.000000001
     9.430000000     0.000000000     0.879362992     0.000000001
     9.440000000     0.000000000     0.879790208     0.000000000
     9.450000000     0.000000000     0.880214413     0.000000000
     9.460000000     0.000000000     0.880635646     0.000000000
     9.470000000     0.000000000     0.881053947     0.000000000
     9.480000000     0.000000000     0.881469353     0.000000000
     9.490000000     0.000000000     0.881881902     0.000000000
     9.500000000     0.000000000     0.882291631     0.000000000
     9.510000000     0.000000000     0.882698574     0.000000000
     9.520000000     0.000000000     0.883102768     0.000000000
     9.530000000     0.000000000     0.883504245     0.000000000
     9.540000000     0.000000000     0.883903039     0.000000000
     9.550000000     0.000000000     0.884299184     0.000000000
     9.560000000     0.000000000     0.884692710     0.000000000
     9.570000000     0.000000000     0.885083650     0.000000000
     9.580000000     0.000000000     0.885472034     0.000000000
     9.590000000     0.000000000     0.885857892     0.000000000
     9.600000000     0.000000000     0.886241253     0.000000000
     9.610000000     0.000000000     0.886622147     0.000000000
     9.620000000     0.000000000     0.887000602     0.000000000
     9.630000000     0.000000000     0.887376646     0.000000000
     9.640000000     0.000000000     0.887750305     0.000000000
     9.650000000     0.000000000     0.888121608     0.000000000
     9.660000000     0.000000000     0.888490579     0.000000000
     9.670000000     0.000000000     0.888857245     0.000000000
     9.680000000     0.000000000     0.889221631     0.000000000
     9.690000000     0.000000000     0.889583761     0.000000000
     9.700000000     0.000000000     0.889943661     0.000000000
     9.710000000     0.000000000     0.890301354     0.000000000
     9.720000000     0.000000000     0.890656864     0.000000000
     9.730000000     0.000000000     0.891010213     0.000000000
     9.740000000     0.000000000     0.891361425     0.000000000
     9.750000000     0.000000000     0.891710521     0.000000000
     9.760000000     0.000000000     0.892057524     0.000000000
     9.770000000     0.000000000     0.892402456     0.000000000
     9.780000000     0.000000000     0.892745337     0.000000000
     9.790000000     0.000000000     0.893086188     0.000000000
     9.800000000     0.000000000     0.893425030     0.000000000
     9.810000000     0.000000000     0.893761883     0.000000000
     9.820000000     0.000000000     0.894096766     0.000000000
     9.830000000     0.000000000     0.894429700     0.000000000
     9.840000000     0.000000000     0.894760703     0.000000000
     9.850000000     0.000000000     0.895089795     0.000000000
     9.860000000     0.000000000     0.895416994     0.000000000
     9.870000000     0.000000000     0.895742318     0.000000000
     9.880000000     0.000000000     0.896065786     0.000000000
     9.890000000     0.000000000     0.896387414     0.000000000
     9.900000000     0.000000000     0.896707221     0.000000000
     9.910000000     0.000000000     0.897025224     0.000000000
     9.920000000     0.000000000     0.897341440     0.000000000
     9.930000000     0.000000000     0.897655885     0.000000000
     9.940000000     0.000000000     0.897968577     0.000000000
     9.950000000     0.000000000     0.898279530     0.000000000
     9.960000000     0.000000000     0.898588761     0.000000000
     9.970000000     0.000000000     0.898896287     0.000000000
     9.980000000     0.000000000     0.899202122     0.000000000
     9.990000000     0.000000000     0.899506281     0.000000000
    10.000000000     0.000000000     0.899808781     0.000000000
    10.010000000     0.000000000     0.900109635     0.000000000
    10.020000000     0.000000000     0.900408859     0.000000000
    10.030000000     0.000000000     0.900706466     0.000000000
    10.040000000     0.000000000     0.901002472     0.000000000
    10.050000000     0.000000000     0.901296889     0.000000000
    10.060000000     0.000000000     0.901589733     0.000000000
    10.070000000     0.000000000     0.901881017     0.000000000
    10.080000000     0.000000000     0.902170754     0.000000000
    10.090000000     0.000000000     0.902458957     0.000000000
    10.100000000     0.000000000     0.902745641     0.000000000
    10.110000000     0.000000000     0.903030817     0.000000000
    10.120000000     0.000000000     0.903314498     0.000000000
    10.130000000     0.000000000     0.903596698     0.000000000
    10.140000000     0.000000000     0.903877429     0.000000000
    10.150000000     0.000000000     0.904156702     0.000000000
    10.160000000     0.000000000     0.904434531     0.000000000
    10.170000000     0.000000000     0.904710927     0.000000000
    10.180000000     0.000000000     0.904985902     0.000000000
    10.190000000     0.000000000     0.905259468     0.000000000
    10.200000000     0.000000000     0.905531636     0.000000000
    10.210000000     0.000000000     0.905802417     0.000000000
    10.220000000     0.000000000     0.906071824     0.000000000
    10.230000000     0.000000000     0.906339867     0.000000000
    10.240000000     0.000000000     0.906606557     0.000000000
    10.250000000     0.000000000     0.906871905     0.000000000
    10.260000000     0.000000000     0.907135922     0.000000000
    10.270000000     0.000000000     0.907398618     0.000000000
    10.280000000     0.000000000     0.907660004     0.000000000
    10.290000000     0.000000000     0.907920091     0.000000000
    10.300000000     0.000000000     0.908178887     0.000000000
    10.310000000     0.000000000     0.908436405     0.000000000
    10.320000000     0.000000000     0.908692653     0.000000000
    10.330000000     0.000000000     0.908947641     0.000000000
    10.340000000     0.000000000     0.909201379     0.000000000
    10.350000000     0.000000000     0.909453878     0.000000000
    10.360000000     0.000000000     0.909705145     0.000000000
    10.370000000     0.000000000     0.909955192     0.000000000
    10.380000000     0.000000000     0.910204027     0.000000000
    10.390000000     0.000000000     0.910451659     0.000000000
    10.400000000     0.000000000     0.910698097     0.000000000
    10.410000000     0.000000000     0.910943351     0.000000000
    10.420000000     0.000000000     0.911187430     0.000000000
    10.430000000     0.000000000     0.911430342     0.000000000
    10.440000000     0.000000000     0.911672095     0.000000000
    10.450000000     0.000000000     0.911912700     0.000000000
    10.460000000     0.000000000     0.912152163     0.000000000
    10.470000000     0.000000000     0.912390494     0.000000000
    10.480000000     0.000000000     0.912627701     0.000000000
    10.490000000     0.000000000     0.912863792     0.000000000
    10.500000000     0.000000000     0.913098775     0.000000000
    10.510000000     0.000000000     0.913332659     0.000000000
    10.520000000     0.000000000     0.913565451     0.000000000
    10.530000000     0.000000000     0.913797159     0.000000000
    10.540000000     0.000000000     0.914027791     0.000000000
    10.550000000     0.000000000     0.914257355     0.000000000
    10.560000000     0.000000000     0.914485859     0.000000000
    10.570000000     0.000000000     0.914713310     0.000000000
    10.580000000     0.000000000     0.914939715     0.000000000
    10.590000000     0.000000000     0.915165083     0.000000000
    10.600000000     0.000000000     0.915389420     0.000000000
    10.610000000     0.000000000     0.915612733     0.000000000
    10.620000000     0.000000000     0.915835030     0.000000000
    10.630000000     0.000000000     0.916056318     0.000000000
    10.640000000     0.000000000     0.916276604     0.000000000
    10.650000000     0.000000000     0.916495895     0.000000000
    10.660000000     0.000000000     0.916714198     0.000000000
    10.670000000     0.000000000     0.916931520     0.000000000
    10.680000000     0.000000000     0.917147867     0.000000000
    10.690000000     0.000000000     0.917363247     0.000000000
    10.700000000     0.000000000     0.917577665     0.000000000
    10.710000000     0.000000000     0.917791129     0.000000000
    10.720000000     0.000000000     0.918003644     0.000000000
    10.730000000     0.000000000     0.918215218     0.000000000
    10.740000000     0.000000000     0.918425857     0.000000000
    10.750000000     0.000000000     0.918635567     0.000000000
    10.760000000     0.000000000     0.918844354     0.000000000
    10.770000000     0.000000000     0.919052225     0.000000000
    10.780000000     0.000000000     0.919259185     0.000000000
    10.790000000     0.000000000     0.919465241     0.000000000
    10.800000000     0.000000000     0.919670399     0.000000000
    10.810000000     0.000000000     0.919874664     0.000000000
    10.820000000     0.000000000     0.920078044     0.000000000
    10.830000000     0.000000000     0.920280542     0.000000000
    10.840000000     0.000000000     0.920482166     0.000000000
    10.850000000     0.000000000     0.920682921     0.000000000
    10.860000000     0.000000000     0.920882813     0.000000000
    10.870000000     0.000000000     0.921081847     0.000000000
    10.880000000     0.000000000     0.921280029     0.000000000
    10.890000000     0.000000000     0.921477365     0.000000000
    10.900000000     0.000000000     0.921673859     0.000000000
    10.910000000     0.000000000     0.921869518     0.000000000
    10.920000000     0.000000000     0.922064347     0.000000000
    10.930000000     0.000000000     0.922258351     0.000000000
    10.940000000     0.000000000     0.922451535     0.000000000
    10.950000000     0.000000000     0.922643905     0.000000000
    10.960000000     0.000000000     0.922835465     0.000000000
    10.970000000     0.000000000     0.923026222     0.000000000
    10.980000000     0.000000000     0.923216179     0.000000000
    10.990000000     0.000000000     0.923405343     0.000000000
    11.000000000     0.000000000     0.923593718     0.000000000
