 # Column 1: omega
 # Column 2: eps2(omega)
 # Column 3: eps1(omega)
 # Column 4: JDOS(omega)
     0.000000000     0.000000000     1.519520169     0.000000002
     0.010000000     0.000000000     1.519527688     0.000000003
     0.020000000     0.000000000     1.519550247     0.000000005
     0.030000000     0.000000000     1.519587850     0.000000007
     0.040000000     0.000000000     1.519640505     0.000000010
     0.050000000     0.000000000     1.519708222     0.000000014
     0.060000000     0.000000000     1.519791016     0.000000019
     0.070000000     0.000000000     1.519888903     0.000000027
     0.080000000     0.000000000     1.520001903     0.000000038
     0.090000000     0.000000000     1.520130040     0.000000053
     0.100000000     0.000000000     1.520273338     0.000000074
     0.110000000     0.000000000     1.520431829     0.000000103
     0.120000000     0.000000000     1.520605543     0.000000142
     0.130000000     0.000000000     1.520794516     0.000000195
     0.140000000     0.000000000     1.520998788     0.000000267
     0.150000000     0.000000000     1.521218400     0.000000363
     0.160000000     0.000000000     1.521453396     0.000000492
     0.170000000     0.000000000     1.521703827     0.000000664
     0.180000000     0.000000000     1.521969743     0.000000892
     0.190000000     0.000000000     1.522251198     0.000001193
     0.200000000     0.000000000     1.522548252     0.000001589
     0.210000000     0.000000001     1.522860966     0.000002106
     0.220000000     0.000000001     1.523189406     0.000002779
     0.230000000     0.000000001     1.523533638     0.000003651
     0.240000000     0.000000001     1.523893736     0.000004775
     0.250000000     0.000000002     1.524269774     0.000006218
     0.260000000     0.000000002     1.524661833     0.000008060
     0.270000000     0.000000003     1.525069993     0.000010402
     0.280000000     0.000000003     1.525494342     0.000013365
     0.290000000     0.000000004     1.525934970     0.000017097
     0.300000000     0.000000005     1.526391969     0.000021773
     0.310000000     0.000000007     1.526865438     0.000027604
     0.320000000     0.000000009     1.527355477     0.000034843
     0.330000000     0.000000011     1.527862193     0.000043785
     0.340000000     0.000000014     1.528385693     0.000054777
     0.350000000     0.000000017     1.528926092     0.000068226
     0.360000000     0.000000021     1.529483506     0.000084599
     0.370000000     0.000000026     1.530058057     0.000104437
     0.380000000     0.000000032     1.530649871     0.000128355
     0.390000000     0.000000039     1.531259078     0.000157051
     0.400000000     0.000000047     1.531885812     0.000191310
     0.410000000     0.000000057     1.532530211     0.000232009
     0.420000000     0.000000069     1.533192421     0.000280119
     0.430000000     0.000000083     1.533872588     0.000336706
     0.440000000     0.000000099     1.534570865     0.000402929
     0.450000000     0.000000118     1.535287411     0.000480039
     0.460000000     0.000000140     1.536022387     0.000569370
     0.470000000     0.000000165     1.536775961     0.000672331
     0.480000000     0.000000194     1.537548307     0.000790392
     0.490000000     0.000000227     1.538339602     0.000925066
     0.500000000     0.000000265     1.539150029     0.001077888
     0.510000000     0.000000307     1.539979778     0.001250390
     0.520000000     0.000000355     1.540829042     0.001444070
     0.530000000     0.000000408     1.541698023     0.001660362
     0.540000000     0.000000467     1.542586925     0.001900593
     0.550000000     0.000000532     1.543495961     0.002165945
     0.560000000     0.000000603     1.544425350     0.002457415
     0.570000000     0.000000681     1.545375314     0.002775765
     0.580000000     0.000000766     1.546346087     0.003121480
     0.590000000     0.000000857     1.547337903     0.003494726
     0.600000000     0.000000955     1.548351009     0.003895301
     0.610000000     0.000001060     1.549385654     0.004322604
     0.620000000     0.000001170     1.550442098     0.004775597
     0.630000000     0.000001287     1.551520604     0.005252779
     0.640000000     0.000001408     1.552621446     0.005752171
     0.650000000     0.000001535     1.553744904     0.006271303
     0.660000000     0.000001665     1.554891267     0.006807217
     0.670000000     0.000001799     1.556060830     0.007356485
     0.680000000     0.000001934     1.557253897     0.007915234
     0.690000000     0.000002071     1.558470781     0.008479185
     0.700000000     0.000002207     1.559711804     0.009043710
     0.710000000     0.000002342     1.560977295     0.009603898
     0.720000000     0.000002475     1.562267594     0.010154632
     0.730000000     0.000002603     1.563583050     0.010690682
     0.740000000     0.000002725     1.564924021     0.011206799
     0.750000000     0.000002841     1.566290875     0.011697828
     0.760000000     0.000002949     1.567683992     0.012158811
     0.770000000     0.000003047     1.569103762     0.012585106
     0.780000000     0.000003135     1.570550586     0.012972491
     0.790000000     0.000003211     1.572024879     0.013317279
     0.800000000     0.000003275     1.573527066     0.013616412
     0.810000000     0.000003326     1.575057587     0.013867551
     0.820000000     0.000003363     1.576616894     0.014069155
     0.830000000     0.000003386     1.578205455     0.014220539
     0.840000000     0.000003395     1.579823749     0.014321921
     0.850000000     0.000003390     1.581472271     0.014374438
     0.860000000     0.000003373     1.583151530     0.014380160
     0.870000000     0.000003343     1.584862048     0.014342063
     0.880000000     0.000003302     1.586604362     0.014263994
     0.890000000     0.000003252     1.588379024     0.014150613
     0.900000000     0.000003194     1.590186600     0.014007310
     0.910000000     0.000003131     1.592027672     0.013840117
     0.920000000     0.000003066     1.593902839     0.013655589
     0.930000000     0.000003002     1.595812716     0.013460687
     0.940000000     0.000002944     1.597757936     0.013262643
     0.950000000     0.000002895     1.599739153     0.013068821
     0.960000000     0.000002862     1.601757037     0.012886580
     0.970000000     0.000002852     1.603812281     0.012723127
     0.980000000     0.000002870     1.605905597     0.012585392
     0.990000000     0.000002927     1.608037721     0.012479888
     1.000000000     0.000003032     1.610209410     0.012412604
     1.010000000     0.000003196     1.612421445     0.012388895
     1.020000000     0.000003434     1.614674632     0.012413397
     1.030000000     0.000003761     1.616969801     0.012489955
     1.040000000     0.000004193     1.619307808     0.012621573
     1.050000000     0.000004753     1.621689538     0.012810380
     1.060000000     0.000005463     1.624115901     0.013057623
     1.070000000     0.000006349     1.626587839     0.013363669
     1.080000000     0.000007441     1.629106322     0.013728041
     1.090000000     0.000008773     1.631672352     0.014149455
     1.100000000     0.000010381     1.634286963     0.014625890
     1.110000000     0.000012307     1.636951223     0.015154660
     1.120000000     0.000014596     1.639666235     0.015732503
     1.130000000     0.000017296     1.642433136     0.016355683
     1.140000000     0.000020462     1.645253104     0.017020087
     1.150000000     0.000024148     1.648127353     0.017721342
     1.160000000     0.000028416     1.651057139     0.018454917
     1.170000000     0.000033327     1.654043760     0.019216231
     1.180000000     0.000038946     1.657088556     0.020000756
     1.190000000     0.000045340     1.660192913     0.020804109
     1.200000000     0.000052572     1.663358266     0.021622136
     1.210000000     0.000060710     1.666586094     0.022450986
     1.220000000     0.000069813     1.669877931     0.023287163
     1.230000000     0.000079941     1.673235361     0.024127578
     1.240000000     0.000091144     1.676660021     0.024969570
     1.250000000     0.000103468     1.680153607     0.025810924
     1.260000000     0.000116947     1.683717871     0.026649865
     1.270000000     0.000131603     1.687354624     0.027485042
     1.280000000     0.000147448     1.691065740     0.028315500
     1.290000000     0.000164474     1.694853156     0.029140628
     1.300000000     0.000182659     1.698718875     0.029960118
     1.310000000     0.000201963     1.702664965     0.030773893
     1.320000000     0.000222325     1.706693565     0.031582042
     1.330000000     0.000243665     1.710806881     0.032384752
     1.340000000     0.000265882     1.715007193     0.033182230
     1.350000000     0.000288855     1.719296853     0.033974632
     1.360000000     0.000312447     1.723678287     0.034761997
     1.370000000     0.000336500     1.728153997     0.035544180
     1.380000000     0.000360847     1.732726562     0.036320798
     1.390000000     0.000385306     1.737398642     0.037091185
     1.400000000     0.000409696     1.742172982     0.037854356
     1.410000000     0.000433834     1.747052416     0.038608980
     1.420000000     0.000457548     1.752039879     0.039353374
     1.430000000     0.000480689     1.757138419     0.040085504
     1.440000000     0.000503137     1.762351217     0.040803000
     1.450000000     0.000524825     1.767681609     0.041503183
     1.460000000     0.000545749     1.773133123     0.042183113
     1.470000000     0.000565998     1.778709512     0.042839634
     1.480000000     0.000585777     1.784414800     0.043469443
     1.490000000     0.000605446     1.790253319     0.044069163
     1.500000000     0.000625557     1.796229745     0.044635417
     1.510000000     0.000646911     1.802349116     0.045164920
     1.520000000     0.000670619     1.808616828     0.045654566
     1.530000000     0.000698181     1.815038608     0.046101516
     1.540000000     0.000731582     1.821620471     0.046503295
     1.550000000     0.000773410     1.828368653     0.046857872
     1.560000000     0.000826997     1.835289554     0.047163753
     1.570000000     0.000896594     1.842389684     0.047420054
     1.580000000     0.000987576     1.849675632     0.047626573
     1.590000000     0.001106688     1.857154061     0.047783856
     1.600000000     0.001262345     1.864831722     0.047893248
     1.610000000     0.001464975     1.872715481     0.047956934
     1.620000000     0.001727425     1.880812367     0.047977972
     1.630000000     0.002065432     1.889129605     0.047960313
     1.640000000     0.002498166     1.897674661     0.047908805
     1.650000000     0.003048844     1.906455268     0.047829191
     1.660000000     0.003745426     1.915479456     0.047728086
     1.670000000     0.004621392     1.924755560     0.047612952
     1.680000000     0.005716594     1.934292232     0.047492052
     1.690000000     0.007078194     1.944098438     0.047374397
     1.700000000     0.008761656     1.954183452     0.047269675
     1.710000000     0.010831808     1.964556834     0.047188181
     1.720000000     0.013363942     1.975228415     0.047140720
     1.730000000     0.016444927     1.986208260     0.047138511
     1.740000000     0.020174314     1.997506622     0.047193074
     1.750000000     0.024665402     2.009133896     0.047316112
     1.760000000     0.030046206     2.021100538     0.047519379
     1.770000000     0.036460299     2.033416986     0.047814543
     1.780000000     0.044067457     2.046093544     0.048213040
     1.790000000     0.053044059     2.059140246     0.048725922
     1.800000000     0.063583161     2.072566686     0.049363703
     1.810000000     0.075894196     2.086381807     0.050136194
     1.820000000     0.090202214     2.100593641     0.051052349
     1.830000000     0.106746598     2.115208990     0.052120103
     1.840000000     0.125779203     2.130233033     0.053346222
     1.850000000     0.147561844     2.145668847     0.054736151
     1.860000000     0.172363102     2.161516819     0.056293883
     1.870000000     0.200454415     2.177773927     0.058021838
     1.880000000     0.232105437     2.194432868     0.059920757
     1.890000000     0.267578684     2.211480989     0.061989619
     1.900000000     0.307123492     2.228898993     0.064225584
     1.910000000     0.350969364     2.246659363     0.066623961
     1.920000000     0.399318793     2.264724459     0.069178204
     1.930000000     0.452339682     2.283044208     0.071879946
     1.940000000     0.510157529     2.301553329     0.074719056
     1.950000000     0.572847552     2.320167991     0.077683739
     1.960000000     0.640426972     2.338781820     0.080760664
     1.970000000     0.712847686     2.357261141     0.083935126
     1.980000000     0.789989576     2.375439356     0.087191237
     1.990000000     0.871654721     2.393110360     0.090512149
     2.000000000     0.957562762     2.410020912     0.093880290
     2.010000000     1.047347673     2.425861934     0.097277634
     2.020000000     1.140556172     2.440258809     0.100685971
     2.030000000     1.236647960     2.452760882     0.104087198
     2.040000000     1.334997956     2.462830613     0.107463597
     2.050000000     1.434900646     2.469833179     0.110798126
     2.060000000     1.535576575     2.473027783     0.114074687
     2.070000000     1.636180998     2.471562602     0.117278383
     2.080000000     1.735814590     2.464476032     0.120395751
     2.090000000     1.833536070     2.450707775     0.123414969
     2.100000000     1.928376530     2.429124058     0.126326031
     2.110000000     2.019355159     2.398561699     0.129120887
     2.120000000     2.105496040     2.357895283     0.131793542
     2.130000000     2.185845611     2.306129909     0.134340116
     2.140000000     2.259490359     2.242518092     0.136758868
     2.150000000     2.325574284     2.166693252     0.139050168
     2.160000000     2.383315676     2.078804316     0.141216444
     2.170000000     2.432022730     1.979627917     0.143262074
     2.180000000     2.471107570     1.870629819     0.145193257
     2.190000000     2.500098288     1.753948991     0.147017841
     2.200000000     2.518648644     1.632288850     0.148745125
     2.210000000     2.526545156     1.508719702     0.150385638
     2.220000000     2.523711383     1.386419068     0.151950890
     2.230000000     2.510209288     1.268394376     0.153453111
     2.240000000     2.486237652     1.157237919     0.154904974
     2.250000000     2.452127598     1.054954849     0.156319304
     2.260000000     2.408335398     0.962884944     0.157708793
     2.270000000     2.355432765     0.881716014     0.159085696
     2.280000000     2.294094949     0.811568740     0.160461547
     2.290000000     2.225087002     0.752123661     0.161846870
     2.300000000     2.149248599     0.702760953     0.163250906
     2.310000000     2.067477869     0.662689645     0.164681348
     2.320000000     1.980714672     0.631051571     0.166144105
     2.330000000     1.889923774     0.606993991     0.167643083
     2.340000000     1.796078351     0.589711770     0.169179999
     2.350000000     1.700144204     0.578464808     0.170754224
     2.360000000     1.603065067     0.572578738     0.172362669
     2.370000000     1.505749273     0.571437036     0.173999715
     2.380000000     1.409058046     0.574471111     0.175657185
     2.390000000     1.313795580     0.581152425     0.177324382
     2.400000000     1.220701011     0.590988257     0.178988165
     2.410000000     1.130442333     0.603520821     0.180633099
     2.420000000     1.043612231     0.618328491     0.182241653
     2.430000000     0.960725754     0.635027726     0.183794466
     2.440000000     0.882219709     0.653274557     0.185270664
     2.450000000     0.808453594     0.672764997     0.186648236
     2.460000000     0.739711889     0.693234179     0.187904449
     2.470000000     0.676207478     0.714454322     0.189016316
     2.480000000     0.618085961     0.736231802     0.189961090
     2.490000000     0.565430644     0.758403654     0.190716770
     2.500000000     0.518267963     0.780833766     0.191262637
     2.510000000     0.476573137     0.803409013     0.191579762
     2.520000000     0.440275867     0.826035472     0.191651514
     2.530000000     0.409265899     0.848634807     0.191464031
     2.540000000     0.383398339     0.871140871     0.191006639
     2.550000000     0.362498598     0.893496514     0.190272225
     2.560000000     0.346366909     0.915650584     0.189257532
     2.570000000     0.334782374     0.937555091     0.187963382
     2.580000000     0.327506525     0.959162471     0.186394806
     2.590000000     0.324286435     0.980422935     0.184561091
     2.600000000     0.324857395     1.001281841     0.182475729
     2.610000000     0.328945243     1.021677086     0.180156273
     2.620000000     0.336268391     1.041536492     0.177624109
     2.630000000     0.346539649     1.060775248     0.174904139
     2.640000000     0.359467922     1.079293473     0.172024395
     2.650000000     0.374759858     1.096974053     0.169015587
     2.660000000     0.392121519     1.113681003     0.165910597
     2.670000000     0.411260145     1.129258675     0.162743940
     2.680000000     0.431886042     1.143532259     0.159551197
     2.690000000     0.453714638     1.156310079     0.156368441
     2.700000000     0.476468701     1.167388212     0.153231667
     2.710000000     0.499880713     1.176557847     0.150176238
     2.720000000     0.523695369     1.183615531     0.147236364
     2.730000000     0.547672138     1.188376007     0.144444615
     2.740000000     0.571587833     1.190686802     0.141831485
     2.750000000     0.595239089     1.190443143     0.139425007
     2.760000000     0.618444663     1.187601556     0.137250425
     2.770000000     0.641047464     1.182190631     0.135329921
     2.780000000     0.662916188     1.174318157     0.133682408
     2.790000000     0.683946496     1.164174730     0.132323364
     2.800000000     0.704061622     1.152034521     0.131264730
     2.810000000     0.723212347     1.138253677     0.130514847
     2.820000000     0.741376292     1.123265673     0.130078434
     2.830000000     0.758556501     1.107571474     0.129956605
     2.840000000     0.774779299     1.091721709     0.130146910
     2.850000000     0.790091466     1.076289070     0.130643403
     2.860000000     0.804556775     1.061831803     0.131436735
     2.870000000     0.818251969     1.048852541     0.132514254
     2.880000000     0.831262301     1.037759037     0.133860131
     2.890000000     0.843676751     1.028833615     0.135455494
     2.900000000     0.855583091     1.022215986     0.137278585
     2.910000000     0.867062943     1.017900711     0.139304929
     2.920000000     0.878187012     1.015747250     0.141507530
     2.930000000     0.889010665     1.015498439     0.143857087
     2.940000000     0.899570025     1.016802700     0.146322240
     2.950000000     0.909878722     1.019236068     0.148869854
     2.960000000     0.919925446     1.022321556     0.151465327
     2.970000000     0.929672401     1.025544973     0.154072946
     2.980000000     0.939054737     1.028367641     0.156656275
     2.990000000     0.947981009     1.030237443     0.159178581
     3.000000000     0.956334657     1.030600158     0.161603295
     3.010000000     0.963976476     1.028913208     0.163894500
     3.020000000     0.970748019     1.024663739     0.166017448
     3.030000000     0.976475804     1.017392262     0.167939082
     3.040000000     0.980976216     1.006722005     0.169628569
     3.050000000     0.984060920     0.992392553     0.171057821
     3.060000000     0.985542617     0.974294520     0.172202001
     3.070000000     0.985240947     0.952500296     0.173039982
     3.080000000     0.982988335     0.927284765     0.173554779
     3.090000000     0.978635592     0.899129964     0.173733902
     3.100000000     0.972057080     0.868709199     0.173569650
     3.110000000     0.963155270     0.836849221     0.173059321
     3.120000000     0.951864557     0.804473109     0.172205328
     3.130000000     0.938154205     0.772530657     0.171015225
     3.140000000     0.922030347     0.741926078     0.169501637
     3.150000000     0.903536982     0.713453739     0.167682082
     3.160000000     0.882755964     0.687750954     0.165578711
     3.170000000     0.859805997     0.665272958     0.163217944
     3.180000000     0.834840692     0.646290356     0.160630034
     3.190000000     0.808045777     0.630905005     0.157848553
     3.200000000     0.779635558     0.619077742     0.154909822
     3.210000000     0.749848769     0.610660967     0.151852288
     3.220000000     0.718943946     0.605430413     0.148715877
     3.230000000     0.687194492     0.603112697     0.145541324
     3.240000000     0.654883564     0.603407318     0.142369501
     3.250000000     0.622298943     0.606003342     0.139240757
     3.260000000     0.589728035     0.610591654     0.136194280
     3.270000000     0.557453103     0.616873835     0.133267501
     3.280000000     0.525746864     0.624568498     0.130495537
     3.290000000     0.494868521     0.633415700     0.127910690
     3.300000000     0.465060293     0.643179860     0.125542009
     3.310000000     0.436544503     0.653651551     0.123414914
     3.320000000     0.409521222     0.664648453     0.121550886
     3.330000000     0.384166480     0.676015698     0.119967230
     3.340000000     0.360631028     0.687625719     0.118676905
     3.350000000     0.339039602     0.699377604     0.117688414
     3.360000000     0.319490658     0.711195786     0.117005765
     3.370000000     0.302056523     0.723027856     0.116628498
     3.380000000     0.286783881     0.734841298     0.116551756
     3.390000000     0.273694566     0.746619111     0.116766432
     3.400000000     0.262786574     0.758354540     0.117259352
     3.410000000     0.254035258     0.770045370     0.118013519
     3.420000000     0.247394651     0.781688394     0.119008406
     3.430000000     0.242798875     0.793274642     0.120220289
     3.440000000     0.240163619     0.804785747     0.121622631
     3.450000000     0.239387647     0.816191546     0.123186506
     3.460000000     0.240354335     0.827448772     0.124881063
     3.470000000     0.242933239     0.838500496     0.126674027
     3.480000000     0.246981677     0.849275987     0.128532234
     3.490000000     0.252346356     0.859690718     0.130422187
     3.500000000     0.258865028     0.869646397     0.132310640
     3.510000000     0.266368211     0.879031078     0.134165192
     3.520000000     0.274680964     0.887719586     0.135954883
     3.530000000     0.283624730     0.895574631     0.137650781
     3.540000000     0.293019247     0.902449116     0.139226555
     3.550000000     0.302684516     0.908190237     0.140659009
     3.560000000     0.312442823     0.912645905     0.141928574
     3.570000000     0.322120783     0.915673925     0.143019737
     3.580000000     0.331551387     0.917153941     0.143921399
     3.590000000     0.340576023     0.917001608     0.144627144
     3.600000000     0.349046416     0.915183609     0.145135413
     3.610000000     0.356826466     0.911731326     0.145449567
     3.620000000     0.363793927     0.906750358     0.145577843
     3.630000000     0.369841886     0.900423125     0.145533184
     3.640000000     0.374880010     0.893002659     0.145332959
     3.650000000     0.378835505     0.884797411     0.144998553
     3.660000000     0.381653782     0.876148980     0.144554867
     3.670000000     0.383298785     0.867406344     0.144029698
     3.680000000     0.383752977     0.858900859     0.143453042
     3.690000000     0.383016981     0.850925648     0.142856326
     3.700000000     0.381108879     0.843721593     0.142271583
     3.710000000     0.378063184     0.837470418     0.141730596
     3.720000000     0.373929525     0.832294165     0.141264039
     3.730000000     0.368771051     0.828259652     0.140900622
     3.740000000     0.362662640     0.825386302     0.140666281
     3.750000000     0.355688915     0.823655747     0.140583426
     3.760000000     0.347942168     0.823021630     0.140670263
     3.770000000     0.339520202     0.823418281     0.140940229
     3.780000000     0.330524192     0.824767331     0.141401528
     3.790000000     0.321056583     0.826981924     0.142056811
     3.800000000     0.311219098     0.829968878     0.142902980
     3.810000000     0.301110903     0.833629581     0.143931148
     3.820000000     0.290826949     0.837860650     0.145126743
     3.830000000     0.280456554     0.842555191     0.146469746
     3.840000000     0.270082222     0.847605197     0.147935079
     3.850000000     0.259778737     0.852905215     0.149493109
     3.860000000     0.249612522     0.858357075     0.151110276
     3.870000000     0.239641276     0.863875244     0.152749807
     3.880000000     0.229913882     0.869392158     0.154372513
     3.890000000     0.220470553     0.874862755     0.155937650
     3.900000000     0.211343232     0.880267348     0.157403807
     3.910000000     0.202556182     0.885612043     0.158729812
     3.920000000     0.194126772     0.890926175     0.159875635
     3.930000000     0.186066410     0.896256777     0.160803259
     3.940000000     0.178381611     0.901660752     0.161477500
     3.950000000     0.171075152     0.907195998     0.161866769
     3.960000000     0.164147299     0.912913054     0.161943747
     3.970000000     0.157597081     0.918848690     0.161685966
     3.980000000     0.151423579     0.925022360     0.161076285
     3.990000000     0.145627210     0.931435804     0.160103255
     4.000000000     0.140210995     0.938075414     0.158761363
     4.010000000     0.135181779     0.944916643     0.157051163
     4.020000000     0.130551400     0.951929547     0.154979278
     4.030000000     0.126337787     0.959084587     0.152558299
     4.040000000     0.122565970     0.966357929     0.149806567
     4.050000000     0.119268993     0.973735609     0.146747861
     4.060000000     0.116488706     0.981216085     0.143410987
     4.070000000     0.114276437     0.988810891     0.139829294
     4.080000000     0.112693498     0.996543386     0.136040117
     4.090000000     0.111811538     1.004445850     0.132084168
     4.100000000     0.111712685     1.012555510     0.128004885
     4.110000000     0.112489487     1.020910174     0.123847747
     4.120000000     0.114244603     1.029544199     0.119659576
     4.130000000     0.117090224     1.038485331     0.115487834
     4.140000000     0.121147205     1.047752700     0.111379929
     4.150000000     0.126543877     1.057356021     0.107382526
     4.160000000     0.133414517     1.067295800     0.103540904
     4.170000000     0.141897471     1.077564251     0.099898328
     4.180000000     0.152132911     1.088146578     0.096495472
     4.190000000     0.164260226     1.099022283     0.093369890
     4.200000000     0.178415069     1.110166285     0.090555531
     4.210000000     0.194726065     1.121549648     0.088082318
     4.220000000     0.213311237     1.133139863     0.085975781
     4.230000000     0.234274182     1.144900629     0.084256749
     4.240000000     0.257700078     1.156791156     0.082941107
     4.250000000     0.283651593     1.168764999     0.082039621
     4.260000000     0.312164802     1.180768437     0.081557814
     4.270000000     0.343245209     1.192738414     0.081495925
     4.280000000     0.376864006     1.204600022     0.081848917
     4.290000000     0.412954689     1.216263510     0.082606565
     4.300000000     0.451410165     1.227620802     0.083753599
     4.310000000     0.492080477     1.238541481     0.085269923
     4.320000000     0.534771285     1.248868265     0.087130892
     4.330000000     0.579243205     1.258411984     0.089307662
     4.340000000     0.625212110     1.266946183     0.091767595
     4.350000000     0.672350484     1.274201571     0.094474735
     4.360000000     0.720289864     1.279860694     0.097390333
     4.370000000     0.768624408     1.283553463     0.100473432
     4.380000000     0.816915570     1.284854475     0.103681494
     4.390000000     0.864697848     1.283283422     0.106971070
     4.400000000     0.911485511     1.278310357     0.110298499
     4.410000000     0.956780187     1.269367913     0.113620625
     4.420000000     1.000079176     1.255872835     0.116895522
     4.430000000     1.040884277     1.237258933     0.120083213
     4.440000000     1.078710944     1.213022744     0.123146369
     4.450000000     1.113097521     1.182781265     0.126050967
     4.460000000     1.143614333     1.146338221     0.128766906
     4.470000000     1.169872363     1.103751468     0.131268540
     4.480000000     1.191531289     1.055390345     0.133535151
     4.490000000     1.208306642     1.001969360     0.135551307
     4.500000000     1.219975883     0.944545385     0.137307131
     4.510000000     1.226383205     0.884470483     0.138798444
     4.520000000     1.227442931     0.823301383     0.140026793
     4.530000000     1.223141401     0.762676955     0.140999354
     4.540000000     1.213537283     0.704183283     0.141728710
     4.550000000     1.198760316     0.649229002     0.142232508
     4.560000000     1.179008503     0.598950214     0.142533009
     4.570000000     1.154543868     0.554156287     0.142656522
     4.580000000     1.125686874     0.515318134     0.142632759
     4.590000000     1.092809695     0.482592516     0.142494112
     4.600000000     1.056328538     0.455871169     0.142274870
     4.610000000     1.016695217     0.434842478     0.142010400
     4.620000000     0.974388251     0.419055054     0.141736315
     4.630000000     0.929903700     0.407975602     0.141487641
     4.640000000     0.883746014     0.401036769     0.141298008
     4.650000000     0.836419095     0.397673443     0.141198887
     4.660000000     0.788417826     0.397347934     0.141218890
     4.670000000     0.740220223     0.399565613     0.141383143
     4.680000000     0.692280400     0.403883026     0.141712754
     4.690000000     0.645022462     0.409910487     0.142224388
     4.700000000     0.598835421     0.417310940     0.142929946
     4.710000000     0.554069195     0.425796488     0.143836367
     4.720000000     0.511031701     0.435123650     0.144945550
     4.730000000     0.469987043     0.445088086     0.146254393
     4.740000000     0.431154732     0.455519268     0.147754953
     4.750000000     0.394709878     0.466275402     0.149434714
     4.760000000     0.360784254     0.477238760     0.151276962
     4.770000000     0.329468124     0.488311488     0.153261256
     4.780000000     0.300812704     0.499411917     0.155363975
     4.790000000     0.274833138     0.510471363     0.157558946
     4.800000000     0.251511847     0.521431378     0.159818123
     4.810000000     0.230802136     0.532241448     0.162112304
     4.820000000     0.212631922     0.542857095     0.164411886
     4.830000000     0.196907500     0.553238394     0.166687618
     4.840000000     0.183517223     0.563348913     0.168911353
     4.850000000     0.172335039     0.573155083     0.171056786
     4.860000000     0.163223806     0.582626039     0.173100140
     4.870000000     0.156038346     0.591733933     0.175020808
     4.880000000     0.150628203     0.600454667     0.176801927
     4.890000000     0.146840080     0.608768952     0.178430866
     4.900000000     0.144519962     0.616663446     0.179899623
     4.910000000     0.143514926     0.624131644     0.181205113
     4.920000000     0.143674657     0.631174098     0.182349342
     4.930000000     0.144852678     0.637797578     0.183339462
     4.940000000     0.146907351     0.644012929     0.184187693
     4.950000000     0.149702652     0.649831655     0.184911115
     4.960000000     0.153108769     0.655261626     0.185531338
     4.970000000     0.157002538     0.660302623     0.186074036
     4.980000000     0.161267773     0.664942584     0.186568370
     4.990000000     0.165795482     0.669155429     0.187046298
     5.000000000     0.170484018     0.672901106     0.187541789
     5.010000000     0.175239173     0.676128218     0.188089958
     5.020000000     0.179974224     0.678779251     0.188726139
     5.030000000     0.184609951     0.680798110     0.189484922
     5.040000000     0.189074622     0.682139347     0.190399168
     5.050000000     0.193303955     0.682778097     0.191499034
     5.060000000     0.197241052     0.682719371     0.192811036
     5.070000000     0.200836307     0.682005019     0.194357169
     5.080000000     0.204047280     0.680716607     0.196154108
     5.090000000     0.206838536     0.678972840     0.198212520
     5.100000000     0.209181444     0.676921033     0.200536509
     5.110000000     0.211053938     0.674723479     0.203123207
     5.120000000     0.212440236     0.672540854     0.205962526
     5.130000000     0.213330514     0.670515651     0.209037089
     5.140000000     0.213720547     0.668758658     0.212322348
     5.150000000     0.213611312     0.667340638     0.215786873
     5.160000000     0.213008567     0.666290109     0.219392843
     5.170000000     0.211922405     0.665596753     0.223096690
     5.180000000     0.210366802     0.665219083     0.226849921
     5.190000000     0.208359159     0.665094565     0.230600076
     5.200000000     0.205919852     0.665150440     0.234291810
     5.210000000     0.203071793     0.665313775     0.237868069
     5.220000000     0.199840024     0.665519694     0.241271344
     5.230000000     0.196251327     0.665717155     0.244444949
     5.240000000     0.192333877     0.665872091     0.247334316
     5.250000000     0.188116928     0.665968151     0.249888256
     5.260000000     0.183630542     0.666005617     0.252060160
     5.270000000     0.178905346     0.665999231     0.253809120
     5.280000000     0.173972331     0.665975587     0.255100913
     5.290000000     0.168862682     0.665970443     0.255908856
     5.300000000     0.163607626     0.666026000     0.256214492
     5.310000000     0.158238312     0.666187968     0.256008084
     5.320000000     0.152785690     0.666502333     0.255288925
     5.330000000     0.147280410     0.667011979     0.254065442
     5.340000000     0.141752719     0.667753582     0.252355100
     5.350000000     0.136232349     0.668755310     0.250184098
     5.360000000     0.130748414     0.670035697     0.247586895
     5.370000000     0.125329280     0.671603730     0.244605545
     5.380000000     0.120002442     0.673459878     0.241288890
     5.390000000     0.114794383     0.675597551     0.237691615
     5.400000000     0.109730428     0.678004556     0.233873203
     5.410000000     0.104834601     0.680664244     0.229896811
     5.420000000     0.100129471     0.683556298     0.225828097
     5.430000000     0.095636015     0.686657255     0.221734038
     5.440000000     0.091373478     0.689940930     0.217681746
     5.450000000     0.087359261     0.693378882     0.213737339
     5.460000000     0.083608817     0.696940959     0.209964866
     5.470000000     0.080135571     0.700595904     0.206425318
     5.480000000     0.076950866     0.704311981     0.203175752
     5.490000000     0.074063934     0.708057557     0.200268525
     5.500000000     0.071481891     0.711801630     0.197750664
     5.510000000     0.069209750     0.715514326     0.195663367
     5.520000000     0.067250469     0.719167419     0.194041639
     5.530000000     0.065604997     0.722734957     0.192914067
     5.540000000     0.064272352     0.726194031     0.192302716
     5.550000000     0.063249690     0.729525753     0.192223143
     5.560000000     0.062532384     0.732716373     0.192684521
     5.570000000     0.062114102     0.735758438     0.193689852
     5.580000000     0.061986871     0.738651756     0.195236251
     5.590000000     0.062141139     0.741403903     0.197315303
     5.600000000     0.062565809     0.744029949     0.199913454
     5.610000000     0.063248280     0.746551234     0.203012440
     5.620000000     0.064174449     0.748993148     0.206589735
     5.630000000     0.065328724     0.751382142     0.210619001
     5.640000000     0.066694011     0.753742409     0.215070538
     5.650000000     0.068251708     0.756092751     0.219911727
     5.660000000     0.069981700     0.758444112     0.225107453
     5.670000000     0.071862358     0.760798069     0.230620512
     5.680000000     0.073870564     0.763146346     0.236412001
     5.690000000     0.075981756     0.765471220     0.242441684
     5.700000000     0.078170008     0.767746578     0.248668348
     5.710000000     0.080408146     0.769939398     0.255050133
     5.720000000     0.082667911     0.772011466     0.261544864
     5.730000000     0.084920172     0.773921241     0.268110357
     5.740000000     0.087135181     0.775625845     0.274704740
     5.750000000     0.089282886     0.777083193     0.281286744
     5.760000000     0.091333284     0.778254256     0.287816016
     5.770000000     0.093256817     0.779105415     0.294253410
     5.780000000     0.095024806     0.779610770     0.300561289
     5.790000000     0.096609896     0.779754266     0.306703807
     5.800000000     0.097986534     0.779531436     0.312647200
     5.810000000     0.099131426     0.778950652     0.318360050
     5.820000000     0.100024000     0.778033781     0.323813543
     5.830000000     0.100646828     0.776816222     0.328981703
     5.840000000     0.100986016     0.775346285     0.333841598
     5.850000000     0.101031541     0.773683828     0.338373522
     5.860000000     0.100777518     0.771898071     0.342561131
     5.870000000     0.100222403     0.770064557     0.346391553
     5.880000000     0.099369100     0.768261345     0.349855438
     5.890000000     0.098224995     0.766564729     0.352946982
     5.900000000     0.096801894     0.765044939     0.355663882
     5.910000000     0.095115870     0.763762316     0.358007259
     5.920000000     0.093187028     0.762764455     0.359981523
     5.930000000     0.091039180     0.762084612     0.361594193
     5.940000000     0.088699458     0.761741460     0.362855676
     5.950000000     0.086197847     0.761740037     0.363778999
     5.960000000     0.083566678     0.762073587     0.364379506
     5.970000000     0.080840069     0.762725872     0.364674524
     5.980000000     0.078053340     0.763673634     0.364683001
     5.990000000     0.075242414     0.764888897     0.364425127
     6.000000000     0.072443215     0.766340979     0.363921935
     6.010000000     0.069691067     0.767998146     0.363194905
     6.020000000     0.067020126     0.769828916     0.362265565
     6.030000000     0.064462834     0.771803052     0.361155098
     6.040000000     0.062049418     0.773892291     0.359883968
     6.050000000     0.059807434     0.776070843     0.358471574
     6.060000000     0.057761365     0.778315678     0.356935923
     6.070000000     0.055932282     0.780606621     0.355293350
     6.080000000     0.054337559     0.782926259     0.353558270
     6.090000000     0.052990662     0.785259679     0.351742984
     6.100000000     0.051900993     0.787594052     0.349857531
     6.110000000     0.051073807     0.789918110     0.347909592
     6.120000000     0.050510187     0.792221560     0.345904451
     6.130000000     0.050207087     0.794494479     0.343845011
     6.140000000     0.050157433     0.796726738     0.341731862
     6.150000000     0.050350279     0.798907486     0.339563404
     6.160000000     0.050771032     0.801024725     0.337336019
     6.170000000     0.051401709     0.803065011     0.335044288
     6.180000000     0.052221264     0.805013309     0.332681254
     6.190000000     0.053205947     0.806853030     0.330238707
     6.200000000     0.054329710     0.808566259     0.327707516
     6.210000000     0.055564644     0.810134165     0.325077964
     6.220000000     0.056881458     0.811537539     0.322340107
     6.230000000     0.058249966     0.812757397     0.319484136
     6.240000000     0.059639608     0.813775573     0.316500735
     6.250000000     0.061019966     0.814575251     0.313381427
     6.260000000     0.062361294     0.815141451     0.310118910
     6.270000000     0.063635030     0.815461569     0.306707354
     6.280000000     0.064814298     0.815526134     0.303142681
     6.290000000     0.065874375     0.815329984     0.299422793
     6.300000000     0.066793130     0.814873961     0.295547769
     6.310000000     0.067551404     0.814167064     0.291520009
     6.320000000     0.068133348     0.813228741     0.287344325
     6.330000000     0.068526682     0.812090754     0.283027987
     6.340000000     0.068722894     0.810797941     0.278580705
     6.350000000     0.068717353     0.809407281     0.274014569
     6.360000000     0.068509347     0.807984993     0.269343924
     6.370000000     0.068102034     0.806601865     0.264585204
     6.380000000     0.067502308     0.805327541     0.259756706
     6.390000000     0.066720591     0.804224760     0.254878332
     6.400000000     0.065770539     0.803344587     0.249971284
     6.410000000     0.064668688     0.802723378     0.245057727
     6.420000000     0.063434030     0.802381761     0.240160422
     6.430000000     0.062087545     0.802325459     0.235302349
     6.440000000     0.060651688     0.802547445     0.230506305
     6.450000000     0.059149860     0.803030833     0.225794509
     6.460000000     0.057605855     0.803751909     0.221188209
     6.470000000     0.056043318     0.804682900     0.216707301
     6.480000000     0.054485216     0.805794239     0.212369978
     6.490000000     0.052953341     0.807056234     0.208192404
     6.500000000     0.051467853     0.808440174     0.204188435
     6.510000000     0.050046876     0.809918940     0.200369384
     6.520000000     0.048706165     0.811467239     0.196743838
     6.530000000     0.047458831     0.813061551     0.193317542
     6.540000000     0.046315155     0.814679904     0.190093338
     6.550000000     0.045282472     0.816301528     0.187071175
     6.560000000     0.044365141     0.817906491     0.184248182
     6.570000000     0.043564594     0.819475333     0.181618807
     6.580000000     0.042879453     0.820988789     0.179175014
     6.590000000     0.042305724     0.822427626     0.176906537
     6.600000000     0.041837046     0.823772660     0.174801187
     6.610000000     0.041464998     0.825005011     0.172845187
     6.620000000     0.041179439     0.826106637     0.171023551
     6.630000000     0.040968881     0.827061193     0.169320474
     6.640000000     0.040820884     0.827855200     0.167719730
     6.650000000     0.040722444     0.828479469     0.166205067
     6.660000000     0.040660389     0.828930643     0.164760585
     6.670000000     0.040621742     0.829212614     0.163371087
     6.680000000     0.040594066     0.829337540     0.162022390
     6.690000000     0.040565766     0.829326169     0.160701592
     6.700000000     0.040526349     0.829207246     0.159397283
     6.710000000     0.040466635     0.829015929     0.158099696
     6.720000000     0.040378908     0.828791360     0.156800796
     6.730000000     0.040257017     0.828573686     0.155494306
     6.740000000     0.040096422     0.828400961     0.154175671
     6.750000000     0.039894188     0.828306367     0.152841961
     6.760000000     0.039648920     0.828316102     0.151491727
     6.770000000     0.039360675     0.828448140     0.150124803
     6.780000000     0.039030818     0.828711891     0.148742084
     6.790000000     0.038661857     0.829108663     0.147345270
     6.800000000     0.038257266     0.829632686     0.145936596
     6.810000000     0.037821282     0.830272467     0.144518566
     6.820000000     0.037358708     0.831012227     0.143093689
     6.830000000     0.036874719     0.831833247     0.141664233
     6.840000000     0.036374680     0.832715017     0.140232013
     6.850000000     0.035863980     0.833636153     0.138798210
     6.860000000     0.035347893     0.834575110     0.137363233
     6.870000000     0.034831464     0.835510761     0.135926632
     6.880000000     0.034319418     0.836422902     0.134487049
     6.890000000     0.033816106     0.837292803     0.133042231
     6.900000000     0.033325475     0.838103848     0.131589079
     6.910000000     0.032851057     0.838842313     0.130123742
     6.920000000     0.032395989     0.839498274     0.128641751
     6.930000000     0.031963043     0.840066559     0.127138178
     6.940000000     0.031554668     0.840547597     0.125607814
     6.950000000     0.031173042     0.840947966     0.124045367
     6.960000000     0.030820115     0.841280399     0.122445653
     6.970000000     0.030497659     0.841563107     0.120803788
     6.980000000     0.030207297     0.841818360     0.119115361
     6.990000000     0.029950525     0.842070469     0.117376587
     7.000000000     0.029728716     0.842343453     0.115584430
     7.010000000     0.029543100     0.842658799     0.113736700
     7.020000000     0.029394738     0.843033653     0.111832100
     7.030000000     0.029284463     0.843479701     0.109870253
     7.040000000     0.029212818     0.844002803     0.107851685
     7.050000000     0.029179974     0.844603268     0.105777769
     7.060000000     0.029185645     0.845276585     0.103650650
     7.070000000     0.029228997     0.846014368     0.101473143
     7.080000000     0.029308561     0.846805323     0.099248603
     7.090000000     0.029422153     0.847636091     0.096980796
     7.100000000     0.029566809     0.848491904     0.094673761
     7.110000000     0.029738739     0.849357042     0.092331670
     7.120000000     0.029933305     0.850215107     0.089958701
     7.130000000     0.030145023     0.851049173     0.087558929
     7.140000000     0.030367599     0.851841879     0.085136231
     7.150000000     0.030593993     0.852575521     0.082694216
     7.160000000     0.030816513     0.853232250     0.080236181
     7.170000000     0.031026940     0.853794414     0.077765098
     7.180000000     0.031216676     0.854245153     0.075283616
     7.190000000     0.031376923     0.854569276     0.072794102
     7.200000000     0.031498863     0.854754447     0.070298687
     7.210000000     0.031573867     0.854792623     0.067799346
     7.220000000     0.031593696     0.854681622     0.065297975
     7.230000000     0.031550706     0.854426565     0.062796487
     7.240000000     0.031438038     0.854040892     0.060296899
     7.250000000     0.031249803     0.853546590     0.057801429
     7.260000000     0.030981232     0.852973393     0.055312568
     7.270000000     0.030628809     0.852356848     0.052833156
     7.280000000     0.030190368     0.851735456     0.050366423
     7.290000000     0.029665156     0.851147324     0.047916026
     7.300000000     0.029053859     0.850626901     0.045486059
     7.310000000     0.028358595     0.850202369     0.043081033
     7.320000000     0.027582862     0.849894056     0.040705850
     7.330000000     0.026731463     0.849713979     0.038365745
     7.340000000     0.025810386     0.849666380     0.036066210
     7.350000000     0.024826674     0.849748948     0.033812912
     7.360000000     0.023788251     0.849954387     0.031611589
     7.370000000     0.022703754     0.850272038     0.029467947
     7.380000000     0.021582333     0.850689330     0.027387548
     7.390000000     0.020433463     0.851192958     0.025375699
     7.400000000     0.019266741     0.851769761     0.023437354
     7.410000000     0.018091705     0.852407309     0.021577011
     7.420000000     0.016917648     0.853094256     0.019798634
     7.430000000     0.015753462     0.853820507     0.018105579
     7.440000000     0.014607490     0.854577265     0.016500546
     7.450000000     0.013487404     0.855356985     0.014985538
     7.460000000     0.012400110     0.856153283     0.013561846
     7.470000000     0.011351673     0.856960818     0.012230052
     7.480000000     0.010347265     0.857775170     0.010990043
     7.490000000     0.009391145     0.858592708     0.009841049
     7.500000000     0.008486655     0.859410480     0.008781692
     7.510000000     0.007636239     0.860226106     0.007810046
     7.520000000     0.006841481     0.861037684     0.006923712
     7.530000000     0.006103159     0.861843712     0.006119897
     7.540000000     0.005421307     0.862643018     0.005395498
     7.550000000     0.004795299     0.863434704     0.004747196
     7.560000000     0.004223921     0.864218091     0.004171542
     7.570000000     0.003705466     0.864992688     0.003665045
     7.580000000     0.003237820     0.865758148     0.003224258
     7.590000000     0.002818542     0.866514247     0.002845858
     7.600000000     0.002444958     0.867260858     0.002526719
     7.610000000     0.002114228     0.867997931     0.002263972
     7.620000000     0.001823425     0.868725480     0.002055068
     7.630000000     0.001569599     0.869443566     0.001897814
     7.640000000     0.001349826     0.870152291     0.001790415
     7.650000000     0.001161266     0.870851784     0.001731492
     7.660000000     0.001001194     0.871542199     0.001720093
     7.670000000     0.000867034     0.872223704     0.001755693
     7.680000000     0.000756380     0.872896480     0.001838182
     7.690000000     0.000667015     0.873560714     0.001967836
     7.700000000     0.000596911     0.874216599     0.002145279
     7.710000000     0.000544242     0.874864325     0.002371440
     7.720000000     0.000507370     0.875504082     0.002647485
     7.730000000     0.000484842     0.876136056     0.002974749
     7.740000000     0.000475379     0.876760424     0.003354655
     7.750000000     0.000477856     0.877377354     0.003788625
     7.760000000     0.000491290     0.877987002     0.004277984
     7.770000000     0.000514814     0.878589512     0.004823855
     7.780000000     0.000547665     0.879185008     0.005427056
     7.790000000     0.000589155     0.879773595     0.006087993
     7.800000000     0.000638655     0.880355352     0.006806554
     7.810000000     0.000695574     0.880930332     0.007582007
     7.820000000     0.000759342     0.881498551     0.008412908
     7.830000000     0.000829388     0.882059990     0.009297012
     7.840000000     0.000905128     0.882614580     0.010231208
     7.850000000     0.000985952     0.883162198     0.011211460
     7.860000000     0.001071211     0.883702659     0.012232771
     7.870000000     0.001160211     0.884235704     0.013289170
     7.880000000     0.001252205     0.884760991     0.014373723
     7.890000000     0.001346396     0.885278081     0.015478561
     7.900000000     0.001441930     0.885786434     0.016594951
     7.910000000     0.001537908     0.886285394     0.017713371
     7.920000000     0.001633384     0.886774191     0.018823632
     7.930000000     0.001727383     0.887251941     0.019915010
     7.940000000     0.001818905     0.887717663     0.020976408
     7.950000000     0.001906941     0.888170308     0.021996530
     7.960000000     0.001990488     0.888608808     0.022964077
     7.970000000     0.002068569     0.889032154     0.023867947
     7.980000000     0.002140241     0.889439495     0.024697446
     7.990000000     0.002204623     0.889830264     0.025442494
     8.000000000     0.002260904     0.890204320     0.026093828
     8.010000000     0.002308363     0.890562081     0.026643194
     8.020000000     0.002346384     0.890904638     0.027083516
     8.030000000     0.002374467     0.891233797     0.027409053
     8.040000000     0.002392239     0.891552049     0.027615519
     8.050000000     0.002399462     0.891862439     0.027700175
     8.060000000     0.002396038     0.892168336     0.027661897
     8.070000000     0.002382012     0.892473164     0.027501192
     8.080000000     0.002357569     0.892780108     0.027220191
     8.090000000     0.002323031     0.893091865     0.026822603
     8.100000000     0.002278849     0.893410486     0.026313630
     8.110000000     0.002225594     0.893737294     0.025699856
     8.120000000     0.002163946     0.894072917     0.024989105
     8.130000000     0.002094675     0.894417372     0.024190274
     8.140000000     0.002018630     0.894770194     0.023313150
     8.150000000     0.001936719     0.895130583     0.022368209
     8.160000000     0.001849892     0.895497530     0.021366409
     8.170000000     0.001759122     0.895869931     0.020318982
     8.180000000     0.001665388     0.896246671     0.019237225
     8.190000000     0.001569656     0.896626684     0.018132304
     8.200000000     0.001472867     0.897008986     0.017015066
     8.210000000     0.001375918     0.897392697     0.015895871
     8.220000000     0.001279650     0.897777050     0.014784449
     8.230000000     0.001184839     0.898161385     0.013689765
     8.240000000     0.001092189     0.898545144     0.012619930
     8.250000000     0.001002318     0.898927864     0.011582117
     8.260000000     0.000915764     0.899309163     0.010582519
     8.270000000     0.000832974     0.899688731     0.009626319
     8.280000000     0.000754308     0.900066317     0.008717691
     8.290000000     0.000680042     0.900441725     0.007859824
     8.300000000     0.000610370     0.900814800     0.007054954
     8.310000000     0.000545406     0.901185423     0.006304428
     8.320000000     0.000485195     0.901553507     0.005608765
     8.330000000     0.000429717     0.901918987     0.004967740
     8.340000000     0.000378895     0.902281821     0.004380468
     8.350000000     0.000332602     0.902641981     0.003845496
     8.360000000     0.000290671     0.902999454     0.003360889
     8.370000000     0.000252899     0.903354236     0.002924328
     8.380000000     0.000219060     0.903706334     0.002533192
     8.390000000     0.000188907     0.904055760     0.002184641
     8.400000000     0.000162182     0.904402532     0.001875695
     8.410000000     0.000138620     0.904746673     0.001603299
     8.420000000     0.000117957     0.905088209     0.001364385
     8.430000000     0.000099928     0.905427168     0.001155924
     8.440000000     0.000084279     0.905763580     0.000974971
     8.450000000     0.000070766     0.906097477     0.000818699
     8.460000000     0.000059156     0.906428891     0.000684426
     8.470000000     0.000049231     0.906757855     0.000569639
     8.480000000     0.000040790     0.907084404     0.000472000
     8.490000000     0.000033646     0.907408570     0.000389363
     8.500000000     0.000027631     0.907730387     0.000319770
     8.510000000     0.000022590     0.908049889     0.000261451
     8.520000000     0.000018387     0.908367107     0.000212821
     8.530000000     0.000014899     0.908682075     0.000172467
     8.540000000     0.000012020     0.908994826     0.000139146
     8.550000000     0.000009654     0.909305389     0.000111764
     8.560000000     0.000007719     0.909613797     0.000089373
     8.570000000     0.000006145     0.909920079     0.000071151
     8.580000000     0.000004870     0.910224265     0.000056393
     8.590000000     0.000003842     0.910526384     0.000044498
     8.600000000     0.000003018     0.910826465     0.000034956
     8.610000000     0.000002360     0.911124536     0.000027338
     8.620000000     0.000001838     0.911420624     0.000021286
     8.630000000     0.000001424     0.911714754     0.000016500
     8.640000000     0.000001099     0.912006955     0.000012734
     8.650000000     0.000000844     0.912297249     0.000009783
     8.660000000     0.000000646     0.912585664     0.000007483
     8.670000000     0.000000492     0.912872222     0.000005699
     8.680000000     0.000000373     0.913156947     0.000004320
     8.690000000     0.000000281     0.913439863     0.000003261
     8.700000000     0.000000211     0.913720992     0.000002450
     8.710000000     0.000000158     0.914000356     0.000001833
     8.720000000     0.000000118     0.914277977     0.000001365
     8.730000000     0.000000087     0.914553876     0.000001012
     8.740000000     0.000000064     0.914828073     0.000000747
     8.750000000     0.000000047     0.915100589     0.000000549
     8.760000000     0.000000035     0.915371444     0.000000402
     8.770000000     0.000000025     0.915640657     0.000000293
     8.780000000     0.000000018     0.915908246     0.000000212
     8.790000000     0.000000013     0.916174231     0.000000153
     8.800000000     0.000000009     0.916438629     0.000000110
     8.810000000     0.000000007     0.916701458     0.000000079
     8.820000000     0.000000005     0.916962736     0.000000056
     8.830000000     0.000000003     0.917222480     0.000000040
     8.840000000     0.000000002     0.917480706     0.000000028
     8.850000000     0.000000002     0.917737431     0.000000020
     8.860000000     0.000000001     0.917992670     0.000000014
     8.870000000     0.000000001     0.918246441     0.000000010
     8.880000000     0.000000001     0.918498757     0.000000007
     8.890000000     0.000000000     0.918749634     0.000000005
     8.900000000     0.000000000     0.918999088     0.000000003
     8.910000000     0.000000000     0.919247132     0.000000002
     8.920000000     0.000000000     0.919493781     0.000000001
     8.930000000     0.000000000     0.919739049     0.000000001
     8.940000000     0.000000000     0.919982950     0.000000001
     8.950000000     0.000000000     0.920225498     0.000000000
     8.960000000     0.000000000     0.920466705     0.000000000
     8.970000000     0.000000000     0.920706586     0.000000000
     8.980000000     0.000000000     0.920945152     0.000000000
     8.990000000     0.000000000     0.921182416     0.000000000
     9.000000000     0.000000000     0.921418392     0.000000000
     9.010000000     0.000000000     0.921653090     0.000000000
     9.020000000     0.000000000     0.921886524     0.000000000
     9.030000000     0.000000000     0.922118705     0.000000000
     9.040000000     0.000000000     0.922349645     0.000000000
     9.050000000     0.000000000     0.922579354     0.000000000
     9.060000000     0.000000000     0.922807845     0.000000000
     9.070000000     0.000000000     0.923035129     0.000000000
     9.080000000     0.000000000     0.923261217     0.000000000
     9.090000000     0.000000000     0.923486118     0.000000000
     9.100000000     0.000000000     0.923709844     0.000000000
     9.110000000     0.000000000     0.923932406     0.000000000
     9.120000000     0.000000000     0.924153814     0.000000000
     9.130000000     0.000000000     0.924374077     0.000000000
     9.140000000     0.000000000     0.924593206     0.000000000
     9.150000000     0.000000000     0.924811210     0.000000000
     9.160000000     0.000000000     0.925028100     0.000000000
     9.170000000     0.000000000     0.925243884     0.000000000
     9.180000000     0.000000000     0.925458573     0.000000000
     9.190000000     0.000000000     0.925672176     0.000000000
     9.200000000     0.000000000     0.925884701     0.000000000
     9.210000000     0.000000000     0.926096158     0.000000000
     9.220000000     0.000000000     0.926306555     0.000000000
     9.230000000     0.000000000     0.926515902     0.000000000
     9.240000000     0.000000000     0.926724208     0.000000000
     9.250000000     0.000000000     0.926931479     0.000000000
     9.260000000     0.000000000     0.927137726     0.000000000
     9.270000000     0.000000000     0.927342957     0.000000000
     9.280000000     0.000000000     0.927547179     0.000000000
     9.290000000     0.000000000     0.927750401     0.000000000
     9.300000000     0.000000000     0.927952631     0.000000000
     9.310000000     0.000000000     0.928153876     0.000000000
     9.320000000     0.000000000     0.928354145     0.000000000
     9.330000000     0.000000000     0.928553445     0.000000000
     9.340000000     0.000000000     0.928751784     0.000000000
     9.350000000     0.000000000     0.928949169     0.000000000
     9.360000000     0.000000000     0.929145608     0.000000000
     9.370000000     0.000000000     0.929341108     0.000000000
     9.380000000     0.000000000     0.929535676     0.000000000
     9.390000000     0.000000000     0.929729320     0.000000000
     9.400000000     0.000000000     0.929922046     0.000000000
     9.410000000     0.000000000     0.930113862     0.000000000
     9.420000000     0.000000000     0.930304774     0.000000000
     9.430000000     0.000000000     0.930494790     0.000000000
     9.440000000     0.000000000     0.930683915     0.000000000
     9.450000000     0.000000000     0.930872157     0.000000000
     9.460000000     0.000000000     0.931059522     0.000000000
     9.470000000     0.000000000     0.931246016     0.000000000
     9.480000000     0.000000000     0.931431647     0.000000000
     9.490000000     0.000000000     0.931616420     0.000000000
     9.500000000     0.000000000     0.931800342     0.000000000
     9.510000000     0.000000000     0.931983419     0.000000000
     9.520000000     0.000000000     0.932165657     0.000000000
     9.530000000     0.000000000     0.932347062     0.000000000
     9.540000000     0.000000000     0.932527640     0.000000000
     9.550000000     0.000000000     0.932707397     0.000000000
     9.560000000     0.000000000     0.932886340     0.000000000
     9.570000000     0.000000000     0.933064472     0.000000000
     9.580000000     0.000000000     0.933241802     0.000000000
     9.590000000     0.000000000     0.933418333     0.000000000
     9.600000000     0.000000000     0.933594073     0.000000000
     9.610000000     0.000000000     0.933769025     0.000000000
     9.620000000     0.000000000     0.933943197     0.000000000
     9.630000000     0.000000000     0.934116593     0.000000000
     9.640000000     0.000000000     0.934289219     0.000000000
     9.650000000     0.000000000     0.934461079     0.000000000
     9.660000000     0.000000000     0.934632180     0.000000000
     9.670000000     0.000000000     0.934802526     0.000000000
     9.680000000     0.000000000     0.934972123     0.000000000
     9.690000000     0.000000000     0.935140976     0.000000000
     9.700000000     0.000000000     0.935309090     0.000000000
     9.710000000     0.000000000     0.935476469     0.000000000
     9.720000000     0.000000000     0.935643119     0.000000000
     9.730000000     0.000000000     0.935809045     0.000000000
     9.740000000     0.000000000     0.935974252     0.000000000
     9.750000000     0.000000000     0.936138744     0.000000000
     9.760000000     0.000000000     0.936302526     0.000000000
     9.770000000     0.000000000     0.936465603     0.000000000
     9.780000000     0.000000000     0.936627979     0.000000000
     9.790000000     0.000000000     0.936789660     0.000000000
     9.800000000     0.000000000     0.936950649     0.000000000
     9.810000000     0.000000000     0.937110951     0.000000000
     9.820000000     0.000000000     0.937270572     0.000000000
     9.830000000     0.000000000     0.937429514     0.000000000
     9.840000000     0.000000000     0.937587783     0.000000000
     9.850000000     0.000000000     0.937745383     0.000000000
     9.860000000     0.000000000     0.937902318     0.000000000
     9.870000000     0.000000000     0.938058593     0.000000000
     9.880000000     0.000000000     0.938214211     0.000000000
     9.890000000     0.000000000     0.938369177     0.000000000
     9.900000000     0.000000000     0.938523496     0.000000000
     9.910000000     0.000000000     0.938677171     0.000000000
     9.920000000     0.000000000     0.938830206     0.000000000
     9.930000000     0.000000000     0.938982605     0.000000000
     9.940000000     0.000000000     0.939134373     0.000000000
     9.950000000     0.000000000     0.939285513     0.000000000
     9.960000000     0.000000000     0.939436030     0.000000000
     9.970000000     0.000000000     0.939585926     0.000000000
     9.980000000     0.000000000     0.939735207     0.000000000
     9.990000000     0.000000000     0.939883875     0.000000000
    10.000000000     0.000000000     0.940031935     0.000000000
