# spin    band          kx          ky          kz          E(MF)          E(QP)        Delta E
#                        (Cartesian coordinates)             (eV)           (eV)           (eV)
     1      62     0.00000     0.00000     0.01232   -3.506890865   -3.508652079   -0.001761214
     1      62     0.00000     0.00000     0.03696   -3.626676356   -3.666520103   -0.039843747
     1      62     0.00000     0.00000     0.06160   -3.827982221   -3.939631125   -0.111648904
     1      62     0.00000     0.00000     0.08624   -4.074236819   -4.223602049   -0.149365231
     1      62     0.00000     0.00000     0.11088   -4.340817745   -4.490552593   -0.149734848
     1      62     0.00000     0.00000     0.13552   -4.618059173   -4.819768115   -0.201708942
     1      62     0.00000     0.00000     0.16017   -4.898286787   -5.199429297   -0.301142509
     1      62     0.00000     0.00000     0.18481   -4.906140548   -5.259277631   -0.353137083
     1      62     0.00000     0.00000     0.20945   -4.864293953   -5.217630975   -0.353337022
     1      62     0.00000     0.00000     0.23409   -4.823494897   -5.173374529   -0.349879632
     1      62     0.00000     0.00000     0.25873   -4.782719594   -5.126018025   -0.343298431
     1      62     0.00000     0.00000     0.28337   -4.862644926   -5.210732858   -0.348087931
     1      62     0.00000     0.00000     0.30801   -5.056791418   -5.405159346   -0.348367928
     1      62     0.00000     0.00000     0.33265   -5.246617466   -5.624192933   -0.377575467
     1      62     0.00000     0.00000     0.35729   -5.430154262   -5.869056863   -0.438902601
     1      62     0.00000     0.00000     0.38193   -5.606163684   -6.076143001   -0.469979317
     1      62     0.00000     0.00000    -0.38193   -5.606163684   -6.076143090   -0.469979406
     1      62     0.00000     0.00000    -0.35729   -5.430154262   -5.869078471   -0.438924209
     1      62     0.00000     0.00000    -0.33265   -5.246617466   -5.615349925   -0.368732459
     1      62     0.00000     0.00000    -0.30801   -5.056791418   -5.405243652   -0.348452234
     1      62     0.00000     0.00000    -0.28337   -4.862644926   -5.210817227   -0.348172301
     1      62     0.00000     0.00000    -0.25873   -4.782719594   -5.125973470   -0.343253876
     1      62     0.00000     0.00000    -0.23409   -4.823494897   -5.173317173   -0.349822276
     1      62     0.00000     0.00000    -0.20945   -4.864293953   -5.217566866   -0.353272913
     1      62     0.00000     0.00000    -0.18481   -4.906140548   -5.259213673   -0.353073126
     1      62     0.00000     0.00000    -0.16017   -4.898286787   -5.199408933   -0.301122146
     1      62     0.00000     0.00000    -0.13552   -4.618059173   -4.819831235   -0.201772062
     1      62     0.00000     0.00000    -0.11088   -4.340817745   -4.490659330   -0.149841584
     1      62     0.00000     0.00000    -0.08624   -4.074236819   -4.223708853   -0.149472034
     1      62     0.00000     0.00000    -0.06160   -3.827982221   -3.939710667   -0.111728446
     1      62     0.00000     0.00000    -0.03696   -3.626676356   -3.666547572   -0.039871216
     1      62     0.00000     0.00000    -0.01232   -3.506890865   -3.508652192   -0.001761327
     1      63     0.00000     0.00000     0.01232   -3.080931818   -3.023326343    0.057605475
     1      63     0.00000     0.00000     0.03696   -3.131541278   -3.099114913    0.032426365
     1      63     0.00000     0.00000     0.06160   -3.227693459   -3.243448105   -0.015754646
     1      63     0.00000     0.00000     0.08624   -3.358641391   -3.398933894   -0.040292504
     1      63     0.00000     0.00000     0.11088   -3.515078304   -3.556287192   -0.041208888
     1      63     0.00000     0.00000     0.13552   -3.687077193   -3.769869781   -0.082792588
     1      63     0.00000     0.00000     0.16017   -3.873821261   -4.036185553   -0.162364292
     1      63     0.00000     0.00000     0.18481   -4.066816396   -4.270764388   -0.203947992
     1      63     0.00000     0.00000     0.20945   -4.261431002   -4.465702731   -0.204271729
     1      63     0.00000     0.00000     0.23409   -4.461901769   -4.703146984   -0.241245215
     1      63     0.00000     0.00000     0.25873   -4.663917614   -4.975136258   -0.311218644
     1      63     0.00000     0.00000     0.28337   -4.746310556   -5.086116973   -0.339806417
     1      63     0.00000     0.00000     0.30801   -4.711576541   -5.051362575   -0.339786034
     1      63     0.00000     0.00000     0.33265   -4.685923263   -5.024220624   -0.338297360
     1      63     0.00000     0.00000     0.35729   -4.666960186   -5.002408922   -0.335448737
     1      63     0.00000     0.00000     0.38193   -4.657304381   -4.990764562   -0.333460181
     1      63     0.00000     0.00000    -0.38193   -4.657304381   -4.990764522   -0.333460141
     1      63     0.00000     0.00000    -0.35729   -4.666960186   -5.002399282   -0.335439097
     1      63     0.00000     0.00000    -0.33265   -4.685923263   -5.024192614   -0.338269350
     1      63     0.00000     0.00000    -0.30801   -4.711576541   -5.051324964   -0.339748424
     1      63     0.00000     0.00000    -0.28337   -4.746310556   -5.086079295   -0.339768739
     1      63     0.00000     0.00000    -0.25873   -4.663917614   -4.975214383   -0.311296769
     1      63     0.00000     0.00000    -0.23409   -4.461901769   -4.703212922   -0.241311152
     1      63     0.00000     0.00000    -0.20945   -4.261431002   -4.465762382   -0.204331380
     1      63     0.00000     0.00000    -0.18481   -4.066816396   -4.270823960   -0.204007565
     1      63     0.00000     0.00000    -0.16017   -3.873821261   -4.036232386   -0.162411125
     1      63     0.00000     0.00000    -0.13552   -3.687077193   -3.769892235   -0.082815042
     1      63     0.00000     0.00000    -0.11088   -3.515078304   -3.556296907   -0.041218602
     1      63     0.00000     0.00000    -0.08624   -3.358641391   -3.398943754   -0.040302363
     1      63     0.00000     0.00000    -0.06160   -3.227693459   -3.243455293   -0.015761834
     1      63     0.00000     0.00000    -0.03696   -3.131541278   -3.099117387    0.032423891
     1      63     0.00000     0.00000    -0.01232   -3.080931818   -3.023326353    0.057605465
     1      64     0.00000     0.00000     0.01232   -3.079627677   -3.022063499    0.057564178
     1      64     0.00000     0.00000     0.03696   -3.131256614   -3.098697139    0.032559475
     1      64     0.00000     0.00000     0.06160   -3.225680996   -3.240968797   -0.015287801
     1      64     0.00000     0.00000     0.08624   -3.357587185   -3.398520941   -0.040933756
     1      64     0.00000     0.00000     0.11088   -3.514647070   -3.555214165   -0.040567095
     1      64     0.00000     0.00000     0.13552   -3.685300071   -3.767494086   -0.082194016
     1      64     0.00000     0.00000     0.16017   -3.871898629   -4.033747052   -0.161848423
     1      64     0.00000     0.00000     0.18481   -4.064320719   -4.267796063   -0.203475344
     1      64     0.00000     0.00000     0.20945   -4.260923748   -4.464722578   -0.203798830
     1      64     0.00000     0.00000     0.23409   -4.461272940   -4.701941056   -0.240668117
     1      64     0.00000     0.00000     0.25873   -4.663832765   -4.975827896   -0.311995130
     1      64     0.00000     0.00000     0.28337   -4.745955339   -5.085840782   -0.339885443
     1      64     0.00000     0.00000     0.30801   -4.710759433   -5.050624067   -0.339864634
     1      64     0.00000     0.00000     0.33265   -4.684411159   -5.022639303   -0.338228144
     1      64     0.00000     0.00000     0.35729   -4.665895708   -5.000992378   -0.335096671
     1      64     0.00000     0.00000     0.38193   -4.656205659   -4.990165722   -0.333960063
     1      64     0.00000     0.00000    -0.38193   -4.656205659   -4.990165682   -0.333960023
     1      64     0.00000     0.00000    -0.35729   -4.665895708   -5.000982710   -0.335087002
     1      64     0.00000     0.00000    -0.33265   -4.684411159   -5.022611211   -0.338200052
     1      64     0.00000     0.00000    -0.30801   -4.710759433   -5.050586346   -0.339826913
     1      64     0.00000     0.00000    -0.28337   -4.745955339   -5.085802993   -0.339847654
     1      64     0.00000     0.00000    -0.25873   -4.663832765   -4.975905863   -0.312073098
     1      64     0.00000     0.00000    -0.23409   -4.461272940   -4.702007233   -0.240734293
     1      64     0.00000     0.00000    -0.20945   -4.260923748   -4.464782510   -0.203858761
     1      64     0.00000     0.00000    -0.18481   -4.064320719   -4.267855917   -0.203535197
     1      64     0.00000     0.00000    -0.16017   -3.871898629   -4.033794147   -0.161895518
     1      64     0.00000     0.00000    -0.13552   -3.685300071   -3.767516768   -0.082216697
     1      64     0.00000     0.00000    -0.11088   -3.514647070   -3.555224088   -0.040577018
     1      64     0.00000     0.00000    -0.08624   -3.357587185   -3.398530593   -0.040943408
     1      64     0.00000     0.00000    -0.06160   -3.225680996   -3.240976140   -0.015295144
     1      64     0.00000     0.00000    -0.03696   -3.131256614   -3.098699666    0.032556948
     1      64     0.00000     0.00000    -0.01232   -3.079627677   -3.022063509    0.057564167
     1      65     0.00000     0.00000     0.01232   -2.478213981   -0.753940511    1.724273470
     1      65     0.00000     0.00000     0.03696   -2.376522986   -0.630265039    1.746257947
     1      65     0.00000     0.00000     0.06160   -2.195992805   -0.407666981    1.788325824
     1      65     0.00000     0.00000     0.08624   -1.961004918   -0.150694666    1.810310252
     1      65     0.00000     0.00000     0.11088   -1.692768493    0.117811825    1.810580317
     1      65     0.00000     0.00000     0.13552   -1.407267467    0.446861670    1.854129137
     1      65     0.00000     0.00000     0.16017   -1.114802143    0.822659017    1.937461160
     1      65     0.00000     0.00000     0.18481   -0.939503939    0.893634727    1.833138667
     1      65     0.00000     0.00000     0.20945   -0.788172189    1.044241213    1.832413402
     1      65     0.00000     0.00000     0.23409   -0.631360275    1.224133480    1.855493755
     1      65     0.00000     0.00000     0.25873   -0.468362571    1.431296100    1.899658672
     1      65     0.00000     0.00000     0.28337   -0.447984477    1.440050806    1.888035283
     1      65     0.00000     0.00000     0.30801   -0.531979475    1.357090399    1.889069874
     1      65     0.00000     0.00000     0.33265   -0.600246959    1.280494922    1.880741881
     1      65     0.00000     0.00000     0.35729   -0.645910383    1.221241148    1.867151531
     1      65     0.00000     0.00000     0.38193   -0.670000700    1.191580696    1.861581396
     1      65     0.00000     0.00000    -0.38193   -0.670000700    1.191580657    1.861581357
     1      65     0.00000     0.00000    -0.35729   -0.645910383    1.221231617    1.867142000
     1      65     0.00000     0.00000    -0.33265   -0.600246959    1.280467229    1.880714188
     1      65     0.00000     0.00000    -0.30801   -0.531979475    1.357053208    1.889032682
     1      65     0.00000     0.00000    -0.28337   -0.447984477    1.440013625    1.887998103
     1      65     0.00000     0.00000    -0.25873   -0.468362571    1.431366353    1.899728924
     1      65     0.00000     0.00000    -0.23409   -0.631360275    1.224197029    1.855557304
     1      65     0.00000     0.00000    -0.20945   -0.788172189    1.044301258    1.832473447
     1      65     0.00000     0.00000    -0.18481   -0.939503939    0.893694567    1.833198506
     1      65     0.00000     0.00000    -0.16017   -1.114802143    0.822769714    1.937571857
     1      65     0.00000     0.00000    -0.13552   -1.407267467    0.446978560    1.854246027
     1      65     0.00000     0.00000    -0.11088   -1.692768493    0.117931950    1.810700443
     1      65     0.00000     0.00000    -0.08624   -1.961004918   -0.150574653    1.810430265
     1      65     0.00000     0.00000    -0.06160   -2.195992805   -0.407577602    1.788415203
     1      65     0.00000     0.00000    -0.03696   -2.376522986   -0.630234278    1.746288707
     1      65     0.00000     0.00000    -0.01232   -2.478213981   -0.753940385    1.724273596
     1      66     0.00000     0.00000     0.01232   -2.077408566   -0.320574127    1.756834440
     1      66     0.00000     0.00000     0.03696   -1.975571144   -0.194855401    1.780715743
     1      66     0.00000     0.00000     0.06160   -1.795488529    0.036406736    1.831895265
     1      66     0.00000     0.00000     0.08624   -1.558379733    0.299277420    1.857657153
     1      66     0.00000     0.00000     0.11088   -1.347861149    0.388212970    1.736074119
     1      66     0.00000     0.00000     0.13552   -1.221157084    0.539705079    1.760862164
     1      66     0.00000     0.00000     0.16017   -1.084062571    0.724268632    1.808331203
     1      66     0.00000     0.00000     0.18481   -0.937846026    0.894371773    1.832217799
     1      66     0.00000     0.00000     0.20945   -0.787288171    1.046047049    1.833335219
     1      66     0.00000     0.00000     0.23409   -0.630645344    1.225599796    1.856245140
     1      66     0.00000     0.00000     0.25873   -0.466621034    1.433462925    1.900083959
     1      66     0.00000     0.00000     0.28337   -0.447891402    1.441304228    1.889195629
     1      66     0.00000     0.00000     0.30801   -0.531957760    1.355886358    1.887844117
     1      66     0.00000     0.00000     0.33265   -0.599963699    1.282082216    1.882045915
     1      66     0.00000     0.00000     0.35729   -0.645692697    1.222912660    1.868605357
     1      66     0.00000     0.00000     0.38193   -0.669190460    1.190858834    1.860049295
     1      66     0.00000     0.00000    -0.38193   -0.669190460    1.190858795    1.860049255
     1      66     0.00000     0.00000    -0.35729   -0.645692697    1.222903128    1.868595825
     1      66     0.00000     0.00000    -0.33265   -0.599963699    1.282054518    1.882018216
     1      66     0.00000     0.00000    -0.30801   -0.531957760    1.355849173    1.887806933
     1      66     0.00000     0.00000    -0.28337   -0.447891402    1.441267149    1.889158550
     1      66     0.00000     0.00000    -0.25873   -0.466621034    1.433533209    1.900154243
     1      66     0.00000     0.00000    -0.23409   -0.630645344    1.225663256    1.856308600
     1      66     0.00000     0.00000    -0.20945   -0.787288171    1.046106942    1.833395113
     1      66     0.00000     0.00000    -0.18481   -0.937846026    0.894431766    1.832277793
     1      66     0.00000     0.00000    -0.16017   -1.084062571    0.724318979    1.808381550
     1      66     0.00000     0.00000    -0.13552   -1.221157084    0.539737260    1.760894344
     1      66     0.00000     0.00000    -0.11088   -1.347861149    0.388235674    1.736096822
     1      66     0.00000     0.00000    -0.08624   -1.558379733    0.299403667    1.857783400
     1      66     0.00000     0.00000    -0.06160   -1.795488529    0.036500759    1.831989287
     1      66     0.00000     0.00000    -0.03696   -1.975571144   -0.194823437    1.780747707
     1      66     0.00000     0.00000    -0.01232   -2.077408566   -0.320573994    1.756834573
     1      67     0.00000     0.00000     0.01232   -2.076302477   -0.320776490    1.755525987
     1      67     0.00000     0.00000     0.03696   -1.975437696   -0.192841359    1.782596336
     1      67     0.00000     0.00000     0.06160   -1.793771228    0.035181412    1.828952640
     1      67     0.00000     0.00000     0.08624   -1.556741011    0.297566183    1.854307194
     1      67     0.00000     0.00000     0.11088   -1.347710509    0.389193144    1.736903654
     1      67     0.00000     0.00000     0.13552   -1.219691781    0.541493642    1.761185422
     1      67     0.00000     0.00000     0.16017   -1.083109680    0.724725552    1.807835232
     1      67     0.00000     0.00000     0.18481   -0.820241209    1.160768771    1.981009980
     1      67     0.00000     0.00000     0.20945   -0.527690520    1.453660416    1.981350936
     1      67     0.00000     0.00000     0.23409   -0.240886052    1.779623505    2.020509557
     1      67     0.00000     0.00000     0.25873   -0.350953362    1.576215117    1.927168479
     1      67     0.00000     0.00000     0.28337   -0.297345542    1.625393465    1.922739007
     1      67     0.00000     0.00000     0.30801   -0.121767918    1.801167932    1.922935850
     1      67     0.00000     0.00000     0.33265    0.060083222    2.007704103    1.947620880
     1      67     0.00000     0.00000     0.35729    0.249292959    2.244149621    1.994856662
     1      67     0.00000     0.00000     0.38193    0.441713506    2.463838291    2.022124785
     1      67     0.00000     0.00000    -0.38193    0.441713506    2.463838368    2.022124863
     1      67     0.00000     0.00000    -0.35729    0.249292959    2.244168509    1.994875550
     1      67     0.00000     0.00000    -0.33265    0.060083222    2.007758985    1.947675762
     1      67     0.00000     0.00000    -0.30801   -0.121767918    1.801241625    1.923009542
     1      67     0.00000     0.00000    -0.28337   -0.297345542    1.625467221    1.922812763
     1      67     0.00000     0.00000    -0.25873   -0.350953362    1.576163634    1.927116996
     1      67     0.00000     0.00000    -0.23409   -0.240886052    1.779724109    2.020610160
     1      67     0.00000     0.00000    -0.20945   -0.527690520    1.453767836    1.981458356
     1      67     0.00000     0.00000    -0.18481   -0.820241209    1.160876232    1.981117441
     1      67     0.00000     0.00000    -0.16017   -1.083109680    0.724776343    1.807886022
     1      67     0.00000     0.00000    -0.13552   -1.219691781    0.541526828    1.761218609
     1      67     0.00000     0.00000    -0.11088   -1.347710509    0.389217215    1.736927724
     1      67     0.00000     0.00000    -0.08624   -1.556741011    0.297691069    1.854432080
     1      67     0.00000     0.00000    -0.06160   -1.793771228    0.035274323    1.829045550
     1      67     0.00000     0.00000    -0.03696   -1.975437696   -0.192809002    1.782628694
     1      67     0.00000     0.00000    -0.01232   -2.076302477   -0.320776359    1.755526119
     1      68     0.00000     0.00000     0.01232   -1.922345216   -0.259328442    1.663016773
     1      68     0.00000     0.00000     0.03696   -1.799605335   -0.117857920    1.681747415
     1      68     0.00000     0.00000     0.06160   -1.595408812    0.122150316    1.717559128
     1      68     0.00000     0.00000     0.08624   -1.469677209    0.266780140    1.736457349
     1      68     0.00000     0.00000     0.11088   -1.286215656    0.571729500    1.857945155
     1      68     0.00000     0.00000     0.13552   -0.995376357    0.909736695    1.905113051
     1      68     0.00000     0.00000     0.16017   -0.692584022    1.302750078    1.995334099
     1      68     0.00000     0.00000     0.18481   -0.384789841    1.657692865    2.042482706
     1      68     0.00000     0.00000     0.20945   -0.119056570    1.923028385    2.042084955
     1      68     0.00000     0.00000     0.23409   -0.239186222    1.762829584    2.002015807
     1      68     0.00000     0.00000     0.25873   -0.350227636    1.562450899    1.912678535
     1      68     0.00000     0.00000     0.28337   -0.294572153    1.628421717    1.922993870
     1      68     0.00000     0.00000     0.30801   -0.119820259    1.803372202    1.923192461
     1      68     0.00000     0.00000     0.33265    0.062255713    2.010727728    1.948472016
     1      68     0.00000     0.00000     0.35729    0.249989867    2.246835097    1.996845230
     1      68     0.00000     0.00000     0.38193    0.441774110    2.461315522    2.019541412
     1      68     0.00000     0.00000    -0.38193    0.441774110    2.461315599    2.019541490
     1      68     0.00000     0.00000    -0.35729    0.249989867    2.246854009    1.996864142
     1      68     0.00000     0.00000    -0.33265    0.062255713    2.010782681    1.948526969
     1      68     0.00000     0.00000    -0.30801   -0.119820259    1.803445989    1.923266248
     1      68     0.00000     0.00000    -0.28337   -0.294572153    1.628495567    1.923067721
     1      68     0.00000     0.00000    -0.25873   -0.350227636    1.562449847    1.912677484
     1      68     0.00000     0.00000    -0.23409   -0.239186222    1.763155872    2.002342094
     1      68     0.00000     0.00000    -0.20945   -0.119056570    1.923388894    2.042445464
     1      68     0.00000     0.00000    -0.18481   -0.384789841    1.657810918    2.042600759
     1      68     0.00000     0.00000    -0.16017   -0.692584022    1.302870257    1.995454279
     1      68     0.00000     0.00000    -0.13552   -0.995376357    0.909860945    1.905237301
     1      68     0.00000     0.00000    -0.11088   -1.286215656    0.571855860    1.858071516
     1      68     0.00000     0.00000    -0.08624   -1.469677209    0.266803834    1.736481043
     1      68     0.00000     0.00000    -0.06160   -1.595408812    0.122071899    1.717480711
     1      68     0.00000     0.00000    -0.03696   -1.799605335   -0.117811510    1.681793825
     1      68     0.00000     0.00000    -0.01232   -1.922345216   -0.259328321    1.663016895
