          19  0.932614119435222       0.000000000000000E+000
  0.000000000000000E+000  1.000000000000000E-003
 (0.997625721534982,4.703297264188231E-023)
  0.997625721534982       0.000000000000000E+000  0.000000000000000E+000
  0.000000000000000E+000
  0.609379831963544       0.000000000000000E+000  0.000000000000000E+000
  0.125000000000000     
  0.609379831963361       0.000000000000000E+000  0.000000000000000E+000
 -0.125000000000000     
  0.722304285706532       0.000000000000000E+000  0.000000000000000E+000
  0.250000000000000     
  0.722304285706293       0.000000000000000E+000  0.000000000000000E+000
 -0.250000000000000     
  0.792878325079905       0.000000000000000E+000  0.000000000000000E+000
  0.375000000000000     
  0.792878325079822       0.000000000000000E+000  0.000000000000000E+000
 -0.375000000000000     
  0.836825865395276       0.000000000000000E+000  0.000000000000000E+000
  0.500000000000000     
  0.836825865395416       0.000000000000000E+000  0.000000000000000E+000
 -0.500000000000000     
  0.867307203409924       0.000000000000000E+000  0.000000000000000E+000
 -0.625000000000000     
  0.867307203409544       0.000000000000000E+000  0.000000000000000E+000
  0.625000000000000     
  0.890390305095053       0.000000000000000E+000  0.000000000000000E+000
 -0.750000000000000     
  0.890390305094338       0.000000000000000E+000  0.000000000000000E+000
  0.750000000000000     
  0.908771684768851       0.000000000000000E+000  0.000000000000000E+000
 -0.875000000000000     
  0.908771684768070       0.000000000000000E+000  0.000000000000000E+000
  0.875000000000000     
  0.924110073975717       0.000000000000000E+000  0.000000000000000E+000
   1.00000000000000     
  0.923888856935813       0.000000000000000E+000  0.000000000000000E+000
  -1.00000000000000     
  0.936638778476608       0.000000000000000E+000  0.000000000000000E+000
   1.12500000000000     
  0.936638778477202       0.000000000000000E+000  0.000000000000000E+000
  -1.12500000000000     
