 -------  Norm of dcc matrices : Spins =            1  -------
           k-point           ik_co    c   dist    |dcc|^2      
---------------------------------------------------------------
 (  0.059 ,  0.046 ,  0.039 )    1    1  0.054   0.957545
 (  0.059 ,  0.046 ,  0.039 )    1    2  0.054   0.981752
 (  0.059 ,  0.046 ,  0.164 )    2    1  0.093   0.942045
 (  0.059 ,  0.046 ,  0.164 )    2    2  0.093   0.937130
 (  0.059 ,  0.046 ,  0.289 )    2    1  0.078   0.941153
 (  0.059 ,  0.046 ,  0.289 )    2    2  0.078   0.978363
 (  0.059 ,  0.046 ,  0.414 )   10    1  0.058   0.943273
 (  0.059 ,  0.046 ,  0.414 )   10    2  0.058   0.982029
 (  0.059 ,  0.046 , -0.461 )   12    1  0.115   0.940170
 (  0.059 ,  0.046 , -0.461 )   12    2  0.115   0.957314
 (  0.059 ,  0.046 , -0.336 )   12    1  0.062   0.939027
 (  0.059 ,  0.046 , -0.336 )   12    2  0.062   0.978056
 (  0.059 ,  0.046 , -0.211 )    4    1  0.073   0.940198
 (  0.059 ,  0.046 , -0.211 )    4    2  0.073   0.954352
 (  0.059 ,  0.046 , -0.086 )    4    1  0.099   0.978984
 (  0.059 ,  0.046 , -0.086 )    4    2  0.099   0.865226
 (  0.059 ,  0.171 ,  0.039 )    9    1  0.083   0.952158
 (  0.059 ,  0.171 ,  0.039 )    9    2  0.083   0.939341
 (  0.059 ,  0.171 ,  0.164 )   18    1  0.092   0.952720
 (  0.059 ,  0.171 ,  0.164 )   18    2  0.092   0.953876
 (  0.059 ,  0.171 ,  0.289 )   18    1  0.114   0.874624
 (  0.059 ,  0.171 ,  0.289 )   18    2  0.114   0.927892
 (  0.059 ,  0.171 ,  0.414 )   24    1  0.077   0.952845
 (  0.059 ,  0.171 ,  0.414 )   24    2  0.077   0.985009
 (  0.059 ,  0.171 ,  0.539 )   48    1  0.108   0.945469
 (  0.059 ,  0.171 ,  0.539 )   48    2  0.108   0.979141
 (  0.059 ,  0.171 , -0.336 )   48    1  0.096   0.936457
 (  0.059 ,  0.171 , -0.336 )   48    2  0.096   0.991624
 (  0.059 ,  0.171 , -0.211 )   72    1  0.080   0.937222
 (  0.059 ,  0.171 , -0.211 )   72    2  0.080   0.989709
 (  0.059 ,  0.171 , -0.086 )    9    1  0.128   0.911152
 (  0.059 ,  0.171 , -0.086 )    9    2  0.128   0.853780
 (  0.059 ,  0.296 ,  0.039 )    9    1  0.085   0.940550
 (  0.059 ,  0.296 ,  0.039 )    9    2  0.085   0.972808
 (  0.059 ,  0.296 ,  0.164 )   18    1  0.126   0.869426
 (  0.059 ,  0.296 ,  0.164 )   18    2  0.126   0.912775
 (  0.059 ,  0.296 ,  0.289 )   18    1  0.093   0.959735
 (  0.059 ,  0.296 ,  0.289 )   18    2  0.093   0.974468
 (  0.059 ,  0.296 ,  0.414 )   24    1  0.093   0.946591
 (  0.059 ,  0.296 ,  0.414 )   24    2  0.093   0.981362
 (  0.059 ,  0.296 ,  0.539 )   24    1  0.125   0.939059
 (  0.059 ,  0.296 ,  0.539 )   24    2  0.125   0.987024
 (  0.059 ,  0.296 , -0.336 )   48    1  0.085   0.944457
 (  0.059 ,  0.296 , -0.336 )   48    2  0.085   0.985149
 (  0.059 ,  0.296 , -0.211 )   72    1  0.107   0.946791
 (  0.059 ,  0.296 , -0.211 )   72    2  0.107   0.990983
 (  0.059 ,  0.296 , -0.086 )   72    1  0.107   0.920679
 (  0.059 ,  0.296 , -0.086 )   72    2  0.107   0.988136
 (  0.059 ,  0.421 ,  0.039 )   17    1  0.053   0.944817
 (  0.059 ,  0.421 ,  0.039 )   17    2  0.053   0.981934
 (  0.059 ,  0.421 ,  0.164 )   35    1  0.084   0.951358
 (  0.059 ,  0.421 ,  0.164 )   35    2  0.084   0.981523
 (  0.059 ,  0.421 ,  0.289 )   35    1  0.084   0.949900
 (  0.059 ,  0.421 ,  0.289 )   35    2  0.084   0.986894
 (  0.059 ,  0.421 ,  0.414 )   84    1  0.053   0.973780
 (  0.059 ,  0.421 ,  0.414 )   84    2  0.053   0.972624
 (  0.059 ,  0.421 ,  0.539 )   90    1  0.107   0.947518
 (  0.059 ,  0.421 ,  0.539 )   90    2  0.107   0.975534
 (  0.059 , -0.579 , -0.336 )   90    1  0.065   0.947953
 (  0.059 , -0.579 , -0.336 )   90    2  0.065   0.997311
 (  0.059 ,  0.421 , -0.211 )   67    1  0.065   0.948066
 (  0.059 ,  0.421 , -0.211 )   67    2  0.065   0.991638
 (  0.059 ,  0.421 , -0.086 )   67    1  0.106   0.929103
 (  0.059 ,  0.421 , -0.086 )   67    2  0.106   0.983396
 (  0.059 , -0.454 ,  0.039 )   16    1  0.105   0.942015
 (  0.059 , -0.454 ,  0.039 )   16    2  0.105   0.966611
 (  0.059 ,  0.546 ,  0.164 )   59    1  0.105   0.944556
 (  0.059 ,  0.546 ,  0.164 )   59    2  0.105   0.975867
 (  0.059 ,  0.546 ,  0.289 )   35    1  0.129   0.938866
 (  0.059 ,  0.546 ,  0.289 )   35    2  0.129   0.983874
 (  0.059 ,  0.546 ,  0.414 )   94    1  0.098   0.946851
 (  0.059 ,  0.546 ,  0.414 )   94    2  0.098   0.984385
 (  0.059 , -0.454 , -0.461 )   86    1  0.118   0.990165
 (  0.059 , -0.454 , -0.461 )   86    2  0.118   0.941103
 (  0.059 , -0.454 , -0.336 )   86    1  0.118   0.929378
 (  0.059 , -0.454 , -0.336 )   86    2  0.118   0.866716
 (  0.059 , -0.454 , -0.211 )   43    1  0.098   0.945904
 (  0.059 , -0.454 , -0.211 )   43    2  0.098   0.990511
 (  0.059 , -0.454 , -0.086 )   71    1  0.126   0.873263
 (  0.059 , -0.454 , -0.086 )   71    2  0.126   0.968881
 (  0.059 , -0.329 ,  0.039 )   16    1  0.066   0.941905
 (  0.059 , -0.329 ,  0.039 )   16    2  0.066   0.981355
 (  0.059 , -0.329 ,  0.164 )   59    1  0.107   0.932434
 (  0.059 , -0.329 ,  0.164 )   59    2  0.107   0.990696
 (  0.059 , -0.329 ,  0.289 )   59    1  0.082   0.944812
 (  0.059 , -0.329 ,  0.289 )   59    2  0.082   0.984595
 (  0.059 , -0.329 , -0.586 )   94    1  0.073   0.947950
 (  0.059 , -0.329 , -0.586 )   94    2  0.073   0.995920
 (  0.059 , -0.329 , -0.461 )   94    1  0.121   0.946177
 (  0.059 , -0.329 , -0.461 )   94    2  0.121   0.979516
 (  0.059 , -0.329 , -0.336 )   86    1  0.069   0.969893
 (  0.059 , -0.329 , -0.336 )   86    2  0.069   0.974384
 (  0.059 , -0.329 , -0.211 )   43    1  0.088   0.949601
 (  0.059 , -0.329 , -0.211 )   43    2  0.088   0.979319
 (  0.059 , -0.329 , -0.086 )   43    1  0.100   0.948431
 (  0.059 , -0.329 , -0.086 )   43    2  0.100   0.967170
 (  0.059 , -0.204 ,  0.039 )    8    1  0.064   0.944877
 (  0.059 , -0.204 ,  0.039 )    8    2  0.064   0.961419
 (  0.059 , -0.204 ,  0.164 )   76    1  0.084   0.935001
 (  0.059 , -0.204 ,  0.164 )   76    2  0.084   0.988511
 (  0.059 , -0.204 ,  0.289 )   76    1  0.096   0.947194
 (  0.059 , -0.204 ,  0.289 )   76    2  0.096   0.991994
 (  0.059 , -0.204 ,  0.414 )   52    1  0.061   0.948285
 (  0.059 , -0.204 ,  0.414 )   52    2  0.061   0.991553
 (  0.059 , -0.204 , -0.461 )   28    1  0.104   0.945583
 (  0.059 , -0.204 , -0.461 )   28    2  0.104   0.989001
 (  0.059 , -0.204 , -0.336 )   28    1  0.077   0.953247
 (  0.059 , -0.204 , -0.336 )   28    2  0.077   0.985084
 (  0.059 , -0.204 , -0.211 )   20    1  0.068   0.961043
 (  0.059 , -0.204 , -0.211 )   20    2  0.068   0.981959
 (  0.059 , -0.204 , -0.086 )   20    1  0.118   0.875877
 (  0.059 , -0.204 , -0.086 )   20    2  0.118   0.910446
 (  0.059 , -0.079 ,  0.039 )    8    1  0.107   0.970491
 (  0.059 , -0.079 ,  0.039 )    8    2  0.107   0.867192
 (  0.059 , -0.079 ,  0.164 )    2    1  0.124   0.916727
 (  0.059 , -0.079 ,  0.164 )    2    2  0.124   0.851475
 (  0.059 , -0.079 ,  0.289 )   76    1  0.109   0.914036
 (  0.059 , -0.079 ,  0.289 )   76    2  0.109   0.989224
 (  0.059 , -0.079 ,  0.414 )   52    1  0.116   0.922841
 (  0.059 , -0.079 ,  0.414 )   52    2  0.116   0.982578
 (  0.059 , -0.079 , -0.461 )   60    1  0.123   0.881879
 (  0.059 , -0.079 , -0.461 )   60    2  0.123   0.971715
 (  0.059 , -0.079 , -0.336 )   28    1  0.105   0.945246
 (  0.059 , -0.079 , -0.336 )   28    2  0.105   0.961729
 (  0.059 , -0.079 , -0.211 )    4    1  0.120   0.940933
 (  0.059 , -0.079 , -0.211 )    4    2  0.120   0.802160
 (  0.059 , -0.079 , -0.086 )   20    1  0.119   0.943631
 (  0.059 , -0.079 , -0.086 )   20    2  0.119   0.916702
 (  0.184 ,  0.046 ,  0.039 )    6    1  0.064   0.959937
 (  0.184 ,  0.046 ,  0.039 )    6    2  0.064   0.972798
 (  0.184 ,  0.046 ,  0.164 )   22    1  0.075   0.963873
 (  0.184 ,  0.046 ,  0.164 )   22    2  0.075   0.976048
 (  0.184 ,  0.046 ,  0.289 )   22    1  0.101   0.895324
 (  0.184 ,  0.046 ,  0.289 )   22    2  0.101   0.940243
 (  0.184 ,  0.046 ,  0.414 )   36    1  0.056   0.970389
 (  0.184 ,  0.046 ,  0.414 )   36    2  0.056   0.993541
 (  0.184 ,  0.046 ,  0.539 )   60    1  0.094   0.964114
 (  0.184 ,  0.046 ,  0.539 )   60    2  0.094   0.988936
 (  0.184 ,  0.046 , -0.336 )   60    1  0.080   0.961265
 (  0.184 ,  0.046 , -0.336 )   60    2  0.080   0.994244
 (  0.184 ,  0.046 , -0.211 )   80    1  0.061   0.959115
 (  0.184 ,  0.046 , -0.211 )   80    2  0.061   0.995675
 (  0.184 ,  0.046 , -0.086 )    6    1  0.117   0.929468
 (  0.184 ,  0.046 , -0.086 )    6    2  0.117   0.851841
 (  0.184 ,  0.171 ,  0.039 )   23    1  0.062   0.975554
 (  0.184 ,  0.171 ,  0.039 )   23    2  0.062   0.984447
 (  0.184 ,  0.171 ,  0.164 )    5    1  0.034   0.990769
 (  0.184 ,  0.171 ,  0.164 )    5    2  0.034   0.994664
 (  0.184 ,  0.171 ,  0.289 )   83    1  0.105   0.987922
 (  0.184 ,  0.171 ,  0.289 )   83    2  0.105   0.984931
 (  0.184 ,  0.171 ,  0.414 )   83    1  0.039   0.995531
 (  0.184 ,  0.171 ,  0.414 )   83    2  0.039   0.997273
 (  0.184 ,  0.171 ,  0.539 )   64    1  0.055   0.996056
 (  0.184 ,  0.171 ,  0.539 )   64    2  0.055   0.998332
 (  0.184 ,  0.171 , -0.336 )   64    1  0.087   0.993308
 (  0.184 ,  0.171 , -0.336 )   64    2  0.087   0.989866
 (  0.184 ,  0.171 , -0.211 )   40    1  0.025   0.997363
 (  0.184 ,  0.171 , -0.211 )   40    2  0.025   0.999223
 (  0.184 ,  0.171 , -0.086 )   23    1  0.080   0.932366
 (  0.184 ,  0.171 , -0.086 )   23    2  0.080   0.964928
 (  0.184 ,  0.296 ,  0.039 )   23    1  0.106   0.897509
 (  0.184 ,  0.296 ,  0.039 )   23    2  0.106   0.933055
 (  0.184 ,  0.296 ,  0.164 )   73    1  0.097   0.984247
 (  0.184 ,  0.296 ,  0.164 )   73    2  0.097   0.990802
 (  0.184 ,  0.296 ,  0.289 )   27    1  0.123   0.990393
 (  0.184 ,  0.296 ,  0.289 )   27    2  0.123   0.972791
 (  0.184 ,  0.296 ,  0.414 )   83    1  0.106   0.963634
 (  0.184 ,  0.296 ,  0.414 )   83    2  0.106   0.871736
 (  0.184 ,  0.296 ,  0.539 )  102    1  0.099   0.975434
 (  0.184 ,  0.296 ,  0.539 )  102    2  0.099   0.990816
 (  0.184 ,  0.296 , -0.336 )   64    1  0.112   0.862713
 (  0.184 ,  0.296 , -0.336 )   64    2  0.112   0.984072
 (  0.184 ,  0.296 , -0.211 )  121    1  0.101   0.971075
 (  0.184 ,  0.296 , -0.211 )  121    2  0.101   0.993627
 (  0.184 ,  0.296 , -0.086 )   47    1  0.108   0.915487
 (  0.184 ,  0.296 , -0.086 )   47    2  0.108   0.963840
 (  0.184 ,  0.421 ,  0.039 )   47    1  0.051   0.978534
 (  0.184 ,  0.421 ,  0.039 )   47    2  0.051   0.995185
 (  0.184 ,  0.421 ,  0.164 )   73    1  0.052   0.990127
 (  0.184 ,  0.421 ,  0.164 )   73    2  0.052   0.996431
 (  0.184 ,  0.421 ,  0.289 )   73    1  0.098   0.971458
 (  0.184 ,  0.421 ,  0.289 )   73    2  0.098   0.881567
 (  0.184 ,  0.421 ,  0.414 )   27    1  0.035   0.998007
 (  0.184 ,  0.421 ,  0.414 )   27    2  0.035   0.999279
 (  0.184 ,  0.421 ,  0.539 )  102    1  0.074   0.980891
 (  0.184 ,  0.421 ,  0.539 )  102    2  0.074   0.996600
 (  0.184 ,  0.421 ,  0.664 )  102    1  0.073   0.997862
 (  0.184 ,  0.421 ,  0.664 )  102    2  0.073   0.993136
 (  0.184 ,  0.421 , -0.211 )  121    1  0.035   0.999509
 (  0.184 ,  0.421 , -0.211 )  121    2  0.035   0.999188
 (  0.184 ,  0.421 , -0.086 )   47    1  0.099   0.906407
 (  0.184 ,  0.421 , -0.086 )   47    2  0.099   0.994818
 (  0.184 ,  0.546 ,  0.039 )   71    1  0.081   0.973659
 (  0.184 ,  0.546 ,  0.039 )   71    2  0.081   0.991406
 (  0.184 ,  0.546 ,  0.164 )   57    1  0.050   0.992107
 (  0.184 ,  0.546 ,  0.164 )   57    2  0.050   0.998076
 (  0.184 ,  0.546 ,  0.289 )  122    1  0.105   0.969871
 (  0.184 ,  0.546 ,  0.289 )  122    2  0.105   0.988897
 (  0.184 ,  0.546 ,  0.414 )  122    1  0.062   0.988927
 (  0.184 ,  0.546 ,  0.414 )  122    2  0.062   0.997230
 (  0.184 ,  0.546 ,  0.539 )   93    1  0.062   0.995938
 (  0.184 ,  0.546 ,  0.539 )   93    2  0.062   0.998068
 (  0.184 , -0.454 , -0.336 )   93    1  0.104   0.851393
 (  0.184 , -0.454 , -0.336 )   93    2  0.104   0.997190
 (  0.184 , -0.454 , -0.211 )  112    1  0.049   0.998970
 (  0.184 , -0.454 , -0.211 )  112    2  0.049   0.996494
 (  0.184 , -0.454 , -0.086 )   71    1  0.082   0.905887
 (  0.184 , -0.454 , -0.086 )   71    2  0.082   0.989362
 (  0.184 , -0.329 ,  0.039 )   71    1  0.083   0.971205
 (  0.184 , -0.329 ,  0.039 )   71    2  0.083   0.994518
 (  0.184 , -0.329 ,  0.164 )   57    1  0.099   0.988528
 (  0.184 , -0.329 ,  0.164 )   57    2  0.099   0.988003
 (  0.184 , -0.329 ,  0.289 )   57    1  0.110   0.875406
 (  0.184 , -0.329 ,  0.289 )   57    2  0.110   0.986612
 (  0.184 ,  0.671 ,  0.414 )  122    1  0.081   0.997555
 (  0.184 ,  0.671 ,  0.414 )  122    2  0.081   0.991802
 (  0.184 , -0.329 , -0.461 )   93    1  0.117   0.828414
 (  0.184 , -0.329 , -0.461 )   93    2  0.117   0.996428
 (  0.184 , -0.329 , -0.336 )   93    1  0.094   0.991903
 (  0.184 , -0.329 , -0.336 )   93    2  0.094   0.995924
 (  0.184 , -0.329 , -0.211 )  112    1  0.086   0.979846
 (  0.184 , -0.329 , -0.211 )  112    2  0.086   0.993323
 (  0.184 , -0.329 , -0.086 )   77    1  0.128   0.901839
 (  0.184 , -0.329 , -0.086 )   77    2  0.128   0.987739
 (  0.184 , -0.204 ,  0.039 )   77    1  0.050   0.970875
 (  0.184 , -0.204 ,  0.039 )   77    2  0.050   0.996233
 (  0.184 , -0.204 ,  0.164 )   33    1  0.035   0.993766
 (  0.184 , -0.204 ,  0.164 )   33    2  0.035   0.998916
 (  0.184 , -0.204 ,  0.289 )   33    1  0.102   0.879892
 (  0.184 , -0.204 ,  0.289 )   33    2  0.102   0.991510
 (  0.184 , -0.204 ,  0.414 )  120    1  0.026   0.999591
 (  0.184 , -0.204 ,  0.414 )  120    2  0.026   0.999478
 (  0.184 , -0.204 , -0.461 )  104    1  0.060   0.998571
 (  0.184 , -0.204 , -0.461 )  104    2  0.060   0.996915
 (  0.184 , -0.204 , -0.336 )  104    1  0.076   0.988269
 (  0.184 , -0.204 , -0.336 )  104    2  0.076   0.994019
 (  0.184 , -0.204 , -0.211 )   29    1  0.016   0.999096
 (  0.184 , -0.204 , -0.211 )   29    2  0.016   0.999492
 (  0.184 , -0.204 , -0.086 )   77    1  0.086   0.957494
 (  0.184 , -0.204 , -0.086 )   77    2  0.086   0.923512
 (  0.184 , -0.079 ,  0.039 )    6    1  0.104   0.929453
 (  0.184 , -0.079 ,  0.039 )    6    2  0.104   0.873703
 (  0.184 , -0.079 ,  0.164 )   22    1  0.072   0.936527
 (  0.184 , -0.079 ,  0.164 )   22    2  0.072   0.970850
 (  0.184 , -0.079 ,  0.289 )   36    1  0.111   0.921211
 (  0.184 , -0.079 ,  0.289 )   36    2  0.111   0.962703
 (  0.184 , -0.079 ,  0.414 )   36    1  0.087   0.920145
 (  0.184 , -0.079 ,  0.414 )   36    2  0.087   0.994974
 (  0.184 , -0.079 , -0.461 )   60    1  0.079   0.918580
 (  0.184 , -0.079 , -0.461 )   60    2  0.079   0.991856
 (  0.184 , -0.079 , -0.336 )   60    1  0.124   0.911625
 (  0.184 , -0.079 , -0.336 )   60    2  0.124   0.971209
 (  0.184 , -0.079 , -0.211 )   80    1  0.075   0.960508
 (  0.184 , -0.079 , -0.211 )   80    2  0.075   0.939151
 (  0.184 , -0.079 , -0.086 )    6    1  0.092   0.937348
 (  0.184 , -0.079 , -0.086 )    6    2  0.092   0.863380
 (  0.309 ,  0.046 ,  0.039 )    6    1  0.096   0.949654
 (  0.309 ,  0.046 ,  0.039 )    6    2  0.096   0.985357
 (  0.309 ,  0.046 ,  0.164 )   34    1  0.123   0.965672
 (  0.309 ,  0.046 ,  0.164 )   34    2  0.123   0.989133
 (  0.309 ,  0.046 ,  0.289 )   22    1  0.102   0.965802
 (  0.309 ,  0.046 ,  0.289 )   22    2  0.102   0.975219
 (  0.309 ,  0.046 ,  0.414 )   36    1  0.103   0.954809
 (  0.309 ,  0.046 ,  0.414 )   36    2  0.103   0.979685
 (  0.309 ,  0.046 ,  0.539 )   98    1  0.131   0.954792
 (  0.309 ,  0.046 ,  0.539 )   98    2  0.131   0.994554
 (  0.309 ,  0.046 , -0.336 )   60    1  0.095   0.959201
 (  0.309 ,  0.046 , -0.336 )   60    2  0.095   0.985136
 (  0.309 ,  0.046 , -0.211 )   80    1  0.116   0.962634
 (  0.309 ,  0.046 , -0.211 )   80    2  0.116   0.992406
 (  0.309 ,  0.046 , -0.086 )   80    1  0.115   0.939933
 (  0.309 ,  0.046 , -0.086 )   80    2  0.115   0.980839
 (  0.309 ,  0.171 ,  0.039 )   39    1  0.116   0.974066
 (  0.309 ,  0.171 ,  0.039 )   39    2  0.116   0.990365
 (  0.309 ,  0.171 ,  0.164 )   79    1  0.081   0.996820
 (  0.309 ,  0.171 ,  0.164 )   79    2  0.081   0.995337
 (  0.309 ,  0.171 ,  0.289 )   37    1  0.111   0.987692
 (  0.309 ,  0.171 ,  0.289 )   37    2  0.111   0.986566
 (  0.309 ,  0.171 ,  0.414 )   37    1  0.099   0.894487
 (  0.309 ,  0.171 ,  0.414 )   37    2  0.099   0.985101
 (  0.309 ,  0.171 ,  0.539 )  109    1  0.084   0.993265
 (  0.309 ,  0.171 ,  0.539 )  109    2  0.084   0.987280
 (  0.309 ,  0.171 , -0.336 )  111    1  0.130   0.982505
 (  0.309 ,  0.171 , -0.336 )  111    2  0.130   0.989904
 (  0.309 ,  0.171 , -0.211 )  111    1  0.086   0.986192
 (  0.309 ,  0.171 , -0.211 )  111    2  0.086   0.992845
 (  0.309 ,  0.171 , -0.086 )   39    1  0.095   0.920343
 (  0.309 ,  0.171 , -0.086 )   39    2  0.095   0.976201
 (  0.309 ,  0.296 ,  0.039 )   23    1  0.108   0.973912
 (  0.309 ,  0.296 ,  0.039 )   23    2  0.108   0.976476
 (  0.309 ,  0.296 ,  0.164 )   46    1  0.103   0.992137
 (  0.309 ,  0.296 ,  0.164 )   46    2  0.103   0.993219
 (  0.309 ,  0.296 ,  0.289 )    5    1  0.105   0.976436
 (  0.309 ,  0.296 ,  0.289 )    5    2  0.105   0.993649
 (  0.309 ,  0.296 ,  0.414 )   83    1  0.118   0.985464
 (  0.309 ,  0.296 ,  0.414 )   83    2  0.118   0.960347
 (  0.309 ,  0.296 ,  0.539 )   68    1  0.098   0.990584
 (  0.309 ,  0.296 ,  0.539 )   68    2  0.098   0.985283
 (  0.309 ,  0.296 ,  0.664 )   64    1  0.103   0.987510
 (  0.309 ,  0.296 ,  0.664 )   64    2  0.103   0.996795
 (  0.309 ,  0.296 , -0.211 )  101    1  0.113   0.985993
 (  0.309 ,  0.296 , -0.211 )  101    2  0.113   0.995763
 (  0.309 ,  0.296 , -0.086 )   89    1  0.101   0.950105
 (  0.309 ,  0.296 , -0.086 )   89    2  0.101   0.945131
 (  0.309 ,  0.421 ,  0.039 )   47    1  0.100   0.964849
 (  0.309 ,  0.421 ,  0.039 )   47    2  0.100   0.983916
 (  0.309 ,  0.421 ,  0.164 )   46    1  0.104   0.886660
 (  0.309 ,  0.421 ,  0.164 )   46    2  0.104   0.975338
 (  0.309 ,  0.421 ,  0.289 )   73    1  0.111   0.981873
 (  0.309 ,  0.421 ,  0.289 )   73    2  0.111   0.972237
 (  0.309 ,  0.421 ,  0.414 )   27    1  0.105   0.996963
 (  0.309 ,  0.421 ,  0.414 )   27    2  0.105   0.970330
 (  0.309 ,  0.421 ,  0.539 )   68    1  0.111   0.928449
 (  0.309 ,  0.421 ,  0.539 )   68    2  0.111   0.904288
 (  0.309 ,  0.421 ,  0.664 )  102    1  0.102   0.976818
 (  0.309 ,  0.421 ,  0.664 )  102    2  0.102   0.993158
 (  0.309 ,  0.421 , -0.211 )  101    1  0.104   0.859643
 (  0.309 ,  0.421 , -0.211 )  101    2  0.104   0.997371
 (  0.309 ,  0.421 , -0.086 )   89    1  0.123   0.877357
 (  0.309 ,  0.421 , -0.086 )   89    2  0.123   0.885104
 (  0.309 ,  0.546 ,  0.039 )   95    1  0.122   0.965070
 (  0.309 ,  0.546 ,  0.039 )   95    2  0.122   0.995125
 (  0.309 ,  0.546 ,  0.164 )  125    1  0.080   0.991751
 (  0.309 ,  0.546 ,  0.164 )  125    2  0.080   0.990162
 (  0.309 ,  0.546 ,  0.289 )   49    1  0.104   0.984943
 (  0.309 ,  0.546 ,  0.289 )   49    2  0.104   0.979995
 (  0.309 ,  0.546 ,  0.414 )   49    1  0.103   0.884887
 (  0.309 ,  0.546 ,  0.414 )   49    2  0.103   0.965382
 (  0.309 ,  0.546 ,  0.539 )   51    1  0.081   0.997179
 (  0.309 ,  0.546 ,  0.539 )   51    2  0.081   0.996082
 ( -0.691 , -0.454 , -0.336 )  115    1  0.122   0.977845
 ( -0.691 , -0.454 , -0.336 )  115    2  0.122   0.992342
 ( -0.691 , -0.454 , -0.211 )  115    1  0.089   0.996506
 ( -0.691 , -0.454 , -0.211 )  115    2  0.089   0.992475
 (  0.309 ,  0.546 , -0.086 )   95    1  0.089   0.902961
 (  0.309 ,  0.546 , -0.086 )   95    2  0.089   0.996950
 (  0.309 , -0.329 ,  0.039 )   71    1  0.098   0.967027
 (  0.309 , -0.329 ,  0.039 )   71    2  0.098   0.982808
 (  0.309 , -0.329 ,  0.164 )  107    1  0.121   0.985003
 (  0.309 , -0.329 ,  0.164 )  107    2  0.121   0.990338
 (  0.309 ,  0.671 ,  0.289 )   57    1  0.100   0.984839
 (  0.309 ,  0.671 ,  0.289 )   57    2  0.100   0.996658
 (  0.309 ,  0.671 ,  0.414 )  122    1  0.108   0.971730
 (  0.309 ,  0.671 ,  0.414 )  122    2  0.108   0.992392
 ( -0.691 , -0.329 , -0.461 )  119    1  0.115   0.985424
 ( -0.691 , -0.329 , -0.461 )  119    2  0.115   0.993608
 ( -0.691 , -0.329 , -0.336 )   93    1  0.096   0.997536
 ( -0.691 , -0.329 , -0.336 )   93    2  0.096   0.990580
 (  0.309 , -0.329 , -0.211 )  112    1  0.122   0.976719
 (  0.309 , -0.329 , -0.211 )  112    2  0.122   0.990828
 (  0.309 , -0.329 , -0.086 )  112    1  0.111   0.953151
 (  0.309 , -0.329 , -0.086 )  112    2  0.111   0.990050
 (  0.309 , -0.204 ,  0.039 )   77    1  0.111   0.971175
 (  0.309 , -0.204 ,  0.039 )   77    2  0.111   0.994102
 (  0.309 , -0.204 ,  0.164 )  107    1  0.090   0.989427
 (  0.309 , -0.204 ,  0.164 )  107    2  0.090   0.989700
 (  0.309 , -0.204 ,  0.289 )   91    1  0.123   0.980587
 (  0.309 , -0.204 ,  0.289 )   91    2  0.123   0.994615
 (  0.309 , -0.204 ,  0.414 )   91    1  0.102   0.871478
 (  0.309 , -0.204 ,  0.414 )   91    2  0.102   0.997389
 ( -0.691 , -0.204 , -0.461 )  119    1  0.095   0.996041
 ( -0.691 , -0.204 , -0.461 )  119    2  0.095   0.992622
 (  0.309 , -0.204 , -0.336 )  104    1  0.115   0.984477
 (  0.309 , -0.204 , -0.336 )  104    2  0.115   0.992447
 (  0.309 , -0.204 , -0.211 )   53    1  0.092   0.995811
 (  0.309 , -0.204 , -0.211 )   53    2  0.092   0.993372
 (  0.309 , -0.204 , -0.086 )   54    1  0.107   0.900674
 (  0.309 , -0.204 , -0.086 )   54    2  0.107   0.978787
 (  0.309 , -0.079 ,  0.039 )   77    1  0.122   0.947432
 (  0.309 , -0.079 ,  0.039 )   77    2  0.122   0.971321
 (  0.309 , -0.079 ,  0.164 )   34    1  0.088   0.930815
 (  0.309 , -0.079 ,  0.164 )   34    2  0.088   0.981304
 (  0.309 , -0.079 ,  0.289 )   88    1  0.103   0.948151
 (  0.309 , -0.079 ,  0.289 )   88    2  0.103   0.954409
 (  0.309 , -0.079 ,  0.414 )   88    1  0.114   0.887918
 (  0.309 , -0.079 ,  0.414 )   88    2  0.114   0.900136
 (  0.309 , -0.079 ,  0.539 )   98    1  0.086   0.914950
 (  0.309 , -0.079 ,  0.539 )   98    2  0.086   0.997443
 (  0.309 , -0.079 , -0.336 )  104    1  0.116   0.944297
 (  0.309 , -0.079 , -0.336 )  104    2  0.116   0.988776
 (  0.309 , -0.079 , -0.211 )   65    1  0.098   0.909354
 (  0.309 , -0.079 , -0.211 )   65    2  0.098   0.988048
 (  0.309 , -0.079 , -0.086 )   14    1  0.091   0.915324
 (  0.309 , -0.079 , -0.086 )   14    2  0.091   0.926564
 (  0.434 ,  0.046 ,  0.039 )   14    1  0.043   0.958166
 (  0.434 ,  0.046 ,  0.039 )   14    2  0.043   0.986976
 (  0.434 ,  0.046 ,  0.164 )   34    1  0.079   0.968371
 (  0.434 ,  0.046 ,  0.164 )   34    2  0.079   0.986763
 (  0.434 ,  0.046 ,  0.289 )   34    1  0.078   0.964925
 (  0.434 ,  0.046 ,  0.289 )   34    2  0.078   0.992618
 (  0.434 ,  0.046 ,  0.414 )   88    1  0.044   0.977253
 (  0.434 ,  0.046 ,  0.414 )   88    2  0.044   0.981503
 (  0.434 ,  0.046 ,  0.539 )   98    1  0.102   0.964863
 (  0.434 ,  0.046 ,  0.539 )   98    2  0.102   0.969011
 ( -0.566 ,  0.046 , -0.336 )   98    1  0.057   0.965232
 ( -0.566 ,  0.046 , -0.336 )   98    2  0.057   0.998346
 (  0.434 ,  0.046 , -0.211 )   65    1  0.058   0.966358
 (  0.434 ,  0.046 , -0.211 )   65    2  0.058   0.995575
 (  0.434 ,  0.046 , -0.086 )   65    1  0.101   0.951413
 (  0.434 ,  0.046 , -0.086 )   65    2  0.101   0.975586
 (  0.434 ,  0.171 ,  0.039 )   39    1  0.067   0.977705
 (  0.434 ,  0.171 ,  0.039 )   39    2  0.067   0.991735
 (  0.434 ,  0.171 ,  0.164 )   79    1  0.067   0.994468
 (  0.434 ,  0.171 ,  0.164 )   79    2  0.067   0.993494
 (  0.434 ,  0.171 ,  0.289 )   79    1  0.107   0.977893
 (  0.434 ,  0.171 ,  0.289 )   79    2  0.107   0.856100
 (  0.434 ,  0.171 ,  0.414 )   37    1  0.056   0.991069
 (  0.434 ,  0.171 ,  0.414 )   37    2  0.056   0.997963
 (  0.434 ,  0.171 ,  0.539 )  109    1  0.086   0.972783
 (  0.434 ,  0.171 ,  0.539 )  109    2  0.086   0.995268
 (  0.434 ,  0.171 ,  0.664 )  109    1  0.085   0.996038
 (  0.434 ,  0.171 ,  0.664 )  109    2  0.085   0.993801
 (  0.434 ,  0.171 , -0.211 )  111    1  0.056   0.997803
 (  0.434 ,  0.171 , -0.211 )  111    2  0.056   0.998493
 (  0.434 ,  0.171 , -0.086 )   39    1  0.108   0.905117
 (  0.434 ,  0.171 , -0.086 )   39    2  0.108   0.995278
 (  0.434 ,  0.296 ,  0.039 )   39    1  0.085   0.971056
 (  0.434 ,  0.296 ,  0.039 )   39    2  0.085   0.991578
 (  0.434 ,  0.296 ,  0.164 )   79    1  0.119   0.973519
 (  0.434 ,  0.296 ,  0.164 )   79    2  0.119   0.863406
 (  0.434 ,  0.296 ,  0.289 )   79    1  0.097   0.990950
 (  0.434 ,  0.296 ,  0.289 )   79    2  0.097   0.978702
 (  0.434 ,  0.296 ,  0.414 )   37    1  0.090   0.992603
 (  0.434 ,  0.296 ,  0.414 )   37    2  0.090   0.982374
 (  0.434 ,  0.296 ,  0.539 )   68    1  0.130   0.945242
 (  0.434 ,  0.296 ,  0.539 )   68    2  0.130   0.838020
 (  0.434 ,  0.296 ,  0.664 )  109    1  0.087   0.989482
 (  0.434 ,  0.296 ,  0.664 )  109    2  0.087   0.995702
 (  0.434 ,  0.296 , -0.211 )  111    1  0.102   0.988169
 (  0.434 ,  0.296 , -0.211 )  111    2  0.102   0.994509
 (  0.434 ,  0.296 , -0.086 )  111    1  0.113   0.956636
 (  0.434 ,  0.296 , -0.086 )  111    2  0.113   0.984765
 (  0.434 ,  0.421 ,  0.039 )   89    1  0.037   0.984953
 (  0.434 ,  0.421 ,  0.039 )   89    2  0.037   0.987294
 (  0.434 ,  0.421 ,  0.164 )   46    1  0.065   0.993385
 (  0.434 ,  0.421 ,  0.164 )   46    2  0.065   0.997178
 (  0.434 ,  0.421 ,  0.289 )   46    1  0.080   0.996702
 (  0.434 ,  0.421 ,  0.289 )   46    2  0.080   0.988135
 (  0.434 ,  0.421 ,  0.414 )   13    1  0.030   0.991132
 (  0.434 ,  0.421 ,  0.414 )   13    2  0.030   0.996428
 (  0.434 ,  0.421 ,  0.539 )   68    1  0.089   0.993943
 (  0.434 ,  0.421 ,  0.539 )   68    2  0.089   0.959314
 ( -0.566 , -0.579 , -0.336 )   68    1  0.057   0.996311
 ( -0.566 , -0.579 , -0.336 )   68    2  0.057   0.998601
 ( -0.566 , -0.579 , -0.211 )  101    1  0.043   0.995783
 ( -0.566 , -0.579 , -0.211 )  101    2  0.043   0.999330
 (  0.434 ,  0.421 , -0.086 )  101    1  0.105   0.995052
 (  0.434 ,  0.421 , -0.086 )  101    2  0.105   0.952383
 (  0.434 ,  0.546 ,  0.039 )   95    1  0.090   0.974317
 (  0.434 ,  0.546 ,  0.039 )   95    2  0.090   0.975929
 (  0.434 ,  0.546 ,  0.164 )  125    1  0.083   0.978672
 (  0.434 ,  0.546 ,  0.164 )  125    2  0.083   0.994787
 (  0.434 ,  0.546 ,  0.289 )  125    1  0.127   0.966100
 (  0.434 ,  0.546 ,  0.289 )  125    2  0.127   0.978187
 (  0.434 ,  0.546 ,  0.414 )   49    1  0.079   0.990375
 (  0.434 ,  0.546 ,  0.414 )   49    2  0.079   0.973223
 ( -0.566 , -0.454 , -0.461 )   51    1  0.096   0.996193
 ( -0.566 , -0.454 , -0.461 )   51    2  0.096   0.946276
 ( -0.566 , -0.454 , -0.336 )   51    1  0.107   0.931755
 ( -0.566 , -0.454 , -0.336 )   51    2  0.107   0.894389
 ( -0.566 , -0.454 , -0.211 )  115    1  0.077   0.976811
 ( -0.566 , -0.454 , -0.211 )  115    2  0.077   0.997818
 ( -0.566 , -0.454 , -0.086 )   95    1  0.114   0.907076
 ( -0.566 , -0.454 , -0.086 )   95    2  0.114   0.969417
 ( -0.566 , -0.329 ,  0.039 )   95    1  0.062   0.974049
 ( -0.566 , -0.329 ,  0.039 )   95    2  0.062   0.997765
 (  0.434 ,  0.671 ,  0.164 )  125    1  0.098   0.994310
 (  0.434 ,  0.671 ,  0.164 )  125    2  0.098   0.991984
 (  0.434 ,  0.671 ,  0.289 )  125    1  0.084   0.992169
 (  0.434 ,  0.671 ,  0.289 )  125    2  0.084   0.996092
 ( -0.566 , -0.329 , -0.586 )   49    1  0.066   0.991792
 ( -0.566 , -0.329 , -0.586 )   49    2  0.066   0.997941
 ( -0.566 , -0.329 , -0.461 )   51    1  0.119   0.945702
 ( -0.566 , -0.329 , -0.461 )   51    2  0.119   0.850269
 ( -0.566 , -0.329 , -0.336 )   51    1  0.069   0.995237
 ( -0.566 , -0.329 , -0.336 )   51    2  0.069   0.990941
 ( -0.566 , -0.329 , -0.211 )  115    1  0.079   0.980352
 ( -0.566 , -0.329 , -0.211 )  115    2  0.079   0.995170
 ( -0.566 , -0.329 , -0.086 )  115    1  0.104   0.950955
 ( -0.566 , -0.329 , -0.086 )  115    2  0.104   0.994625
 (  0.434 , -0.204 ,  0.039 )   54    1  0.047   0.975980
 (  0.434 , -0.204 ,  0.039 )   54    2  0.047   0.997478
 (  0.434 , -0.204 ,  0.164 )  107    1  0.061   0.996407
 (  0.434 , -0.204 ,  0.164 )  107    2  0.061   0.998239
 (  0.434 , -0.204 ,  0.289 )  107    1  0.091   0.991119
 (  0.434 , -0.204 ,  0.289 )  107    2  0.091   0.995939
 ( -0.566 , -0.204 , -0.586 )   91    1  0.036   0.992253
 ( -0.566 , -0.204 , -0.586 )   91    2  0.036   0.999617
 ( -0.566 , -0.204 , -0.461 )  119    1  0.084   0.971622
 ( -0.566 , -0.204 , -0.461 )  119    2  0.084   0.997685
 ( -0.566 , -0.204 , -0.336 )  119    1  0.067   0.987855
 ( -0.566 , -0.204 , -0.336 )  119    2  0.067   0.996777
 ( -0.566 , -0.204 , -0.211 )   53    1  0.042   0.998062
 ( -0.566 , -0.204 , -0.211 )   53    2  0.042   0.997483
 ( -0.566 , -0.204 , -0.086 )   54    1  0.108   0.904276
 ( -0.566 , -0.204 , -0.086 )   54    2  0.108   0.984422
 (  0.434 , -0.079 ,  0.039 )   54    1  0.109   0.958218
 (  0.434 , -0.079 ,  0.039 )   54    2  0.109   0.965473
 (  0.434 , -0.079 ,  0.164 )   34    1  0.102   0.918232
 (  0.434 , -0.079 ,  0.164 )   34    2  0.102   0.995316
 (  0.434 , -0.079 ,  0.289 )  107    1  0.115   0.946948
 (  0.434 , -0.079 ,  0.289 )  107    2  0.115   0.986292
 (  0.434 , -0.079 ,  0.414 )   88    1  0.105   0.981687
 (  0.434 , -0.079 ,  0.414 )   88    2  0.105   0.917469
 ( -0.566 , -0.079 , -0.461 )   98    1  0.111   0.917431
 ( -0.566 , -0.079 , -0.461 )   98    2  0.111   0.966727
 ( -0.566 , -0.079 , -0.336 )  119    1  0.109   0.942167
 ( -0.566 , -0.079 , -0.336 )  119    2  0.109   0.994866
 ( -0.566 , -0.079 , -0.211 )   65    1  0.100   0.917443
 ( -0.566 , -0.079 , -0.211 )   65    2  0.100   0.989792
 (  0.434 , -0.079 , -0.086 )   14    1  0.125   0.919947
 (  0.434 , -0.079 , -0.086 )   14    2  0.125   0.904953
 ( -0.441 ,  0.046 ,  0.039 )   15    1  0.085   0.955879
 ( -0.441 ,  0.046 ,  0.039 )   15    2  0.085   0.973037
 (  0.559 ,  0.046 ,  0.164 )   58    1  0.086   0.963269
 (  0.559 ,  0.046 ,  0.164 )   58    2  0.086   0.982718
 (  0.559 ,  0.046 ,  0.289 )   58    1  0.119   0.964297
 (  0.559 ,  0.046 ,  0.289 )   58    2  0.119   0.983023
 (  0.559 ,  0.046 ,  0.414 )   92    1  0.077   0.964612
 (  0.559 ,  0.046 ,  0.414 )   92    2  0.077   0.991291
 ( -0.441 ,  0.046 , -0.461 )   85    1  0.101   0.981917
 ( -0.441 ,  0.046 , -0.461 )   85    2  0.101   0.965453
 ( -0.441 ,  0.046 , -0.336 )   85    1  0.100   0.941427
 ( -0.441 ,  0.046 , -0.336 )   85    2  0.100   0.894572
 ( -0.441 ,  0.046 , -0.211 )   41    1  0.077   0.965512
 ( -0.441 ,  0.046 , -0.211 )   41    2  0.077   0.994132
 ( -0.441 ,  0.046 , -0.086 )   15    1  0.120   0.919984
 ( -0.441 ,  0.046 , -0.086 )   15    2  0.120   0.874135
 (  0.559 ,  0.171 ,  0.039 )   63    1  0.075   0.973500
 (  0.559 ,  0.171 ,  0.039 )   63    2  0.075   0.988379
 (  0.559 ,  0.171 ,  0.164 )   56    1  0.039   0.998306
 (  0.559 ,  0.171 ,  0.164 )   56    2  0.039   0.997431
 (  0.559 ,  0.171 ,  0.289 )  114    1  0.100   0.978432
 (  0.559 ,  0.171 ,  0.289 )  114    2  0.100   0.987718
 (  0.559 ,  0.171 ,  0.414 )  114    1  0.054   0.993942
 (  0.559 ,  0.171 ,  0.414 )  114    2  0.054   0.996970
 (  0.559 ,  0.171 ,  0.539 )   99    1  0.054   0.991473
 (  0.559 ,  0.171 ,  0.539 )   99    2  0.054   0.997432
 ( -0.441 ,  0.171 , -0.336 )   99    1  0.099   0.871523
 ( -0.441 ,  0.171 , -0.336 )   99    2  0.099   0.995836
 ( -0.441 ,  0.171 , -0.211 )  113    1  0.039   0.998095
 ( -0.441 ,  0.171 , -0.211 )  113    2  0.039   0.997824
 ( -0.441 ,  0.171 , -0.086 )   63    1  0.076   0.905688
 ( -0.441 ,  0.171 , -0.086 )   63    2  0.076   0.988877
 (  0.559 ,  0.296 ,  0.039 )   63    1  0.124   0.972322
 (  0.559 ,  0.296 ,  0.039 )   63    2  0.124   0.979836
 (  0.559 ,  0.296 ,  0.164 )  118    1  0.091   0.993781
 (  0.559 ,  0.296 ,  0.164 )  118    2  0.091   0.980832
 (  0.559 ,  0.296 ,  0.289 )   62    1  0.112   0.987385
 (  0.559 ,  0.296 ,  0.289 )   62    2  0.112   0.980076
 (  0.559 ,  0.296 ,  0.414 )   62    1  0.112   0.870134
 (  0.559 ,  0.296 ,  0.414 )   62    2  0.112   0.957584
 (  0.559 ,  0.296 ,  0.539 )   61    1  0.092   0.991074
 (  0.559 ,  0.296 ,  0.539 )   61    2  0.092   0.992091
 ( -0.441 , -0.704 , -0.336 )  123    1  0.130   0.970032
 ( -0.441 , -0.704 , -0.336 )  123    2  0.130   0.993755
 ( -0.441 , -0.704 , -0.211 )  123    1  0.099   0.995623
 ( -0.441 , -0.704 , -0.211 )  123    2  0.099   0.992753
 (  0.559 ,  0.296 , -0.086 )  100    1  0.099   0.903138
 (  0.559 ,  0.296 , -0.086 )  100    2  0.099   0.994857
 (  0.559 ,  0.421 ,  0.039 )  100    1  0.073   0.974376
 (  0.559 ,  0.421 ,  0.039 )  100    2  0.073   0.989346
 (  0.559 ,  0.421 ,  0.164 )  118    1  0.063   0.991387
 (  0.559 ,  0.421 ,  0.164 )  118    2  0.063   0.995875
 (  0.559 ,  0.421 ,  0.289 )  118    1  0.115   0.983642
 (  0.559 ,  0.421 ,  0.289 )  118    2  0.115   0.975016
 (  0.559 ,  0.421 ,  0.414 )   62    1  0.059   0.997745
 (  0.559 ,  0.421 ,  0.414 )   62    2  0.059   0.984913
 ( -0.441 , -0.579 , -0.461 )   61    1  0.080   0.991049
 ( -0.441 , -0.579 , -0.461 )   61    2  0.080   0.971186
 ( -0.441 , -0.579 , -0.336 )   61    1  0.093   0.873602
 ( -0.441 , -0.579 , -0.336 )   61    2  0.093   0.982204
 ( -0.441 , -0.579 , -0.211 )  123    1  0.055   0.990324
 ( -0.441 , -0.579 , -0.211 )  123    2  0.055   0.998648
 ( -0.441 , -0.579 , -0.086 )  100    1  0.101   0.903231
 ( -0.441 , -0.579 , -0.086 )  100    2  0.101   0.986857
 ( -0.441 , -0.454 ,  0.039 )   87    1  0.089   0.986156
 ( -0.441 , -0.454 ,  0.039 )   87    2  0.089   0.977165
 (  0.559 ,  0.546 ,  0.164 )   96    1  0.049   0.996183
 (  0.559 ,  0.546 ,  0.164 )   96    2  0.049   0.996713
 (  0.559 ,  0.546 ,  0.289 )   70    1  0.097   0.994334
 (  0.559 ,  0.546 ,  0.289 )   70    2  0.097   0.987214
 ( -0.441 , -0.454 , -0.586 )   70    1  0.069   0.995547
 ( -0.441 , -0.454 , -0.586 )   70    2  0.069   0.978896
 ( -0.441 , -0.454 , -0.461 )   11    1  0.058   0.990170
 ( -0.441 , -0.454 , -0.461 )   11    2  0.058   0.993363
 ( -0.441 , -0.454 , -0.336 )   11    1  0.112   0.940471
 ( -0.441 , -0.454 , -0.336 )   11    2  0.112   0.838197
 ( -0.441 , -0.454 , -0.211 )   44    1  0.053   0.995358
 ( -0.441 , -0.454 , -0.211 )   44    2  0.053   0.997409
 ( -0.441 , -0.454 , -0.086 )   87    1  0.076   0.968940
 ( -0.441 , -0.454 , -0.086 )   87    2  0.076   0.930191
 ( -0.441 , -0.329 ,  0.039 )   87    1  0.103   0.949528
 ( -0.441 , -0.329 ,  0.039 )   87    2  0.103   0.883897
 ( -0.441 , -0.329 ,  0.164 )   96    1  0.110   0.860022
 ( -0.441 , -0.329 ,  0.164 )   96    2  0.110   0.993130
 ( -0.441 , -0.329 , -0.711 )  103    1  0.128   0.975729
 ( -0.441 , -0.329 , -0.711 )  103    2  0.128   0.994273
 ( -0.441 , -0.329 , -0.586 )   70    1  0.099   0.861981
 ( -0.441 , -0.329 , -0.586 )   70    2  0.099   0.980317
 ( -0.441 , -0.329 , -0.461 )   25    1  0.114   0.990290
 ( -0.441 , -0.329 , -0.461 )   25    2  0.114   0.981017
 ( -0.441 , -0.329 , -0.336 )   11    1  0.114   0.916713
 ( -0.441 , -0.329 , -0.336 )   11    2  0.114   0.893170
 ( -0.441 , -0.329 , -0.211 )   44    1  0.101   0.874527
 ( -0.441 , -0.329 , -0.211 )   44    2  0.101   0.987887
 ( -0.441 , -0.329 , -0.086 )   30    1  0.118   0.910198
 ( -0.441 , -0.329 , -0.086 )   30    2  0.118   0.966452
 ( -0.441 , -0.204 ,  0.039 )   30    1  0.069   0.975423
 ( -0.441 , -0.204 ,  0.039 )   30    2  0.069   0.994091
 ( -0.441 , -0.204 ,  0.164 )  105    1  0.045   0.996635
 ( -0.441 , -0.204 ,  0.164 )  105    2  0.045   0.997543
 ( -0.441 , -0.204 , -0.711 )  103    1  0.109   0.994941
 ( -0.441 , -0.204 , -0.711 )  103    2  0.109   0.990322
 ( -0.441 , -0.204 , -0.586 )  103    1  0.050   0.993148
 ( -0.441 , -0.204 , -0.586 )  103    2  0.050   0.999001
 ( -0.441 , -0.204 , -0.461 )   25    1  0.063   0.990505
 ( -0.441 , -0.204 , -0.461 )   25    2  0.063   0.997143
 ( -0.441 , -0.204 , -0.336 )   25    1  0.092   0.887832
 ( -0.441 , -0.204 , -0.336 )   25    2  0.092   0.991971
 ( -0.441 , -0.204 , -0.211 )   75    1  0.040   0.998221
 ( -0.441 , -0.204 , -0.211 )   75    2  0.040   0.999169
 ( -0.441 , -0.204 , -0.086 )   30    1  0.085   0.912051
 ( -0.441 , -0.204 , -0.086 )   30    2  0.085   0.989001
 ( -0.441 , -0.079 ,  0.039 )   15    1  0.108   0.913609
 ( -0.441 , -0.079 ,  0.039 )   15    2  0.108   0.895785
 ( -0.441 , -0.079 ,  0.164 )   58    1  0.068   0.917991
 ( -0.441 , -0.079 ,  0.164 )   58    2  0.068   0.991296
 (  0.559 , -0.079 ,  0.289 )   92    1  0.102   0.915083
 (  0.559 , -0.079 ,  0.289 )   92    2  0.102   0.994257
 ( -0.441 , -0.079 , -0.586 )   92    1  0.089   0.915138
 ( -0.441 , -0.079 , -0.586 )   92    2  0.089   0.991086
 ( -0.441 , -0.079 , -0.461 )   85    1  0.072   0.967433
 ( -0.441 , -0.079 , -0.461 )   85    2  0.072   0.939957
 ( -0.441 , -0.079 , -0.336 )   41    1  0.123   0.915184
 ( -0.441 , -0.079 , -0.336 )   41    2  0.123   0.966842
 ( -0.441 , -0.079 , -0.211 )   41    1  0.075   0.925237
 ( -0.441 , -0.079 , -0.211 )   41    2  0.075   0.993214
 ( -0.441 , -0.079 , -0.086 )   15    1  0.084   0.914381
 ( -0.441 , -0.079 , -0.086 )   15    2  0.084   0.946096
 ( -0.316 ,  0.046 ,  0.039 )   15    1  0.073   0.953923
 ( -0.316 ,  0.046 ,  0.039 )   15    2  0.073   0.988098
 ( -0.316 ,  0.046 ,  0.164 )   58    1  0.111   0.953452
 ( -0.316 ,  0.046 ,  0.164 )   58    2  0.111   0.991885
 ( -0.316 ,  0.046 ,  0.289 )   58    1  0.087   0.960300
 ( -0.316 ,  0.046 ,  0.289 )   58    2  0.087   0.981582
 ( -0.316 ,  0.046 , -0.586 )   92    1  0.079   0.965071
 ( -0.316 ,  0.046 , -0.586 )   92    2  0.079   0.994713
 ( -0.316 ,  0.046 , -0.461 )   92    1  0.125   0.960789
 ( -0.316 ,  0.046 , -0.461 )   92    2  0.125   0.983913
 ( -0.316 ,  0.046 , -0.336 )   85    1  0.076   0.972651
 ( -0.316 ,  0.046 , -0.336 )   85    2  0.076   0.981805
 ( -0.316 ,  0.046 , -0.211 )   41    1  0.093   0.959505
 ( -0.316 ,  0.046 , -0.211 )   41    2  0.093   0.975085
 ( -0.316 ,  0.046 , -0.086 )   41    1  0.104   0.964719
 ( -0.316 ,  0.046 , -0.086 )   41    2  0.104   0.963340
 ( -0.316 ,  0.171 ,  0.039 )   63    1  0.104   0.967415
 ( -0.316 ,  0.171 ,  0.039 )   63    2  0.104   0.992956
 ( -0.316 ,  0.171 ,  0.164 )   32    1  0.106   0.996104
 ( -0.316 ,  0.171 ,  0.164 )   32    2  0.106   0.992881
 ( -0.316 ,  0.171 ,  0.289 )  110    1  0.124   0.972656
 ( -0.316 ,  0.171 ,  0.289 )  110    2  0.124   0.988539
 (  0.684 ,  0.171 ,  0.414 )  114    1  0.101   0.995197
 (  0.684 ,  0.171 ,  0.414 )  114    2  0.101   0.987782
 ( -0.316 ,  0.171 , -0.461 )  116    1  0.106   0.989046
 ( -0.316 ,  0.171 , -0.461 )  116    2  0.106   0.995078
 ( -0.316 ,  0.171 , -0.336 )   99    1  0.112   0.984458
 ( -0.316 ,  0.171 , -0.336 )   99    2  0.112   0.992476
 ( -0.316 ,  0.171 , -0.211 )  113    1  0.106   0.971725
 ( -0.316 ,  0.171 , -0.211 )  113    2  0.106   0.986807
 ( -0.316 ,  0.171 , -0.086 )   82    1  0.112   0.901905
 ( -0.316 ,  0.171 , -0.086 )   82    2  0.112   0.988922
 ( -0.316 ,  0.296 ,  0.039 )   63    1  0.093   0.967718
 ( -0.316 ,  0.296 ,  0.039 )   63    2  0.093   0.979776
 ( -0.316 ,  0.296 ,  0.164 )  106    1  0.117   0.980703
 ( -0.316 ,  0.296 ,  0.164 )  106    2  0.117   0.989308
 (  0.684 ,  0.296 ,  0.289 )   56    1  0.096   0.992436
 (  0.684 ,  0.296 ,  0.289 )   56    2  0.096   0.993659
 (  0.684 ,  0.296 ,  0.414 )  114    1  0.103   0.980562
 (  0.684 ,  0.296 ,  0.414 )  114    2  0.103   0.994417
 ( -0.316 , -0.704 , -0.461 )  124    1  0.111   0.990308
 ( -0.316 , -0.704 , -0.461 )  124    2  0.111   0.994829
 ( -0.316 , -0.704 , -0.336 )   99    1  0.091   0.991331
 ( -0.316 , -0.704 , -0.336 )   99    2  0.091   0.991979
 ( -0.316 ,  0.296 , -0.211 )  113    1  0.118   0.967820
 ( -0.316 ,  0.296 , -0.211 )  113    2  0.118   0.990329
 ( -0.316 ,  0.296 , -0.086 )  113    1  0.107   0.953063
 ( -0.316 ,  0.296 , -0.086 )  113    2  0.107   0.990326
 ( -0.316 , -0.579 ,  0.039 )  100    1  0.076   0.973889
 ( -0.316 , -0.579 ,  0.039 )  100    2  0.076   0.995479
 (  0.684 ,  0.421 ,  0.164 )  118    1  0.107   0.993767
 (  0.684 ,  0.421 ,  0.164 )  118    2  0.107   0.987225
 (  0.684 ,  0.421 ,  0.289 )  118    1  0.095   0.987957
 (  0.684 ,  0.421 ,  0.289 )  118    2  0.095   0.995270
 ( -0.316 , -0.579 , -0.586 )   62    1  0.079   0.995983
 ( -0.316 , -0.579 , -0.586 )   62    2  0.079   0.996307
 ( -0.316 , -0.579 , -0.461 )   61    1  0.127   0.958263
 ( -0.316 , -0.579 , -0.461 )   61    2  0.127   0.821154
 ( -0.316 , -0.579 , -0.336 )   61    1  0.081   0.987208
 ( -0.316 , -0.579 , -0.336 )   61    2  0.081   0.985551
 ( -0.316 , -0.579 , -0.211 )  123    1  0.090   0.971427
 ( -0.316 , -0.579 , -0.211 )  123    2  0.090   0.993173
 ( -0.316 , -0.579 , -0.086 )  123    1  0.113   0.949783
 ( -0.316 , -0.579 , -0.086 )  123    2  0.113   0.990570
 ( -0.316 , -0.454 ,  0.039 )   87    1  0.124   0.954231
 ( -0.316 , -0.454 ,  0.039 )   87    2  0.124   0.839635
 ( -0.316 , -0.454 ,  0.164 )  117    1  0.103   0.987003
 ( -0.316 , -0.454 ,  0.164 )  117    2  0.103   0.995185
 ( -0.316 , -0.454 , -0.711 )  108    1  0.116   0.988069
 ( -0.316 , -0.454 , -0.711 )  108    2  0.116   0.995196
 ( -0.316 , -0.454 , -0.586 )   70    1  0.120   0.962864
 ( -0.316 , -0.454 , -0.586 )   70    2  0.120   0.832738
 ( -0.316 , -0.454 , -0.461 )   38    1  0.101   0.997120
 ( -0.316 , -0.454 , -0.461 )   38    2  0.101   0.989055
 ( -0.316 , -0.454 , -0.336 )   61    1  0.128   0.982151
 ( -0.316 , -0.454 , -0.336 )   61    2  0.128   0.986142
 ( -0.316 , -0.454 , -0.211 )   81    1  0.112   0.962112
 ( -0.316 , -0.454 , -0.211 )   81    2  0.112   0.891503
 ( -0.316 , -0.454 , -0.086 )   45    1  0.106   0.911388
 ( -0.316 , -0.454 , -0.086 )   45    2  0.106   0.979926
 ( -0.316 , -0.329 ,  0.039 )   87    1  0.079   0.980231
 ( -0.316 , -0.329 ,  0.039 )   87    2  0.079   0.985917
 ( -0.316 , -0.329 ,  0.164 )   96    1  0.122   0.987278
 ( -0.316 , -0.329 ,  0.164 )   96    2  0.122   0.989705
 ( -0.316 , -0.329 , -0.711 )   96    1  0.088   0.994899
 ( -0.316 , -0.329 , -0.711 )   96    2  0.088   0.992796
 ( -0.316 , -0.329 , -0.586 )   70    1  0.088   0.989517
 ( -0.316 , -0.329 , -0.586 )   70    2  0.088   0.983750
 ( -0.316 , -0.329 , -0.461 )   70    1  0.121   0.989143
 ( -0.316 , -0.329 , -0.461 )   70    2  0.121   0.989942
 ( -0.316 , -0.329 , -0.336 )   11    1  0.079   0.988480
 ( -0.316 , -0.329 , -0.336 )   11    2  0.079   0.998602
 ( -0.316 , -0.329 , -0.211 )   44    1  0.103   0.993231
 ( -0.316 , -0.329 , -0.211 )   44    2  0.103   0.969461
 ( -0.316 , -0.329 , -0.086 )   44    1  0.102   0.972502
 ( -0.316 , -0.329 , -0.086 )   44    2  0.102   0.968802
 ( -0.316 , -0.204 ,  0.039 )   30    1  0.087   0.970869
 ( -0.316 , -0.204 ,  0.039 )   30    2  0.087   0.978171
 ( -0.316 , -0.204 ,  0.164 )  105    1  0.109   0.979040
 ( -0.316 , -0.204 ,  0.164 )  105    2  0.109   0.982448
 ( -0.316 , -0.204 ,  0.289 )  105    1  0.108   0.973388
 ( -0.316 , -0.204 ,  0.289 )  105    2  0.108   0.991927
 ( -0.316 , -0.204 , -0.586 )  103    1  0.087   0.976616
 ( -0.316 , -0.204 , -0.586 )  103    2  0.087   0.993806
 ( -0.316 , -0.204 , -0.461 )   78    1  0.117   0.970908
 ( -0.316 , -0.204 , -0.461 )   78    2  0.117   0.870779
 ( -0.316 , -0.204 , -0.336 )   25    1  0.094   0.990168
 ( -0.316 , -0.204 , -0.336 )   25    2  0.094   0.978639
 ( -0.316 , -0.204 , -0.211 )   75    1  0.095   0.991967
 ( -0.316 , -0.204 , -0.211 )   75    2  0.095   0.972773
 ( -0.316 , -0.204 , -0.086 )   21    1  0.124   0.847477
 ( -0.316 , -0.204 , -0.086 )   21    2  0.124   0.921150
 ( -0.316 , -0.079 ,  0.039 )   30    1  0.112   0.970394
 ( -0.316 , -0.079 ,  0.039 )   30    2  0.112   0.953667
 ( -0.316 , -0.079 ,  0.164 )   74    1  0.107   0.912740
 ( -0.316 , -0.079 ,  0.164 )   74    2  0.107   0.991053
 ( -0.316 , -0.079 ,  0.289 )  105    1  0.110   0.944093
 ( -0.316 , -0.079 ,  0.289 )  105    2  0.110   0.989118
 ( -0.316 , -0.079 , -0.586 )  103    1  0.122   0.940459
 ( -0.316 , -0.079 , -0.586 )  103    2  0.122   0.988319
 ( -0.316 , -0.079 , -0.461 )   26    1  0.103   0.919378
 ( -0.316 , -0.079 , -0.461 )   26    2  0.103   0.985864
 ( -0.316 , -0.079 , -0.336 )   25    1  0.108   0.961965
 ( -0.316 , -0.079 , -0.336 )   25    2  0.108   0.966418
 ( -0.316 , -0.079 , -0.211 )   19    1  0.118   0.861963
 ( -0.316 , -0.079 , -0.211 )   19    2  0.118   0.926590
 ( -0.316 , -0.079 , -0.086 )    7    1  0.105   0.906533
 ( -0.316 , -0.079 , -0.086 )    7    2  0.105   0.955132
 ( -0.191 ,  0.046 ,  0.039 )    7    1  0.048   0.959134
 ( -0.191 ,  0.046 ,  0.039 )    7    2  0.048   0.971850
 ( -0.191 ,  0.046 ,  0.164 )   74    1  0.072   0.954972
 ( -0.191 ,  0.046 ,  0.164 )   74    2  0.072   0.993754
 ( -0.191 ,  0.046 ,  0.289 )   74    1  0.086   0.963770
 ( -0.191 ,  0.046 ,  0.289 )   74    2  0.086   0.994954
 ( -0.191 ,  0.046 ,  0.414 )   50    1  0.043   0.966689
 ( -0.191 ,  0.046 ,  0.414 )   50    2  0.043   0.995762
 ( -0.191 ,  0.046 , -0.461 )   26    1  0.095   0.964763
 ( -0.191 ,  0.046 , -0.461 )   26    2  0.095   0.993548
 ( -0.191 ,  0.046 , -0.336 )   26    1  0.064   0.970530
 ( -0.191 ,  0.046 , -0.336 )   26    2  0.064   0.989844
 ( -0.191 ,  0.046 , -0.211 )   19    1  0.053   0.969590
 ( -0.191 ,  0.046 , -0.211 )   19    2  0.053   0.988645
 ( -0.191 ,  0.046 , -0.086 )   19    1  0.110   0.895098
 ( -0.191 ,  0.046 , -0.086 )   19    2  0.110   0.915710
 ( -0.191 ,  0.171 ,  0.039 )   82    1  0.059   0.968797
 ( -0.191 ,  0.171 ,  0.039 )   82    2  0.059   0.995347
 ( -0.191 ,  0.171 ,  0.164 )   32    1  0.046   0.997904
 ( -0.191 ,  0.171 ,  0.164 )   32    2  0.046   0.999025
 ( -0.191 ,  0.171 ,  0.289 )   32    1  0.107   0.866843
 ( -0.191 ,  0.171 ,  0.289 )   32    2  0.107   0.986230
 ( -0.191 ,  0.171 ,  0.414 )  110    1  0.040   0.997820
 ( -0.191 ,  0.171 ,  0.414 )  110    2  0.040   0.998920
 ( -0.191 ,  0.171 , -0.461 )  116    1  0.067   0.996639
 ( -0.191 ,  0.171 , -0.461 )  116    2  0.067   0.997149
 ( -0.191 ,  0.171 , -0.336 )  116    1  0.082   0.994263
 ( -0.191 ,  0.171 , -0.336 )  116    2  0.082   0.989264
 ( -0.191 ,  0.171 , -0.211 )   42    1  0.034   0.994092
 ( -0.191 ,  0.171 , -0.211 )   42    2  0.034   0.997397
 ( -0.191 ,  0.171 , -0.086 )   82    1  0.091   0.954471
 ( -0.191 ,  0.171 , -0.086 )   82    2  0.091   0.919662
 ( -0.191 ,  0.296 ,  0.039 )   82    1  0.092   0.971868
 ( -0.191 ,  0.296 ,  0.039 )   82    2  0.092   0.995563
 ( -0.191 ,  0.296 ,  0.164 )  106    1  0.108   0.984931
 ( -0.191 ,  0.296 ,  0.164 )  106    2  0.108   0.985973
 ( -0.191 ,  0.296 ,  0.289 )   32    1  0.108   0.987967
 ( -0.191 ,  0.296 ,  0.289 )   32    2  0.108   0.993776
 ( -0.191 ,  0.296 ,  0.414 )  110    1  0.095   0.980009
 ( -0.191 ,  0.296 ,  0.414 )  110    2  0.095   0.996743
 ( -0.191 , -0.704 , -0.461 )  124    1  0.113   0.994204
 ( -0.191 , -0.704 , -0.461 )  124    2  0.113   0.989860
 ( -0.191 ,  0.296 , -0.336 )  116    1  0.097   0.989392
 ( -0.191 ,  0.296 , -0.336 )  116    2  0.097   0.994496
 ( -0.191 ,  0.296 , -0.211 )   42    1  0.104   0.989272
 ( -0.191 ,  0.296 , -0.211 )   42    2  0.104   0.991729
 ( -0.191 ,  0.296 , -0.086 )   69    1  0.123   0.903404
 ( -0.191 ,  0.296 , -0.086 )   69    2  0.123   0.968168
 ( -0.191 ,  0.421 ,  0.039 )   69    1  0.036   0.976152
 ( -0.191 ,  0.421 ,  0.039 )   69    2  0.036   0.997704
 ( -0.191 ,  0.421 ,  0.164 )  106    1  0.052   0.995857
 ( -0.191 ,  0.421 ,  0.164 )  106    2  0.052   0.998844
 ( -0.191 ,  0.421 ,  0.289 )  106    1  0.086   0.987461
 ( -0.191 ,  0.421 ,  0.289 )  106    2  0.086   0.997196
 ( -0.191 , -0.579 , -0.586 )   97    1  0.019   0.998784
 ( -0.191 , -0.579 , -0.586 )   97    2  0.019   0.999776
 ( -0.191 , -0.579 , -0.461 )  124    1  0.078   0.980893
 ( -0.191 , -0.579 , -0.461 )  124    2  0.078   0.998020
 ( -0.191 , -0.579 , -0.336 )  124    1  0.060   0.991616
 ( -0.191 , -0.579 , -0.336 )  124    2  0.060   0.997653
 ( -0.191 , -0.579 , -0.211 )   66    1  0.029   0.993012
 ( -0.191 , -0.579 , -0.211 )   66    2  0.029   0.998622
 ( -0.191 , -0.579 , -0.086 )   69    1  0.104   0.903574
 ( -0.191 , -0.579 , -0.086 )   69    2  0.104   0.978656
 ( -0.191 , -0.454 ,  0.039 )   45    1  0.082   0.974912
 ( -0.191 , -0.454 ,  0.039 )   45    2  0.082   0.994336
 ( -0.191 , -0.454 ,  0.164 )  117    1  0.063   0.995566
 ( -0.191 , -0.454 ,  0.164 )  117    2  0.063   0.997306
 ( -0.191 , -0.454 , -0.711 )  108    1  0.118   0.993837
 ( -0.191 , -0.454 , -0.711 )  108    2  0.118   0.987290
 ( -0.191 , -0.454 , -0.586 )  108    1  0.066   0.988552
 ( -0.191 , -0.454 , -0.586 )  108    2  0.066   0.998512
 ( -0.191 , -0.454 , -0.461 )   38    1  0.076   0.993644
 ( -0.191 , -0.454 , -0.461 )   38    2  0.076   0.996677
 ( -0.191 , -0.454 , -0.336 )   38    1  0.102   0.871755
 ( -0.191 , -0.454 , -0.336 )   38    2  0.102   0.993908
 ( -0.191 , -0.454 , -0.211 )   81    1  0.059   0.991037
 ( -0.191 , -0.454 , -0.211 )   81    2  0.059   0.997836
 ( -0.191 , -0.454 , -0.086 )   45    1  0.096   0.907452
 ( -0.191 , -0.454 , -0.086 )   45    2  0.096   0.985170
 ( -0.191 , -0.329 ,  0.039 )   45    1  0.069   0.977521
 ( -0.191 , -0.329 ,  0.039 )   45    2  0.069   0.987500
 ( -0.191 , -0.329 ,  0.164 )  117    1  0.095   0.992485
 ( -0.191 , -0.329 ,  0.164 )  117    2  0.095   0.984509
 ( -0.191 , -0.329 ,  0.289 )  117    1  0.094   0.986812
 ( -0.191 , -0.329 ,  0.289 )  117    2  0.094   0.994436
 ( -0.191 , -0.329 , -0.586 )  108    1  0.069   0.989123
 ( -0.191 , -0.329 , -0.586 )  108    2  0.069   0.996437
 ( -0.191 , -0.329 , -0.461 )   38    1  0.115   0.853810
 ( -0.191 , -0.329 , -0.461 )   38    2  0.115   0.991560
 ( -0.191 , -0.329 , -0.336 )   38    1  0.078   0.995793
 ( -0.191 , -0.329 , -0.336 )   38    2  0.078   0.991047
 ( -0.191 , -0.329 , -0.211 )   81    1  0.078   0.986986
 ( -0.191 , -0.329 , -0.211 )   81    2  0.078   0.988780
 ( -0.191 , -0.329 , -0.086 )   81    1  0.114   0.951391
 ( -0.191 , -0.329 , -0.086 )   81    2  0.114   0.870025
 ( -0.191 , -0.204 ,  0.039 )   21    1  0.041   0.979530
 ( -0.191 , -0.204 ,  0.039 )   21    2  0.041   0.992898
 ( -0.191 , -0.204 ,  0.164 )   31    1  0.042   0.997154
 ( -0.191 , -0.204 ,  0.164 )   31    2  0.042   0.995817
 ( -0.191 , -0.204 ,  0.289 )   31    1  0.093   0.994295
 ( -0.191 , -0.204 ,  0.289 )   31    2  0.093   0.993045
 ( -0.191 , -0.204 , -0.586 )   55    1  0.017   0.997297
 ( -0.191 , -0.204 , -0.586 )   55    2  0.017   0.999696
 ( -0.191 , -0.204 , -0.461 )   78    1  0.068   0.994085
 ( -0.191 , -0.204 , -0.461 )   78    2  0.068   0.997520
 ( -0.191 , -0.204 , -0.336 )   78    1  0.067   0.994782
 ( -0.191 , -0.204 , -0.336 )   78    2  0.067   0.991504
 ( -0.191 , -0.204 , -0.211 )    3    1  0.018   0.992114
 ( -0.191 , -0.204 , -0.211 )    3    2  0.018   0.996190
 ( -0.191 , -0.204 , -0.086 )   21    1  0.094   0.929239
 ( -0.191 , -0.204 , -0.086 )   21    2  0.094   0.935560
 ( -0.191 , -0.079 ,  0.039 )    7    1  0.106   0.959732
 ( -0.191 , -0.079 ,  0.039 )    7    2  0.106   0.793845
 ( -0.191 , -0.079 ,  0.164 )   74    1  0.085   0.963885
 ( -0.191 , -0.079 ,  0.164 )   74    2  0.085   0.925814
 ( -0.191 , -0.079 ,  0.289 )   50    1  0.125   0.905800
 ( -0.191 , -0.079 ,  0.289 )   50    2  0.125   0.980781
 ( -0.191 , -0.079 , -0.586 )   50    1  0.092   0.914176
 ( -0.191 , -0.079 , -0.586 )   50    2  0.092   0.985240
 ( -0.191 , -0.079 , -0.461 )   26    1  0.093   0.919816
 ( -0.191 , -0.079 , -0.461 )   26    2  0.093   0.988018
 ( -0.191 , -0.079 , -0.336 )   78    1  0.119   0.939662
 ( -0.191 , -0.079 , -0.336 )   78    2  0.119   0.869889
 ( -0.191 , -0.079 , -0.211 )   19    1  0.084   0.933049
 ( -0.191 , -0.079 , -0.211 )   19    2  0.084   0.953018
 ( -0.191 , -0.079 , -0.086 )    7    1  0.107   0.917282
 ( -0.191 , -0.079 , -0.086 )    7    2  0.107   0.907273
 ( -0.066 ,  0.046 ,  0.039 )    1    1  0.109   0.871266
 ( -0.066 ,  0.046 ,  0.039 )    1    2  0.109   0.971069
 ( -0.066 ,  0.046 ,  0.164 )    2    1  0.103   0.945460
 ( -0.066 ,  0.046 ,  0.164 )    2    2  0.103   0.853073
 ( -0.066 ,  0.046 ,  0.289 )   74    1  0.122   0.924218
 ( -0.066 ,  0.046 ,  0.289 )   74    2  0.122   0.976669
 ( -0.066 ,  0.046 ,  0.414 )   10    1  0.100   0.899742
 ( -0.066 ,  0.046 ,  0.414 )   10    2  0.100   0.934806
 ( -0.066 ,  0.046 , -0.461 )   12    1  0.114   0.904302
 ( -0.066 ,  0.046 , -0.461 )   12    2  0.114   0.919693
 ( -0.066 ,  0.046 , -0.336 )   26    1  0.118   0.953516
 ( -0.066 ,  0.046 , -0.336 )   26    2  0.118   0.947255
 ( -0.066 ,  0.046 , -0.211 )    4    1  0.098   0.951769
 ( -0.066 ,  0.046 , -0.211 )    4    2  0.098   0.830507
 ( -0.066 ,  0.046 , -0.086 )    1    1  0.129   0.878237
 ( -0.066 ,  0.046 , -0.086 )    1    2  0.129   0.891712
 ( -0.066 ,  0.171 ,  0.039 )    9    1  0.094   0.940612
 ( -0.066 ,  0.171 ,  0.039 )    9    2  0.094   0.877431
 ( -0.066 ,  0.171 ,  0.164 )   18    1  0.058   0.953095
 ( -0.066 ,  0.171 ,  0.164 )   18    2  0.058   0.980468
 ( -0.066 ,  0.171 ,  0.289 )   24    1  0.102   0.942068
 ( -0.066 ,  0.171 ,  0.289 )   24    2  0.102   0.971223
 ( -0.066 ,  0.171 ,  0.414 )   24    1  0.075   0.941118
 ( -0.066 ,  0.171 ,  0.414 )   24    2  0.075   0.997957
 ( -0.066 ,  0.171 , -0.461 )   48    1  0.066   0.938685
 ( -0.066 ,  0.171 , -0.461 )   48    2  0.066   0.995111
 ( -0.066 ,  0.171 , -0.336 )   48    1  0.116   0.931880
 ( -0.066 ,  0.171 , -0.336 )   48    2  0.116   0.979822
 ( -0.066 ,  0.171 , -0.211 )   72    1  0.061   0.959527
 ( -0.066 ,  0.171 , -0.211 )   72    2  0.061   0.964202
 ( -0.066 ,  0.171 , -0.086 )    9    1  0.082   0.941078
 ( -0.066 ,  0.171 , -0.086 )    9    2  0.082   0.881535
 ( -0.066 ,  0.296 ,  0.039 )   82    1  0.126   0.938223
 ( -0.066 ,  0.296 ,  0.039 )   82    2  0.126   0.965491
 ( -0.066 ,  0.296 ,  0.164 )   35    1  0.094   0.945902
 ( -0.066 ,  0.296 ,  0.164 )   35    2  0.094   0.978136
 ( -0.066 ,  0.296 ,  0.289 )   84    1  0.108   0.958216
 ( -0.066 ,  0.296 ,  0.289 )   84    2  0.108   0.966784
 ( -0.066 ,  0.296 ,  0.414 )   84    1  0.118   0.904563
 ( -0.066 ,  0.296 ,  0.414 )   84    2  0.118   0.884165
 ( -0.066 ,  0.296 ,  0.539 )   90    1  0.091   0.934120
 ( -0.066 ,  0.296 ,  0.539 )   90    2  0.091   0.996520
 ( -0.066 ,  0.296 , -0.336 )  116    1  0.120   0.926025
 ( -0.066 ,  0.296 , -0.336 )  116    2  0.120   0.986274
 ( -0.066 ,  0.296 , -0.211 )   67    1  0.103   0.930380
 ( -0.066 ,  0.296 , -0.211 )   67    2  0.103   0.988313
 ( -0.066 ,  0.296 , -0.086 )   17    1  0.096   0.913528
 ( -0.066 ,  0.296 , -0.086 )   17    2  0.096   0.941444
 ( -0.066 ,  0.421 ,  0.039 )   17    1  0.097   0.901916
 ( -0.066 ,  0.421 ,  0.039 )   17    2  0.097   0.942468
 ( -0.066 ,  0.421 ,  0.164 )   35    1  0.082   0.940487
 ( -0.066 ,  0.421 ,  0.164 )   35    2  0.082   0.996934
 ( -0.066 ,  0.421 ,  0.289 )   84    1  0.129   0.907425
 ( -0.066 ,  0.421 ,  0.289 )   84    2  0.129   0.857871
 ( -0.066 ,  0.421 ,  0.414 )   84    1  0.085   0.983611
 ( -0.066 ,  0.421 ,  0.414 )   84    2  0.085   0.945250
 ( -0.066 , -0.579 , -0.461 )   90    1  0.093   0.935357
 ( -0.066 , -0.579 , -0.461 )   90    2  0.093   0.979677
 ( -0.066 , -0.579 , -0.336 )   90    1  0.115   0.931032
 ( -0.066 , -0.579 , -0.336 )   90    2  0.115   0.995431
 ( -0.066 , -0.579 , -0.211 )   67    1  0.079   0.937627
 ( -0.066 , -0.579 , -0.211 )   67    2  0.079   0.993938
 ( -0.066 ,  0.421 , -0.086 )   17    1  0.109   0.917262
 ( -0.066 ,  0.421 , -0.086 )   17    2  0.109   0.928334
 ( -0.066 , -0.454 ,  0.039 )   16    1  0.103   0.907653
 ( -0.066 , -0.454 ,  0.039 )   16    2  0.103   0.923042
 ( -0.066 , -0.454 ,  0.164 )   59    1  0.061   0.938347
 ( -0.066 , -0.454 ,  0.164 )   59    2  0.061   0.994924
 ( -0.066 ,  0.546 ,  0.289 )   94    1  0.097   0.934081
 ( -0.066 ,  0.546 ,  0.289 )   94    2  0.097   0.995358
 ( -0.066 , -0.454 , -0.586 )   94    1  0.083   0.935453
 ( -0.066 , -0.454 , -0.586 )   94    2  0.083   0.987589
 ( -0.066 , -0.454 , -0.461 )   86    1  0.065   0.977594
 ( -0.066 , -0.454 , -0.461 )   86    2  0.065   0.955357
 ( -0.066 , -0.454 , -0.336 )   43    1  0.119   0.930705
 ( -0.066 , -0.454 , -0.336 )   43    2  0.119   0.978864
 ( -0.066 , -0.454 , -0.211 )   43    1  0.068   0.943073
 ( -0.066 , -0.454 , -0.211 )   43    2  0.068   0.995938
 ( -0.066 , -0.454 , -0.086 )   16    1  0.078   0.914318
 ( -0.066 , -0.454 , -0.086 )   16    2  0.078   0.956839
 ( -0.066 , -0.329 ,  0.039 )   45    1  0.120   0.961860
 ( -0.066 , -0.329 ,  0.039 )   45    2  0.120   0.943263
 ( -0.066 , -0.329 ,  0.164 )   76    1  0.116   0.930458
 ( -0.066 , -0.329 ,  0.164 )   76    2  0.116   0.992834
 ( -0.066 , -0.329 ,  0.289 )  117    1  0.118   0.925903
 ( -0.066 , -0.329 ,  0.289 )  117    2  0.118   0.986195
 ( -0.066 , -0.329 , -0.586 )   94    1  0.120   0.930890
 ( -0.066 , -0.329 , -0.586 )   94    2  0.120   0.994616
 ( -0.066 , -0.329 , -0.461 )   28    1  0.112   0.932901
 ( -0.066 , -0.329 , -0.461 )   28    2  0.112   0.984892
 ( -0.066 , -0.329 , -0.336 )   38    1  0.116   0.952282
 ( -0.066 , -0.329 , -0.336 )   38    2  0.116   0.963167
 ( -0.066 , -0.329 , -0.211 )   43    1  0.120   0.941130
 ( -0.066 , -0.329 , -0.211 )   43    2  0.120   0.968840
 ( -0.066 , -0.329 , -0.086 )    8    1  0.114   0.905346
 ( -0.066 , -0.329 , -0.086 )    8    2  0.114   0.940944
 ( -0.066 , -0.204 ,  0.039 )    8    1  0.092   0.959354
 ( -0.066 , -0.204 ,  0.039 )    8    2  0.092   0.832351
 ( -0.066 , -0.204 ,  0.164 )   76    1  0.066   0.974822
 ( -0.066 , -0.204 ,  0.164 )   76    2  0.066   0.946100
 ( -0.066 , -0.204 ,  0.289 )   52    1  0.113   0.927340
 ( -0.066 , -0.204 ,  0.289 )   52    2  0.113   0.988329
 ( -0.066 , -0.204 , -0.586 )   52    1  0.076   0.936766
 ( -0.066 , -0.204 , -0.586 )   52    2  0.076   0.993141
 ( -0.066 , -0.204 , -0.461 )   28    1  0.076   0.941988
 ( -0.066 , -0.204 , -0.461 )   28    2  0.076   0.994396
 ( -0.066 , -0.204 , -0.336 )   28    1  0.113   0.944841
 ( -0.066 , -0.204 , -0.336 )   28    2  0.113   0.979287
 ( -0.066 , -0.204 , -0.211 )   20    1  0.066   0.951266
 ( -0.066 , -0.204 , -0.211 )   20    2  0.066   0.972462
 ( -0.066 , -0.204 , -0.086 )    8    1  0.093   0.933068
 ( -0.066 , -0.204 , -0.086 )    8    2  0.093   0.911653
 ( -0.066 , -0.079 ,  0.039 )    1    1  0.118   0.896142
 ( -0.066 , -0.079 ,  0.039 )    1    2  0.118   0.891071
 ( -0.066 , -0.079 ,  0.164 )    2    1  0.074   0.946617
 ( -0.066 , -0.079 ,  0.164 )    2    2  0.074   0.889734
 ( -0.066 , -0.079 ,  0.289 )   10    1  0.099   0.916179
 ( -0.066 , -0.079 ,  0.289 )   10    2  0.099   0.948401
 ( -0.066 , -0.079 ,  0.414 )   10    1  0.099   0.921113
 ( -0.066 , -0.079 ,  0.414 )   10    2  0.099   0.934514
 ( -0.066 , -0.079 , -0.461 )   12    1  0.075   0.918698
 ( -0.066 , -0.079 , -0.461 )   12    2  0.075   0.961288
 ( -0.066 , -0.079 , -0.336 )    4    1  0.119   0.907154
 ( -0.066 , -0.079 , -0.336 )    4    2  0.119   0.953725
 ( -0.066 , -0.079 , -0.211 )    4    1  0.083   0.929307
 ( -0.066 , -0.079 , -0.211 )    4    2  0.083   0.937600
 ( -0.066 , -0.079 , -0.086 )    1    1  0.084   0.911353
 ( -0.066 , -0.079 , -0.086 )    1    2  0.084   0.985973
