 -------  Norm of dvv matrices : Spins =            1  -------
           k-point           ik_co    v   dist    |dvv|^2      
---------------------------------------------------------------
 (  0.059 ,  0.046 ,  0.039 )    1    1  0.054   0.988348
 (  0.059 ,  0.046 ,  0.039 )    1    2  0.054   0.962735
 (  0.059 ,  0.046 ,  0.039 )    1    3  0.054   0.905421
 (  0.059 ,  0.046 ,  0.164 )    2    1  0.093   0.945276
 (  0.059 ,  0.046 ,  0.164 )    2    2  0.093   0.936254
 (  0.059 ,  0.046 ,  0.164 )    2    3  0.093   0.982505
 (  0.059 ,  0.046 ,  0.289 )    2    1  0.078   0.972599
 (  0.059 ,  0.046 ,  0.289 )    2    2  0.078   0.929525
 (  0.059 ,  0.046 ,  0.289 )    2    3  0.078   0.996948
 (  0.059 ,  0.046 ,  0.414 )   10    1  0.058   0.982268
 (  0.059 ,  0.046 ,  0.414 )   10    2  0.058   0.922953
 (  0.059 ,  0.046 ,  0.414 )   10    3  0.058   0.999437
 (  0.059 ,  0.046 , -0.461 )   12    1  0.115   0.988854
 (  0.059 ,  0.046 , -0.461 )   12    2  0.115   0.900419
 (  0.059 ,  0.046 , -0.461 )   12    3  0.115   0.999061
 (  0.059 ,  0.046 , -0.336 )   12    1  0.062   0.954541
 (  0.059 ,  0.046 , -0.336 )   12    2  0.062   0.944972
 (  0.059 ,  0.046 , -0.336 )   12    3  0.062   0.999143
 (  0.059 ,  0.046 , -0.211 )    4    1  0.073   0.927971
 (  0.059 ,  0.046 , -0.211 )    4    2  0.073   0.968228
 (  0.059 ,  0.046 , -0.211 )    4    3  0.073   0.997194
 (  0.059 ,  0.046 , -0.086 )    4    1  0.099   0.893950
 (  0.059 ,  0.046 , -0.086 )    4    2  0.099   0.966905
 (  0.059 ,  0.046 , -0.086 )    4    3  0.099   0.978981
 (  0.059 ,  0.171 ,  0.039 )    9    1  0.083   0.949909
 (  0.059 ,  0.171 ,  0.039 )    9    2  0.083   0.941757
 (  0.059 ,  0.171 ,  0.039 )    9    3  0.083   0.987067
 (  0.059 ,  0.171 ,  0.164 )   18    1  0.092   0.945295
 (  0.059 ,  0.171 ,  0.164 )   18    2  0.092   0.982623
 (  0.059 ,  0.171 ,  0.164 )   18    3  0.092   0.980743
 (  0.059 ,  0.171 ,  0.289 )   18    1  0.114   0.931397
 (  0.059 ,  0.171 ,  0.289 )   18    2  0.114   0.880874
 (  0.059 ,  0.171 ,  0.289 )   18    3  0.114   0.973161
 (  0.059 ,  0.171 ,  0.414 )   24    1  0.077   0.959765
 (  0.059 ,  0.171 ,  0.414 )   24    2  0.077   0.975316
 (  0.059 ,  0.171 ,  0.414 )   24    3  0.077   0.997887
 (  0.059 ,  0.171 ,  0.539 )   48    1  0.108   0.951713
 (  0.059 ,  0.171 ,  0.539 )   48    2  0.108   0.973700
 (  0.059 ,  0.171 ,  0.539 )   48    3  0.108   0.998789
 (  0.059 ,  0.171 , -0.336 )   48    1  0.096   0.928159
 (  0.059 ,  0.171 , -0.336 )   48    2  0.096   0.991740
 (  0.059 ,  0.171 , -0.336 )   48    3  0.096   0.999038
 (  0.059 ,  0.171 , -0.211 )   72    1  0.080   0.928022
 (  0.059 ,  0.171 , -0.211 )   72    2  0.080   0.988980
 (  0.059 ,  0.171 , -0.211 )   72    3  0.080   0.997994
 (  0.059 ,  0.171 , -0.086 )    9    1  0.128   0.845837
 (  0.059 ,  0.171 , -0.086 )    9    2  0.128   0.850400
 (  0.059 ,  0.171 , -0.086 )    9    3  0.128   0.957600
 (  0.059 ,  0.296 ,  0.039 )    9    1  0.085   0.968182
 (  0.059 ,  0.296 ,  0.039 )    9    2  0.085   0.934593
 (  0.059 ,  0.296 ,  0.039 )    9    3  0.085   0.996351
 (  0.059 ,  0.296 ,  0.164 )   18    1  0.126   0.920778
 (  0.059 ,  0.296 ,  0.164 )   18    2  0.126   0.874977
 (  0.059 ,  0.296 ,  0.164 )   18    3  0.126   0.964708
 (  0.059 ,  0.296 ,  0.289 )   18    1  0.093   0.992934
 (  0.059 ,  0.296 ,  0.289 )   18    2  0.093   0.945617
 (  0.059 ,  0.296 ,  0.289 )   18    3  0.093   0.992050
 (  0.059 ,  0.296 ,  0.414 )   24    1  0.093   0.944295
 (  0.059 ,  0.296 ,  0.414 )   24    2  0.093   0.979278
 (  0.059 ,  0.296 ,  0.414 )   24    3  0.093   0.998235
 (  0.059 ,  0.296 ,  0.539 )   24    1  0.125   0.941302
 (  0.059 ,  0.296 ,  0.539 )   24    2  0.125   0.985568
 (  0.059 ,  0.296 ,  0.539 )   24    3  0.125   0.996867
 (  0.059 ,  0.296 , -0.336 )   48    1  0.085   0.943400
 (  0.059 ,  0.296 , -0.336 )   48    2  0.085   0.994094
 (  0.059 ,  0.296 , -0.336 )   48    3  0.085   0.998841
 (  0.059 ,  0.296 , -0.211 )   72    1  0.107   0.934313
 (  0.059 ,  0.296 , -0.211 )   72    2  0.107   0.993914
 (  0.059 ,  0.296 , -0.211 )   72    3  0.107   0.997769
 (  0.059 ,  0.296 , -0.086 )   72    1  0.107   0.904067
 (  0.059 ,  0.296 , -0.086 )   72    2  0.107   0.976151
 (  0.059 ,  0.296 , -0.086 )   72    3  0.107   0.996453
 (  0.059 ,  0.421 ,  0.039 )   17    1  0.053   0.980031
 (  0.059 ,  0.421 ,  0.039 )   17    2  0.053   0.928928
 (  0.059 ,  0.421 ,  0.039 )   17    3  0.053   0.999528
 (  0.059 ,  0.421 ,  0.164 )   35    1  0.084   0.955596
 (  0.059 ,  0.421 ,  0.164 )   35    2  0.084   0.973857
 (  0.059 ,  0.421 ,  0.164 )   35    3  0.084   0.997586
 (  0.059 ,  0.421 ,  0.289 )   35    1  0.084   0.947354
 (  0.059 ,  0.421 ,  0.289 )   35    2  0.084   0.984336
 (  0.059 ,  0.421 ,  0.289 )   35    3  0.084   0.998459
 (  0.059 ,  0.421 ,  0.414 )   84    1  0.053   0.998585
 (  0.059 ,  0.421 ,  0.414 )   84    2  0.053   0.948325
 (  0.059 ,  0.421 ,  0.414 )   84    3  0.053   0.999199
 (  0.059 ,  0.421 ,  0.539 )   90    1  0.107   0.947806
 (  0.059 ,  0.421 ,  0.539 )   90    2  0.107   0.977536
 (  0.059 ,  0.421 ,  0.539 )   90    3  0.107   0.997518
 (  0.059 , -0.579 , -0.336 )   90    1  0.065   0.947687
 (  0.059 , -0.579 , -0.336 )   90    2  0.065   0.996752
 (  0.059 , -0.579 , -0.336 )   90    3  0.065   0.999537
 (  0.059 ,  0.421 , -0.211 )   67    1  0.065   0.947058
 (  0.059 ,  0.421 , -0.211 )   67    2  0.065   0.997107
 (  0.059 ,  0.421 , -0.211 )   67    3  0.065   0.999344
 (  0.059 ,  0.421 , -0.086 )   67    1  0.106   0.910986
 (  0.059 ,  0.421 , -0.086 )   67    2  0.106   0.981298
 (  0.059 ,  0.421 , -0.086 )   67    3  0.106   0.998541
 (  0.059 , -0.454 ,  0.039 )   16    1  0.105   0.984374
 (  0.059 , -0.454 ,  0.039 )   16    2  0.105   0.911231
 (  0.059 , -0.454 ,  0.039 )   16    3  0.105   0.999167
 (  0.059 ,  0.546 ,  0.164 )   59    1  0.105   0.947963
 (  0.059 ,  0.546 ,  0.164 )   59    2  0.105   0.973298
 (  0.059 ,  0.546 ,  0.164 )   59    3  0.105   0.998771
 (  0.059 ,  0.546 ,  0.289 )   35    1  0.129   0.941410
 (  0.059 ,  0.546 ,  0.289 )   35    2  0.129   0.983947
 (  0.059 ,  0.546 ,  0.289 )   35    3  0.129   0.997315
 (  0.059 ,  0.546 ,  0.414 )   94    1  0.098   0.948265
 (  0.059 ,  0.546 ,  0.414 )   94    2  0.098   0.983990
 (  0.059 ,  0.546 ,  0.414 )   94    3  0.098   0.997741
 (  0.059 , -0.454 , -0.461 )   86    1  0.118   0.996994
 (  0.059 , -0.454 , -0.461 )   86    2  0.118   0.945285
 (  0.059 , -0.454 , -0.461 )   86    3  0.118   0.992858
 (  0.059 , -0.454 , -0.336 )   86    1  0.118   0.945192
 (  0.059 , -0.454 , -0.336 )   86    2  0.118   0.849210
 (  0.059 , -0.454 , -0.336 )   86    3  0.118   0.998278
 (  0.059 , -0.454 , -0.211 )   43    1  0.098   0.945630
 (  0.059 , -0.454 , -0.211 )   43    2  0.098   0.991177
 (  0.059 , -0.454 , -0.211 )   43    3  0.098   0.998773
 (  0.059 , -0.454 , -0.086 )   71    1  0.126   0.850604
 (  0.059 , -0.454 , -0.086 )   71    2  0.126   0.963750
 (  0.059 , -0.454 , -0.086 )   71    3  0.126   0.997684
 (  0.059 , -0.329 ,  0.039 )   16    1  0.066   0.961781
 (  0.059 , -0.329 ,  0.039 )   16    2  0.066   0.942543
 (  0.059 , -0.329 ,  0.039 )   16    3  0.066   0.999033
 (  0.059 , -0.329 ,  0.164 )   59    1  0.107   0.922225
 (  0.059 , -0.329 ,  0.164 )   59    2  0.107   0.990235
 (  0.059 , -0.329 ,  0.164 )   59    3  0.107   0.998854
 (  0.059 , -0.329 ,  0.289 )   59    1  0.082   0.944204
 (  0.059 , -0.329 ,  0.289 )   59    2  0.082   0.994395
 (  0.059 , -0.329 ,  0.289 )   59    3  0.082   0.998900
 (  0.059 , -0.329 , -0.586 )   94    1  0.073   0.947370
 (  0.059 , -0.329 , -0.586 )   94    2  0.073   0.995517
 (  0.059 , -0.329 , -0.586 )   94    3  0.073   0.999521
 (  0.059 , -0.329 , -0.461 )   94    1  0.121   0.950549
 (  0.059 , -0.329 , -0.461 )   94    2  0.121   0.978882
 (  0.059 , -0.329 , -0.461 )   94    3  0.121   0.995342
 (  0.059 , -0.329 , -0.336 )   86    1  0.069   0.998112
 (  0.059 , -0.329 , -0.336 )   86    2  0.069   0.949289
 (  0.059 , -0.329 , -0.336 )   86    3  0.069   0.996413
 (  0.059 , -0.329 , -0.211 )   43    1  0.088   0.950533
 (  0.059 , -0.329 , -0.211 )   43    2  0.088   0.976726
 (  0.059 , -0.329 , -0.211 )   43    3  0.088   0.998484
 (  0.059 , -0.329 , -0.086 )   43    1  0.100   0.946941
 (  0.059 , -0.329 , -0.086 )   43    2  0.100   0.962136
 (  0.059 , -0.329 , -0.086 )   43    3  0.100   0.996241
 (  0.059 , -0.204 ,  0.039 )    8    1  0.064   0.943336
 (  0.059 , -0.204 ,  0.039 )    8    2  0.064   0.960498
 (  0.059 , -0.204 ,  0.039 )    8    3  0.064   0.997736
 (  0.059 , -0.204 ,  0.164 )   76    1  0.084   0.923852
 (  0.059 , -0.204 ,  0.164 )   76    2  0.084   0.987390
 (  0.059 , -0.204 ,  0.164 )   76    3  0.084   0.997995
 (  0.059 , -0.204 ,  0.289 )   76    1  0.096   0.937146
 (  0.059 , -0.204 ,  0.289 )   76    2  0.096   0.994746
 (  0.059 , -0.204 ,  0.289 )   76    3  0.096   0.997903
 (  0.059 , -0.204 ,  0.414 )   52    1  0.061   0.947668
 (  0.059 , -0.204 ,  0.414 )   52    2  0.061   0.997427
 (  0.059 , -0.204 ,  0.414 )   52    3  0.061   0.999387
 (  0.059 , -0.204 , -0.461 )   28    1  0.104   0.945369
 (  0.059 , -0.204 , -0.461 )   28    2  0.104   0.989913
 (  0.059 , -0.204 , -0.461 )   28    3  0.104   0.998900
 (  0.059 , -0.204 , -0.336 )   28    1  0.077   0.954527
 (  0.059 , -0.204 , -0.336 )   28    2  0.077   0.981107
 (  0.059 , -0.204 , -0.336 )   28    3  0.077   0.998697
 (  0.059 , -0.204 , -0.211 )   20    1  0.068   0.991332
 (  0.059 , -0.204 , -0.211 )   20    2  0.068   0.953821
 (  0.059 , -0.204 , -0.211 )   20    3  0.068   0.995714
 (  0.059 , -0.204 , -0.086 )   20    1  0.118   0.917269
 (  0.059 , -0.204 , -0.086 )   20    2  0.118   0.883607
 (  0.059 , -0.204 , -0.086 )   20    3  0.118   0.964124
 (  0.059 , -0.079 ,  0.039 )    8    1  0.107   0.900701
 (  0.059 , -0.079 ,  0.039 )    8    2  0.107   0.956426
 (  0.059 , -0.079 ,  0.039 )    8    3  0.107   0.973824
 (  0.059 , -0.079 ,  0.164 )    2    1  0.124   0.849120
 (  0.059 , -0.079 ,  0.164 )    2    2  0.124   0.858411
 (  0.059 , -0.079 ,  0.164 )    2    3  0.124   0.958388
 (  0.059 , -0.079 ,  0.289 )   76    1  0.109   0.897119
 (  0.059 , -0.079 ,  0.289 )   76    2  0.109   0.973175
 (  0.059 , -0.079 ,  0.289 )   76    3  0.109   0.996425
 (  0.059 , -0.079 ,  0.414 )   52    1  0.116   0.902045
 (  0.059 , -0.079 ,  0.414 )   52    2  0.116   0.978821
 (  0.059 , -0.079 ,  0.414 )   52    3  0.116   0.998307
 (  0.059 , -0.079 , -0.461 )   60    1  0.123   0.860685
 (  0.059 , -0.079 , -0.461 )   60    2  0.123   0.963009
 (  0.059 , -0.079 , -0.461 )   60    3  0.123   0.997726
 (  0.059 , -0.079 , -0.336 )   28    1  0.105   0.939588
 (  0.059 , -0.079 , -0.336 )   28    2  0.105   0.960076
 (  0.059 , -0.079 , -0.336 )   28    3  0.105   0.995947
 (  0.059 , -0.079 , -0.211 )    4    1  0.120   0.852891
 (  0.059 , -0.079 , -0.211 )    4    2  0.120   0.849652
 (  0.059 , -0.079 , -0.211 )    4    3  0.120   0.978990
 (  0.059 , -0.079 , -0.086 )   20    1  0.119   0.917159
 (  0.059 , -0.079 , -0.086 )   20    2  0.119   0.968851
 (  0.059 , -0.079 , -0.086 )   20    3  0.119   0.968655
 (  0.184 ,  0.046 ,  0.039 )    6    1  0.064   0.974167
 (  0.184 ,  0.046 ,  0.039 )    6    2  0.064   0.952975
 (  0.184 ,  0.046 ,  0.039 )    6    3  0.064   0.993885
 (  0.184 ,  0.046 ,  0.164 )   22    1  0.075   0.976432
 (  0.184 ,  0.046 ,  0.164 )   22    2  0.075   0.972713
 (  0.184 ,  0.046 ,  0.164 )   22    3  0.075   0.989709
 (  0.184 ,  0.046 ,  0.289 )   22    1  0.101   0.947656
 (  0.184 ,  0.046 ,  0.289 )   22    2  0.101   0.899906
 (  0.184 ,  0.046 ,  0.289 )   22    3  0.101   0.981589
 (  0.184 ,  0.046 ,  0.414 )   36    1  0.056   0.974470
 (  0.184 ,  0.046 ,  0.414 )   36    2  0.056   0.987995
 (  0.184 ,  0.046 ,  0.414 )   36    3  0.056   0.998962
 (  0.184 ,  0.046 ,  0.539 )   60    1  0.094   0.969401
 (  0.184 ,  0.046 ,  0.539 )   60    2  0.094   0.984993
 (  0.184 ,  0.046 ,  0.539 )   60    3  0.094   0.999243
 (  0.184 ,  0.046 , -0.336 )   60    1  0.080   0.956128
 (  0.184 ,  0.046 , -0.336 )   60    2  0.080   0.996038
 (  0.184 ,  0.046 , -0.336 )   60    3  0.080   0.999432
 (  0.184 ,  0.046 , -0.211 )   80    1  0.061   0.956921
 (  0.184 ,  0.046 , -0.211 )   80    2  0.061   0.994721
 (  0.184 ,  0.046 , -0.211 )   80    3  0.061   0.998763
 (  0.184 ,  0.046 , -0.086 )    6    1  0.117   0.879321
 (  0.184 ,  0.046 , -0.086 )    6    2  0.117   0.845595
 (  0.184 ,  0.046 , -0.086 )    6    3  0.117   0.976922
 (  0.184 ,  0.171 ,  0.039 )   23    1  0.062   0.981670
 (  0.184 ,  0.171 ,  0.039 )   23    2  0.062   0.982356
 (  0.184 ,  0.171 ,  0.039 )   23    3  0.062   0.992564
 (  0.184 ,  0.171 ,  0.164 )    5    1  0.034   0.994585
 (  0.184 ,  0.171 ,  0.164 )    5    2  0.034   0.992193
 (  0.184 ,  0.171 ,  0.164 )    5    3  0.034   0.998698
 (  0.184 ,  0.171 ,  0.289 )   83    1  0.105   0.958812
 (  0.184 ,  0.171 ,  0.289 )   83    2  0.105   0.980696
 (  0.184 ,  0.171 ,  0.289 )   83    3  0.105   0.998141
 (  0.184 ,  0.171 ,  0.414 )   83    1  0.039   0.993165
 (  0.184 ,  0.171 ,  0.414 )   83    2  0.039   0.997892
 (  0.184 ,  0.171 ,  0.414 )   83    3  0.039   0.999452
 (  0.184 ,  0.171 ,  0.539 )   64    1  0.055   0.993850
 (  0.184 ,  0.171 ,  0.539 )   64    2  0.055   0.998661
 (  0.184 ,  0.171 ,  0.539 )   64    3  0.055   0.999825
 (  0.184 ,  0.171 , -0.336 )   64    1  0.087   0.995491
 (  0.184 ,  0.171 , -0.336 )   64    2  0.087   0.992308
 (  0.184 ,  0.171 , -0.336 )   64    3  0.087   0.999554
 (  0.184 ,  0.171 , -0.211 )   40    1  0.025   0.997369
 (  0.184 ,  0.171 , -0.211 )   40    2  0.025   0.998483
 (  0.184 ,  0.171 , -0.211 )   40    3  0.025   0.999731
 (  0.184 ,  0.171 , -0.086 )   23    1  0.080   0.971086
 (  0.184 ,  0.171 , -0.086 )   23    2  0.080   0.936156
 (  0.184 ,  0.171 , -0.086 )   23    3  0.080   0.989195
 (  0.184 ,  0.296 ,  0.039 )   23    1  0.106   0.946459
 (  0.184 ,  0.296 ,  0.039 )   23    2  0.106   0.899363
 (  0.184 ,  0.296 ,  0.039 )   23    3  0.106   0.978736
 (  0.184 ,  0.296 ,  0.164 )   73    1  0.097   0.962119
 (  0.184 ,  0.296 ,  0.164 )   73    2  0.097   0.984788
 (  0.184 ,  0.296 ,  0.164 )   73    3  0.097   0.998398
 (  0.184 ,  0.296 ,  0.289 )   27    1  0.123   0.966904
 (  0.184 ,  0.296 ,  0.289 )   27    2  0.123   0.981127
 (  0.184 ,  0.296 ,  0.289 )   27    3  0.123   0.995188
 (  0.184 ,  0.296 ,  0.414 )   83    1  0.106   0.853567
 (  0.184 ,  0.296 ,  0.414 )   83    2  0.106   0.986962
 (  0.184 ,  0.296 ,  0.414 )   83    3  0.106   0.993802
 (  0.184 ,  0.296 ,  0.539 )  102    1  0.099   0.973517
 (  0.184 ,  0.296 ,  0.539 )  102    2  0.099   0.996582
 (  0.184 ,  0.296 ,  0.539 )  102    3  0.099   0.997904
 (  0.184 ,  0.296 , -0.336 )   64    1  0.112   0.870310
 (  0.184 ,  0.296 , -0.336 )   64    2  0.112   0.984508
 (  0.184 ,  0.296 , -0.336 )   64    3  0.112   0.997301
 (  0.184 ,  0.296 , -0.211 )  121    1  0.101   0.970237
 (  0.184 ,  0.296 , -0.211 )  121    2  0.101   0.995047
 (  0.184 ,  0.296 , -0.211 )  121    3  0.101   0.998433
 (  0.184 ,  0.296 , -0.086 )   47    1  0.108   0.924729
 (  0.184 ,  0.296 , -0.086 )   47    2  0.108   0.957418
 (  0.184 ,  0.296 , -0.086 )   47    3  0.108   0.994796
 (  0.184 ,  0.421 ,  0.039 )   47    1  0.051   0.978696
 (  0.184 ,  0.421 ,  0.039 )   47    2  0.051   0.991647
 (  0.184 ,  0.421 ,  0.039 )   47    3  0.051   0.999163
 (  0.184 ,  0.421 ,  0.164 )   73    1  0.052   0.987997
 (  0.184 ,  0.421 ,  0.164 )   73    2  0.052   0.996886
 (  0.184 ,  0.421 ,  0.164 )   73    3  0.052   0.999127
 (  0.184 ,  0.421 ,  0.289 )   73    1  0.098   0.866461
 (  0.184 ,  0.421 ,  0.289 )   73    2  0.098   0.990197
 (  0.184 ,  0.421 ,  0.289 )   73    3  0.098   0.994480
 (  0.184 ,  0.421 ,  0.414 )   27    1  0.035   0.998400
 (  0.184 ,  0.421 ,  0.414 )   27    2  0.035   0.997964
 (  0.184 ,  0.421 ,  0.414 )   27    3  0.035   0.999352
 (  0.184 ,  0.421 ,  0.539 )  102    1  0.074   0.980901
 (  0.184 ,  0.421 ,  0.539 )  102    2  0.074   0.995756
 (  0.184 ,  0.421 ,  0.539 )  102    3  0.074   0.999626
 (  0.184 ,  0.421 ,  0.664 )  102    1  0.073   0.996095
 (  0.184 ,  0.421 ,  0.664 )  102    2  0.073   0.995788
 (  0.184 ,  0.421 ,  0.664 )  102    3  0.073   0.999331
 (  0.184 ,  0.421 , -0.211 )  121    1  0.035   0.998199
 (  0.184 ,  0.421 , -0.211 )  121    2  0.035   0.998894
 (  0.184 ,  0.421 , -0.211 )  121    3  0.035   0.999940
 (  0.184 ,  0.421 , -0.086 )   47    1  0.099   0.911850
 (  0.184 ,  0.421 , -0.086 )   47    2  0.099   0.987198
 (  0.184 ,  0.421 , -0.086 )   47    3  0.099   0.999197
 (  0.184 ,  0.546 ,  0.039 )   71    1  0.081   0.975636
 (  0.184 ,  0.546 ,  0.039 )   71    2  0.081   0.988971
 (  0.184 ,  0.546 ,  0.039 )   71    3  0.081   0.999435
 (  0.184 ,  0.546 ,  0.164 )   57    1  0.050   0.990654
 (  0.184 ,  0.546 ,  0.164 )   57    2  0.050   0.998662
 (  0.184 ,  0.546 ,  0.164 )   57    3  0.050   0.999830
 (  0.184 ,  0.546 ,  0.289 )  122    1  0.105   0.968631
 (  0.184 ,  0.546 ,  0.289 )  122    2  0.105   0.995904
 (  0.184 ,  0.546 ,  0.289 )  122    3  0.105   0.997525
 (  0.184 ,  0.546 ,  0.414 )  122    1  0.062   0.987641
 (  0.184 ,  0.546 ,  0.414 )  122    2  0.062   0.996583
 (  0.184 ,  0.546 ,  0.414 )  122    3  0.062   0.999754
 (  0.184 ,  0.546 ,  0.539 )   93    1  0.062   0.998519
 (  0.184 ,  0.546 ,  0.539 )   93    2  0.062   0.997342
 (  0.184 ,  0.546 ,  0.539 )   93    3  0.062   0.999008
 (  0.184 , -0.454 , -0.336 )   93    1  0.104   0.851905
 (  0.184 , -0.454 , -0.336 )   93    2  0.104   0.995546
 (  0.184 , -0.454 , -0.336 )   93    3  0.104   0.997091
 (  0.184 , -0.454 , -0.211 )  112    1  0.049   0.997947
 (  0.184 , -0.454 , -0.211 )  112    2  0.049   0.997601
 (  0.184 , -0.454 , -0.211 )  112    3  0.049   0.999825
 (  0.184 , -0.454 , -0.086 )   71    1  0.082   0.909654
 (  0.184 , -0.454 , -0.086 )   71    2  0.082   0.993651
 (  0.184 , -0.454 , -0.086 )   71    3  0.082   0.998819
 (  0.184 , -0.329 ,  0.039 )   71    1  0.083   0.964251
 (  0.184 , -0.329 ,  0.039 )   71    2  0.083   0.996401
 (  0.184 , -0.329 ,  0.039 )   71    3  0.083   0.999447
 (  0.184 , -0.329 ,  0.164 )   57    1  0.099   0.992511
 (  0.184 , -0.329 ,  0.164 )   57    2  0.099   0.989885
 (  0.184 , -0.329 ,  0.164 )   57    3  0.099   0.999411
 (  0.184 , -0.329 ,  0.289 )   57    1  0.110   0.880767
 (  0.184 , -0.329 ,  0.289 )   57    2  0.110   0.984353
 (  0.184 , -0.329 ,  0.289 )   57    3  0.110   0.997683
 (  0.184 ,  0.671 ,  0.414 )  122    1  0.081   0.995929
 (  0.184 ,  0.671 ,  0.414 )  122    2  0.081   0.994490
 (  0.184 ,  0.671 ,  0.414 )  122    3  0.081   0.999399
 (  0.184 , -0.329 , -0.461 )   93    1  0.117   0.834282
 (  0.184 , -0.329 , -0.461 )   93    2  0.117   0.994040
 (  0.184 , -0.329 , -0.461 )   93    3  0.117   0.996083
 (  0.184 , -0.329 , -0.336 )   93    1  0.094   0.997440
 (  0.184 , -0.329 , -0.336 )   93    2  0.094   0.993875
 (  0.184 , -0.329 , -0.336 )   93    3  0.094   0.997498
 (  0.184 , -0.329 , -0.211 )  112    1  0.086   0.978302
 (  0.184 , -0.329 , -0.211 )  112    2  0.086   0.995250
 (  0.184 , -0.329 , -0.211 )  112    3  0.086   0.999264
 (  0.184 , -0.329 , -0.086 )   77    1  0.128   0.893056
 (  0.184 , -0.329 , -0.086 )   77    2  0.128   0.990447
 (  0.184 , -0.329 , -0.086 )   77    3  0.128   0.995610
 (  0.184 , -0.204 ,  0.039 )   77    1  0.050   0.966944
 (  0.184 , -0.204 ,  0.039 )   77    2  0.050   0.996095
 (  0.184 , -0.204 ,  0.039 )   77    3  0.050   0.999112
 (  0.184 , -0.204 ,  0.164 )   33    1  0.035   0.994958
 (  0.184 , -0.204 ,  0.164 )   33    2  0.035   0.997258
 (  0.184 , -0.204 ,  0.164 )   33    3  0.035   0.999581
 (  0.184 , -0.204 ,  0.289 )   33    1  0.102   0.892508
 (  0.184 , -0.204 ,  0.289 )   33    2  0.102   0.973416
 (  0.184 , -0.204 ,  0.289 )   33    3  0.102   0.998385
 (  0.184 , -0.204 ,  0.414 )  120    1  0.026   0.998785
 (  0.184 , -0.204 ,  0.414 )  120    2  0.026   0.999262
 (  0.184 , -0.204 ,  0.414 )  120    3  0.026   0.999940
 (  0.184 , -0.204 , -0.461 )  104    1  0.060   0.997374
 (  0.184 , -0.204 , -0.461 )  104    2  0.060   0.996551
 (  0.184 , -0.204 , -0.461 )  104    3  0.060   0.999804
 (  0.184 , -0.204 , -0.336 )  104    1  0.076   0.985140
 (  0.184 , -0.204 , -0.336 )  104    2  0.076   0.996193
 (  0.184 , -0.204 , -0.336 )  104    3  0.076   0.999427
 (  0.184 , -0.204 , -0.211 )   29    1  0.016   0.999286
 (  0.184 , -0.204 , -0.211 )   29    2  0.016   0.999455
 (  0.184 , -0.204 , -0.211 )   29    3  0.016   0.999930
 (  0.184 , -0.204 , -0.086 )   77    1  0.086   0.893480
 (  0.184 , -0.204 , -0.086 )   77    2  0.086   0.990209
 (  0.184 , -0.204 , -0.086 )   77    3  0.086   0.996893
 (  0.184 , -0.079 ,  0.039 )    6    1  0.104   0.899191
 (  0.184 , -0.079 ,  0.039 )    6    2  0.104   0.855836
 (  0.184 , -0.079 ,  0.039 )    6    3  0.104   0.983962
 (  0.184 , -0.079 ,  0.164 )   22    1  0.072   0.970007
 (  0.184 , -0.079 ,  0.164 )   22    2  0.072   0.944508
 (  0.184 , -0.079 ,  0.164 )   22    3  0.072   0.991012
 (  0.184 , -0.079 ,  0.289 )   36    1  0.111   0.927828
 (  0.184 , -0.079 ,  0.289 )   36    2  0.111   0.958717
 (  0.184 , -0.079 ,  0.289 )   36    3  0.111   0.994738
 (  0.184 , -0.079 ,  0.414 )   36    1  0.087   0.923116
 (  0.184 , -0.079 ,  0.414 )   36    2  0.087   0.988909
 (  0.184 , -0.079 ,  0.414 )   36    3  0.087   0.999333
 (  0.184 , -0.079 , -0.461 )   60    1  0.079   0.920240
 (  0.184 , -0.079 , -0.461 )   60    2  0.079   0.993766
 (  0.184 , -0.079 , -0.461 )   60    3  0.079   0.999032
 (  0.184 , -0.079 , -0.336 )   60    1  0.124   0.908588
 (  0.184 , -0.079 , -0.336 )   60    2  0.124   0.990633
 (  0.184 , -0.079 , -0.336 )   60    3  0.124   0.997926
 (  0.184 , -0.079 , -0.211 )   80    1  0.075   0.908352
 (  0.184 , -0.079 , -0.211 )   80    2  0.075   0.993052
 (  0.184 , -0.079 , -0.211 )   80    3  0.075   0.997370
 (  0.184 , -0.079 , -0.086 )    6    1  0.092   0.848869
 (  0.184 , -0.079 , -0.086 )    6    2  0.092   0.958296
 (  0.184 , -0.079 , -0.086 )    6    3  0.092   0.994899
 (  0.309 ,  0.046 ,  0.039 )    6    1  0.096   0.976316
 (  0.309 ,  0.046 ,  0.039 )    6    2  0.096   0.945069
 (  0.309 ,  0.046 ,  0.039 )    6    3  0.096   0.995116
 (  0.309 ,  0.046 ,  0.164 )   34    1  0.123   0.966075
 (  0.309 ,  0.046 ,  0.164 )   34    2  0.123   0.969085
 (  0.309 ,  0.046 ,  0.164 )   34    3  0.123   0.993255
 (  0.309 ,  0.046 ,  0.289 )   22    1  0.102   0.985569
 (  0.309 ,  0.046 ,  0.289 )   22    2  0.102   0.962827
 (  0.309 ,  0.046 ,  0.289 )   22    3  0.102   0.989253
 (  0.309 ,  0.046 ,  0.414 )   36    1  0.103   0.954912
 (  0.309 ,  0.046 ,  0.414 )   36    2  0.103   0.974151
 (  0.309 ,  0.046 ,  0.414 )   36    3  0.103   0.997100
 (  0.309 ,  0.046 ,  0.539 )   98    1  0.131   0.966627
 (  0.309 ,  0.046 ,  0.539 )   98    2  0.131   0.985159
 (  0.309 ,  0.046 ,  0.539 )   98    3  0.131   0.995370
 (  0.309 ,  0.046 , -0.336 )   60    1  0.095   0.958277
 (  0.309 ,  0.046 , -0.336 )   60    2  0.095   0.991552
 (  0.309 ,  0.046 , -0.336 )   60    3  0.095   0.998610
 (  0.309 ,  0.046 , -0.211 )   80    1  0.116   0.947434
 (  0.309 ,  0.046 , -0.211 )   80    2  0.116   0.992705
 (  0.309 ,  0.046 , -0.211 )   80    3  0.116   0.997961
 (  0.309 ,  0.046 , -0.086 )   80    1  0.115   0.918469
 (  0.309 ,  0.046 , -0.086 )   80    2  0.115   0.972459
 (  0.309 ,  0.046 , -0.086 )   80    3  0.115   0.995621
 (  0.309 ,  0.171 ,  0.039 )   39    1  0.116   0.971969
 (  0.309 ,  0.171 ,  0.039 )   39    2  0.116   0.973502
 (  0.309 ,  0.171 ,  0.039 )   39    3  0.116   0.994135
 (  0.309 ,  0.171 ,  0.164 )   79    1  0.081   0.980089
 (  0.309 ,  0.171 ,  0.164 )   79    2  0.081   0.991495
 (  0.309 ,  0.171 ,  0.164 )   79    3  0.081   0.998910
 (  0.309 ,  0.171 ,  0.289 )   37    1  0.111   0.981247
 (  0.309 ,  0.171 ,  0.289 )   37    2  0.111   0.979587
 (  0.309 ,  0.171 ,  0.289 )   37    3  0.111   0.995850
 (  0.309 ,  0.171 ,  0.414 )   37    1  0.099   0.923270
 (  0.309 ,  0.171 ,  0.414 )   37    2  0.099   0.948960
 (  0.309 ,  0.171 ,  0.414 )   37    3  0.099   0.993872
 (  0.309 ,  0.171 ,  0.539 )  109    1  0.084   0.985467
 (  0.309 ,  0.171 ,  0.539 )  109    2  0.084   0.997508
 (  0.309 ,  0.171 ,  0.539 )  109    3  0.084   0.998627
 (  0.309 ,  0.171 , -0.336 )  111    1  0.130   0.981317
 (  0.309 ,  0.171 , -0.336 )  111    2  0.130   0.986458
 (  0.309 ,  0.171 , -0.336 )  111    3  0.130   0.998220
 (  0.309 ,  0.171 , -0.211 )  111    1  0.086   0.984077
 (  0.309 ,  0.171 , -0.211 )  111    2  0.086   0.996680
 (  0.309 ,  0.171 , -0.211 )  111    3  0.086   0.998865
 (  0.309 ,  0.171 , -0.086 )   39    1  0.095   0.935322
 (  0.309 ,  0.171 , -0.086 )   39    2  0.095   0.963544
 (  0.309 ,  0.171 , -0.086 )   39    3  0.095   0.995908
 (  0.309 ,  0.296 ,  0.039 )   23    1  0.108   0.989265
 (  0.309 ,  0.296 ,  0.039 )   23    2  0.108   0.969108
 (  0.309 ,  0.296 ,  0.039 )   23    3  0.108   0.986990
 (  0.309 ,  0.296 ,  0.164 )   46    1  0.103   0.987768
 (  0.309 ,  0.296 ,  0.164 )   46    2  0.103   0.982007
 (  0.309 ,  0.296 ,  0.164 )   46    3  0.103   0.996339
 (  0.309 ,  0.296 ,  0.289 )    5    1  0.105   0.984583
 (  0.309 ,  0.296 ,  0.289 )    5    2  0.105   0.983485
 (  0.309 ,  0.296 ,  0.289 )    5    3  0.105   0.993379
 (  0.309 ,  0.296 ,  0.414 )   83    1  0.118   0.959220
 (  0.309 ,  0.296 ,  0.414 )   83    2  0.118   0.975407
 (  0.309 ,  0.296 ,  0.414 )   83    3  0.118   0.995173
 (  0.309 ,  0.296 ,  0.539 )   68    1  0.098   0.991683
 (  0.309 ,  0.296 ,  0.539 )   68    2  0.098   0.991447
 (  0.309 ,  0.296 ,  0.539 )   68    3  0.098   0.998987
 (  0.309 ,  0.296 ,  0.664 )   64    1  0.103   0.986140
 (  0.309 ,  0.296 ,  0.664 )   64    2  0.103   0.989515
 (  0.309 ,  0.296 ,  0.664 )   64    3  0.103   0.998457
 (  0.309 ,  0.296 , -0.211 )  101    1  0.113   0.994308
 (  0.309 ,  0.296 , -0.211 )  101    2  0.113   0.990880
 (  0.309 ,  0.296 , -0.211 )  101    3  0.113   0.996479
 (  0.309 ,  0.296 , -0.086 )   89    1  0.101   0.994753
 (  0.309 ,  0.296 , -0.086 )   89    2  0.101   0.910263
 (  0.309 ,  0.296 , -0.086 )   89    3  0.101   0.990270
 (  0.309 ,  0.421 ,  0.039 )   47    1  0.100   0.964223
 (  0.309 ,  0.421 ,  0.039 )   47    2  0.100   0.977151
 (  0.309 ,  0.421 ,  0.039 )   47    3  0.100   0.996554
 (  0.309 ,  0.421 ,  0.164 )   46    1  0.104   0.915832
 (  0.309 ,  0.421 ,  0.164 )   46    2  0.104   0.945870
 (  0.309 ,  0.421 ,  0.164 )   46    3  0.104   0.992985
 (  0.309 ,  0.421 ,  0.289 )   73    1  0.111   0.961797
 (  0.309 ,  0.421 ,  0.289 )   73    2  0.111   0.979971
 (  0.309 ,  0.421 ,  0.289 )   73    3  0.111   0.995690
 (  0.309 ,  0.421 ,  0.414 )   27    1  0.105   0.980207
 (  0.309 ,  0.421 ,  0.414 )   27    2  0.105   0.972322
 (  0.309 ,  0.421 ,  0.414 )   27    3  0.105   0.996299
 (  0.309 ,  0.421 ,  0.539 )   68    1  0.111   0.857221
 (  0.309 ,  0.421 ,  0.539 )   68    2  0.111   0.985401
 (  0.309 ,  0.421 ,  0.539 )   68    3  0.111   0.997589
 (  0.309 ,  0.421 ,  0.664 )  102    1  0.102   0.972015
 (  0.309 ,  0.421 ,  0.664 )  102    2  0.102   0.992878
 (  0.309 ,  0.421 ,  0.664 )  102    3  0.102   0.998523
 (  0.309 ,  0.421 , -0.211 )  101    1  0.104   0.864138
 (  0.309 ,  0.421 , -0.211 )  101    2  0.104   0.993547
 (  0.309 ,  0.421 , -0.211 )  101    3  0.104   0.996811
 (  0.309 ,  0.421 , -0.086 )   89    1  0.123   0.907090
 (  0.309 ,  0.421 , -0.086 )   89    2  0.123   0.857214
 (  0.309 ,  0.421 , -0.086 )   89    3  0.123   0.997185
 (  0.309 ,  0.546 ,  0.039 )   95    1  0.122   0.973040
 (  0.309 ,  0.546 ,  0.039 )   95    2  0.122   0.987294
 (  0.309 ,  0.546 ,  0.039 )   95    3  0.122   0.995937
 (  0.309 ,  0.546 ,  0.164 )  125    1  0.080   0.986720
 (  0.309 ,  0.546 ,  0.164 )  125    2  0.080   0.997298
 (  0.309 ,  0.546 ,  0.164 )  125    3  0.080   0.998656
 (  0.309 ,  0.546 ,  0.289 )   49    1  0.104   0.987624
 (  0.309 ,  0.546 ,  0.289 )   49    2  0.104   0.990083
 (  0.309 ,  0.546 ,  0.289 )   49    3  0.104   0.998740
 (  0.309 ,  0.546 ,  0.414 )   49    1  0.103   0.868510
 (  0.309 ,  0.546 ,  0.414 )   49    2  0.103   0.989556
 (  0.309 ,  0.546 ,  0.414 )   49    3  0.103   0.997882
 (  0.309 ,  0.546 ,  0.539 )   51    1  0.081   0.993950
 (  0.309 ,  0.546 ,  0.539 )   51    2  0.081   0.996430
 (  0.309 ,  0.546 ,  0.539 )   51    3  0.081   0.999686
 ( -0.691 , -0.454 , -0.336 )  115    1  0.122   0.972565
 ( -0.691 , -0.454 , -0.336 )  115    2  0.122   0.989852
 ( -0.691 , -0.454 , -0.336 )  115    3  0.122   0.998592
 ( -0.691 , -0.454 , -0.211 )  115    1  0.089   0.993667
 ( -0.691 , -0.454 , -0.211 )  115    2  0.089   0.996001
 ( -0.691 , -0.454 , -0.211 )  115    3  0.089   0.998897
 (  0.309 ,  0.546 , -0.086 )   95    1  0.089   0.906568
 (  0.309 ,  0.546 , -0.086 )   95    2  0.089   0.994929
 (  0.309 ,  0.546 , -0.086 )   95    3  0.089   0.998368
 (  0.309 , -0.329 ,  0.039 )   71    1  0.098   0.965767
 (  0.309 , -0.329 ,  0.039 )   71    2  0.098   0.990467
 (  0.309 , -0.329 ,  0.039 )   71    3  0.098   0.998506
 (  0.309 , -0.329 ,  0.164 )  107    1  0.121   0.982856
 (  0.309 , -0.329 ,  0.164 )  107    2  0.121   0.988021
 (  0.309 , -0.329 ,  0.164 )  107    3  0.121   0.998132
 (  0.309 ,  0.671 ,  0.289 )   57    1  0.100   0.983069
 (  0.309 ,  0.671 ,  0.289 )   57    2  0.100   0.990431
 (  0.309 ,  0.671 ,  0.289 )   57    3  0.100   0.998593
 (  0.309 ,  0.671 ,  0.414 )  122    1  0.108   0.967076
 (  0.309 ,  0.671 ,  0.414 )  122    2  0.108   0.992304
 (  0.309 ,  0.671 ,  0.414 )  122    3  0.108   0.998427
 ( -0.691 , -0.329 , -0.461 )  119    1  0.115   0.979305
 ( -0.691 , -0.329 , -0.461 )  119    2  0.115   0.990351
 ( -0.691 , -0.329 , -0.461 )  119    3  0.115   0.998971
 ( -0.691 , -0.329 , -0.336 )   93    1  0.096   0.995263
 ( -0.691 , -0.329 , -0.336 )   93    2  0.096   0.989883
 ( -0.691 , -0.329 , -0.336 )   93    3  0.096   0.999709
 (  0.309 , -0.329 , -0.211 )  112    1  0.122   0.978152
 (  0.309 , -0.329 , -0.211 )  112    2  0.122   0.987065
 (  0.309 , -0.329 , -0.211 )  112    3  0.122   0.998940
 (  0.309 , -0.329 , -0.086 )  112    1  0.111   0.948624
 (  0.309 , -0.329 , -0.086 )  112    2  0.111   0.992692
 (  0.309 , -0.329 , -0.086 )  112    3  0.111   0.997184
 (  0.309 , -0.204 ,  0.039 )   77    1  0.111   0.956117
 (  0.309 , -0.204 ,  0.039 )   77    2  0.111   0.992905
 (  0.309 , -0.204 ,  0.039 )   77    3  0.111   0.998035
 (  0.309 , -0.204 ,  0.164 )  107    1  0.090   0.984724
 (  0.309 , -0.204 ,  0.164 )  107    2  0.090   0.996814
 (  0.309 , -0.204 ,  0.164 )  107    3  0.090   0.998843
 (  0.309 , -0.204 ,  0.289 )   91    1  0.123   0.991182
 (  0.309 , -0.204 ,  0.289 )   91    2  0.123   0.989322
 (  0.309 , -0.204 ,  0.289 )   91    3  0.123   0.995924
 (  0.309 , -0.204 ,  0.414 )   91    1  0.102   0.874869
 (  0.309 , -0.204 ,  0.414 )   91    2  0.102   0.992939
 (  0.309 , -0.204 ,  0.414 )   91    3  0.102   0.996871
 ( -0.691 , -0.204 , -0.461 )  119    1  0.095   0.993285
 ( -0.691 , -0.204 , -0.461 )  119    2  0.095   0.995611
 ( -0.691 , -0.204 , -0.461 )  119    3  0.095   0.998503
 (  0.309 , -0.204 , -0.336 )  104    1  0.115   0.984289
 (  0.309 , -0.204 , -0.336 )  104    2  0.115   0.987808
 (  0.309 , -0.204 , -0.336 )  104    3  0.115   0.999101
 (  0.309 , -0.204 , -0.211 )   53    1  0.092   0.995437
 (  0.309 , -0.204 , -0.211 )   53    2  0.092   0.994430
 (  0.309 , -0.204 , -0.211 )   53    3  0.092   0.999605
 (  0.309 , -0.204 , -0.086 )   54    1  0.107   0.891751
 (  0.309 , -0.204 , -0.086 )   54    2  0.107   0.991754
 (  0.309 , -0.204 , -0.086 )   54    3  0.107   0.998581
 (  0.309 , -0.079 ,  0.039 )   77    1  0.122   0.918318
 (  0.309 , -0.079 ,  0.039 )   77    2  0.122   0.966711
 (  0.309 , -0.079 ,  0.039 )   77    3  0.122   0.995093
 (  0.309 , -0.079 ,  0.164 )   34    1  0.088   0.944406
 (  0.309 , -0.079 ,  0.164 )   34    2  0.088   0.967353
 (  0.309 , -0.079 ,  0.164 )   34    3  0.088   0.996361
 (  0.309 , -0.079 ,  0.289 )   88    1  0.103   0.991896
 (  0.309 , -0.079 ,  0.289 )   88    2  0.103   0.920173
 (  0.309 , -0.079 ,  0.289 )   88    3  0.103   0.989543
 (  0.309 , -0.079 ,  0.414 )   88    1  0.114   0.918529
 (  0.309 , -0.079 ,  0.414 )   88    2  0.114   0.867288
 (  0.309 , -0.079 ,  0.414 )   88    3  0.114   0.997084
 (  0.309 , -0.079 ,  0.539 )   98    1  0.086   0.917255
 (  0.309 , -0.079 ,  0.539 )   98    2  0.086   0.995042
 (  0.309 , -0.079 ,  0.539 )   98    3  0.086   0.998332
 (  0.309 , -0.079 , -0.336 )  104    1  0.116   0.940644
 (  0.309 , -0.079 , -0.336 )  104    2  0.116   0.992131
 (  0.309 , -0.079 , -0.336 )  104    3  0.116   0.997014
 (  0.309 , -0.079 , -0.211 )   65    1  0.098   0.906222
 (  0.309 , -0.079 , -0.211 )   65    2  0.098   0.994023
 (  0.309 , -0.079 , -0.211 )   65    3  0.098   0.998815
 (  0.309 , -0.079 , -0.086 )   14    1  0.091   0.946934
 (  0.309 , -0.079 , -0.086 )   14    2  0.091   0.862767
 (  0.309 , -0.079 , -0.086 )   14    3  0.091   0.997574
 (  0.434 ,  0.046 ,  0.039 )   14    1  0.043   0.986497
 (  0.434 ,  0.046 ,  0.039 )   14    2  0.043   0.946152
 (  0.434 ,  0.046 ,  0.039 )   14    3  0.043   0.999742
 (  0.434 ,  0.046 ,  0.164 )   34    1  0.079   0.966404
 (  0.434 ,  0.046 ,  0.164 )   34    2  0.079   0.983795
 (  0.434 ,  0.046 ,  0.164 )   34    3  0.079   0.998067
 (  0.434 ,  0.046 ,  0.289 )   34    1  0.078   0.962307
 (  0.434 ,  0.046 ,  0.289 )   34    2  0.078   0.990625
 (  0.434 ,  0.046 ,  0.289 )   34    3  0.078   0.997968
 (  0.434 ,  0.046 ,  0.414 )   88    1  0.044   0.993724
 (  0.434 ,  0.046 ,  0.414 )   88    2  0.044   0.965610
 (  0.434 ,  0.046 ,  0.414 )   88    3  0.044   0.999839
 (  0.434 ,  0.046 ,  0.539 )   98    1  0.102   0.964027
 (  0.434 ,  0.046 ,  0.539 )   98    2  0.102   0.971106
 (  0.434 ,  0.046 ,  0.539 )   98    3  0.102   0.998392
 ( -0.566 ,  0.046 , -0.336 )   98    1  0.057   0.965781
 ( -0.566 ,  0.046 , -0.336 )   98    2  0.057   0.997546
 ( -0.566 ,  0.046 , -0.336 )   98    3  0.057   0.999435
 (  0.434 ,  0.046 , -0.211 )   65    1  0.058   0.965076
 (  0.434 ,  0.046 , -0.211 )   65    2  0.058   0.997788
 (  0.434 ,  0.046 , -0.211 )   65    3  0.058   0.999603
 (  0.434 ,  0.046 , -0.086 )   65    1  0.101   0.930710
 (  0.434 ,  0.046 , -0.086 )   65    2  0.101   0.977961
 (  0.434 ,  0.046 , -0.086 )   65    3  0.101   0.998548
 (  0.434 ,  0.171 ,  0.039 )   39    1  0.067   0.974480
 (  0.434 ,  0.171 ,  0.039 )   39    2  0.067   0.988839
 (  0.434 ,  0.171 ,  0.039 )   39    3  0.067   0.998568
 (  0.434 ,  0.171 ,  0.164 )   79    1  0.067   0.989482
 (  0.434 ,  0.171 ,  0.164 )   79    2  0.067   0.995003
 (  0.434 ,  0.171 ,  0.164 )   79    3  0.067   0.998517
 (  0.434 ,  0.171 ,  0.289 )   79    1  0.107   0.850649
 (  0.434 ,  0.171 ,  0.289 )   79    2  0.107   0.990937
 (  0.434 ,  0.171 ,  0.289 )   79    3  0.107   0.992263
 (  0.434 ,  0.171 ,  0.414 )   37    1  0.056   0.991805
 (  0.434 ,  0.171 ,  0.414 )   37    2  0.056   0.995673
 (  0.434 ,  0.171 ,  0.414 )   37    3  0.056   0.998419
 (  0.434 ,  0.171 ,  0.539 )  109    1  0.086   0.972039
 (  0.434 ,  0.171 ,  0.539 )  109    2  0.086   0.993760
 (  0.434 ,  0.171 ,  0.539 )  109    3  0.086   0.999462
 (  0.434 ,  0.171 ,  0.664 )  109    1  0.085   0.994409
 (  0.434 ,  0.171 ,  0.664 )  109    2  0.085   0.994867
 (  0.434 ,  0.171 ,  0.664 )  109    3  0.085   0.998680
 (  0.434 ,  0.171 , -0.211 )  111    1  0.056   0.995717
 (  0.434 ,  0.171 , -0.211 )  111    2  0.056   0.997212
 (  0.434 ,  0.171 , -0.211 )  111    3  0.056   0.999791
 (  0.434 ,  0.171 , -0.086 )   39    1  0.108   0.909452
 (  0.434 ,  0.171 , -0.086 )   39    2  0.108   0.985706
 (  0.434 ,  0.171 , -0.086 )   39    3  0.108   0.999130
 (  0.434 ,  0.296 ,  0.039 )   39    1  0.085   0.968300
 (  0.434 ,  0.296 ,  0.039 )   39    2  0.085   0.988509
 (  0.434 ,  0.296 ,  0.039 )   39    3  0.085   0.997217
 (  0.434 ,  0.296 ,  0.164 )   79    1  0.119   0.832780
 (  0.434 ,  0.296 ,  0.164 )   79    2  0.119   0.988783
 (  0.434 ,  0.296 ,  0.164 )   79    3  0.119   0.989845
 (  0.434 ,  0.296 ,  0.289 )   79    1  0.097   0.977708
 (  0.434 ,  0.296 ,  0.289 )   79    2  0.097   0.987375
 (  0.434 ,  0.296 ,  0.289 )   79    3  0.097   0.996666
 (  0.434 ,  0.296 ,  0.414 )   37    1  0.090   0.981878
 (  0.434 ,  0.296 ,  0.414 )   37    2  0.090   0.983590
 (  0.434 ,  0.296 ,  0.414 )   37    3  0.090   0.997323
 (  0.434 ,  0.296 ,  0.539 )   68    1  0.130   0.825147
 (  0.434 ,  0.296 ,  0.539 )   68    2  0.130   0.972563
 (  0.434 ,  0.296 ,  0.539 )   68    3  0.130   0.995656
 (  0.434 ,  0.296 ,  0.664 )  109    1  0.087   0.985260
 (  0.434 ,  0.296 ,  0.664 )  109    2  0.087   0.994194
 (  0.434 ,  0.296 ,  0.664 )  109    3  0.087   0.999241
 (  0.434 ,  0.296 , -0.211 )  111    1  0.102   0.987075
 (  0.434 ,  0.296 , -0.211 )  111    2  0.102   0.993315
 (  0.434 ,  0.296 , -0.211 )  111    3  0.102   0.997837
 (  0.434 ,  0.296 , -0.086 )  111    1  0.113   0.949525
 (  0.434 ,  0.296 , -0.086 )  111    2  0.113   0.984386
 (  0.434 ,  0.296 , -0.086 )  111    3  0.113   0.998888
 (  0.434 ,  0.421 ,  0.039 )   89    1  0.037   0.997010
 (  0.434 ,  0.421 ,  0.039 )   89    2  0.037   0.973619
 (  0.434 ,  0.421 ,  0.039 )   89    3  0.037   0.999893
 (  0.434 ,  0.421 ,  0.164 )   46    1  0.065   0.994375
 (  0.434 ,  0.421 ,  0.164 )   46    2  0.065   0.993886
 (  0.434 ,  0.421 ,  0.164 )   46    3  0.065   0.997730
 (  0.434 ,  0.421 ,  0.289 )   46    1  0.080   0.988387
 (  0.434 ,  0.421 ,  0.289 )   46    2  0.080   0.987085
 (  0.434 ,  0.421 ,  0.289 )   46    3  0.080   0.997824
 (  0.434 ,  0.421 ,  0.414 )   13    1  0.030   0.995676
 (  0.434 ,  0.421 ,  0.414 )   13    2  0.030   0.992172
 (  0.434 ,  0.421 ,  0.414 )   13    3  0.030   0.999904
 (  0.434 ,  0.421 ,  0.539 )   68    1  0.089   0.975869
 (  0.434 ,  0.421 ,  0.539 )   68    2  0.089   0.980042
 (  0.434 ,  0.421 ,  0.539 )   68    3  0.089   0.998881
 ( -0.566 , -0.579 , -0.336 )   68    1  0.057   0.993617
 ( -0.566 , -0.579 , -0.336 )   68    2  0.057   0.997991
 ( -0.566 , -0.579 , -0.336 )   68    3  0.057   0.999768
 ( -0.566 , -0.579 , -0.211 )  101    1  0.043   0.996901
 ( -0.566 , -0.579 , -0.211 )  101    2  0.043   0.998859
 ( -0.566 , -0.579 , -0.211 )  101    3  0.043   0.999557
 (  0.434 ,  0.421 , -0.086 )  101    1  0.105   0.994229
 (  0.434 ,  0.421 , -0.086 )  101    2  0.105   0.951042
 (  0.434 ,  0.421 , -0.086 )  101    3  0.105   0.998610
 (  0.434 ,  0.546 ,  0.039 )   95    1  0.090   0.972111
 (  0.434 ,  0.546 ,  0.039 )   95    2  0.090   0.976340
 (  0.434 ,  0.546 ,  0.039 )   95    3  0.090   0.998919
 (  0.434 ,  0.546 ,  0.164 )  125    1  0.083   0.976692
 (  0.434 ,  0.546 ,  0.164 )  125    2  0.083   0.993190
 (  0.434 ,  0.546 ,  0.164 )  125    3  0.083   0.999483
 (  0.434 ,  0.546 ,  0.289 )  125    1  0.127   0.959157
 (  0.434 ,  0.546 ,  0.289 )  125    2  0.127   0.990557
 (  0.434 ,  0.546 ,  0.289 )  125    3  0.127   0.995978
 (  0.434 ,  0.546 ,  0.414 )   49    1  0.079   0.977189
 (  0.434 ,  0.546 ,  0.414 )   49    2  0.079   0.985067
 (  0.434 ,  0.546 ,  0.414 )   49    3  0.079   0.999111
 ( -0.566 , -0.454 , -0.461 )   51    1  0.096   0.980489
 ( -0.566 , -0.454 , -0.461 )   51    2  0.096   0.974585
 ( -0.566 , -0.454 , -0.461 )   51    3  0.096   0.998781
 ( -0.566 , -0.454 , -0.336 )   51    1  0.107   0.857472
 ( -0.566 , -0.454 , -0.336 )   51    2  0.107   0.975346
 ( -0.566 , -0.454 , -0.336 )   51    3  0.107   0.997504
 ( -0.566 , -0.454 , -0.211 )  115    1  0.077   0.977238
 ( -0.566 , -0.454 , -0.211 )  115    2  0.077   0.996015
 ( -0.566 , -0.454 , -0.211 )  115    3  0.077   0.999500
 ( -0.566 , -0.454 , -0.086 )   95    1  0.114   0.907777
 ( -0.566 , -0.454 , -0.086 )   95    2  0.114   0.971369
 ( -0.566 , -0.454 , -0.086 )   95    3  0.114   0.997570
 ( -0.566 , -0.329 ,  0.039 )   95    1  0.062   0.973511
 ( -0.566 , -0.329 ,  0.039 )   95    2  0.062   0.996816
 ( -0.566 , -0.329 ,  0.039 )   95    3  0.062   0.999292
 (  0.434 ,  0.671 ,  0.164 )  125    1  0.098   0.993313
 (  0.434 ,  0.671 ,  0.164 )  125    2  0.098   0.993125
 (  0.434 ,  0.671 ,  0.164 )  125    3  0.098   0.998380
 (  0.434 ,  0.671 ,  0.289 )  125    1  0.084   0.987083
 (  0.434 ,  0.671 ,  0.289 )  125    2  0.084   0.994473
 (  0.434 ,  0.671 ,  0.289 )  125    3  0.084   0.999475
 ( -0.566 , -0.329 , -0.586 )   49    1  0.066   0.989299
 ( -0.566 , -0.329 , -0.586 )   49    2  0.066   0.997227
 ( -0.566 , -0.329 , -0.586 )   49    3  0.066   0.999662
 ( -0.566 , -0.329 , -0.461 )   51    1  0.119   0.843277
 ( -0.566 , -0.329 , -0.461 )   51    2  0.119   0.966777
 ( -0.566 , -0.329 , -0.461 )   51    3  0.119   0.996625
 ( -0.566 , -0.329 , -0.336 )   51    1  0.069   0.996635
 ( -0.566 , -0.329 , -0.336 )   51    2  0.069   0.995051
 ( -0.566 , -0.329 , -0.336 )   51    3  0.069   0.999507
 ( -0.566 , -0.329 , -0.211 )  115    1  0.079   0.981134
 ( -0.566 , -0.329 , -0.211 )  115    2  0.079   0.997658
 ( -0.566 , -0.329 , -0.211 )  115    3  0.079   0.998644
 ( -0.566 , -0.329 , -0.086 )  115    1  0.104   0.950225
 ( -0.566 , -0.329 , -0.086 )  115    2  0.104   0.993321
 ( -0.566 , -0.329 , -0.086 )  115    3  0.104   0.998797
 (  0.434 , -0.204 ,  0.039 )   54    1  0.047   0.973654
 (  0.434 , -0.204 ,  0.039 )   54    2  0.047   0.998423
 (  0.434 , -0.204 ,  0.039 )   54    3  0.047   0.999732
 (  0.434 , -0.204 ,  0.164 )  107    1  0.061   0.994827
 (  0.434 , -0.204 ,  0.164 )  107    2  0.061   0.996795
 (  0.434 , -0.204 ,  0.164 )  107    3  0.061   0.999647
 (  0.434 , -0.204 ,  0.289 )  107    1  0.091   0.989417
 (  0.434 , -0.204 ,  0.289 )  107    2  0.091   0.994608
 (  0.434 , -0.204 ,  0.289 )  107    3  0.091   0.998195
 ( -0.566 , -0.204 , -0.586 )   91    1  0.036   0.993728
 ( -0.566 , -0.204 , -0.586 )   91    2  0.036   0.999272
 ( -0.566 , -0.204 , -0.586 )   91    3  0.036   0.999699
 ( -0.566 , -0.204 , -0.461 )  119    1  0.084   0.972542
 ( -0.566 , -0.204 , -0.461 )  119    2  0.084   0.995531
 ( -0.566 , -0.204 , -0.461 )  119    3  0.084   0.999399
 ( -0.566 , -0.204 , -0.336 )  119    1  0.067   0.987424
 ( -0.566 , -0.204 , -0.336 )  119    2  0.067   0.998253
 ( -0.566 , -0.204 , -0.336 )  119    3  0.067   0.998983
 ( -0.566 , -0.204 , -0.211 )   53    1  0.042   0.998504
 ( -0.566 , -0.204 , -0.211 )   53    2  0.042   0.998763
 ( -0.566 , -0.204 , -0.211 )   53    3  0.042   0.999885
 ( -0.566 , -0.204 , -0.086 )   54    1  0.108   0.923049
 ( -0.566 , -0.204 , -0.086 )   54    2  0.108   0.968472
 ( -0.566 , -0.204 , -0.086 )   54    3  0.108   0.998481
 (  0.434 , -0.079 ,  0.039 )   54    1  0.109   0.931387
 (  0.434 , -0.079 ,  0.039 )   54    2  0.109   0.972234
 (  0.434 , -0.079 ,  0.039 )   54    3  0.109   0.998286
 (  0.434 , -0.079 ,  0.164 )   34    1  0.102   0.919657
 (  0.434 , -0.079 ,  0.164 )   34    2  0.102   0.986561
 (  0.434 , -0.079 ,  0.164 )   34    3  0.102   0.999120
 (  0.434 , -0.079 ,  0.289 )  107    1  0.115   0.941208
 (  0.434 , -0.079 ,  0.289 )  107    2  0.115   0.986275
 (  0.434 , -0.079 ,  0.289 )  107    3  0.115   0.998802
 (  0.434 , -0.079 ,  0.414 )   88    1  0.105   0.991752
 (  0.434 , -0.079 ,  0.414 )   88    2  0.105   0.913143
 (  0.434 , -0.079 ,  0.414 )   88    3  0.105   0.996574
 ( -0.566 , -0.079 , -0.461 )   98    1  0.111   0.915657
 ( -0.566 , -0.079 , -0.461 )   98    2  0.111   0.969319
 ( -0.566 , -0.079 , -0.461 )   98    3  0.111   0.998119
 ( -0.566 , -0.079 , -0.336 )  119    1  0.109   0.942458
 ( -0.566 , -0.079 , -0.336 )  119    2  0.109   0.993003
 ( -0.566 , -0.079 , -0.336 )  119    3  0.109   0.998728
 ( -0.566 , -0.079 , -0.211 )   65    1  0.100   0.930973
 ( -0.566 , -0.079 , -0.211 )   65    2  0.100   0.975942
 ( -0.566 , -0.079 , -0.211 )   65    3  0.100   0.998758
 (  0.434 , -0.079 , -0.086 )   14    1  0.125   0.978147
 (  0.434 , -0.079 , -0.086 )   14    2  0.125   0.828306
 (  0.434 , -0.079 , -0.086 )   14    3  0.125   0.998433
 ( -0.441 ,  0.046 ,  0.039 )   15    1  0.085   0.992870
 ( -0.441 ,  0.046 ,  0.039 )   15    2  0.085   0.930474
 ( -0.441 ,  0.046 ,  0.039 )   15    3  0.085   0.999380
 (  0.559 ,  0.046 ,  0.164 )   58    1  0.086   0.963063
 (  0.559 ,  0.046 ,  0.164 )   58    2  0.086   0.983921
 (  0.559 ,  0.046 ,  0.164 )   58    3  0.086   0.999201
 (  0.559 ,  0.046 ,  0.289 )   58    1  0.119   0.957344
 (  0.559 ,  0.046 ,  0.289 )   58    2  0.119   0.990284
 (  0.559 ,  0.046 ,  0.289 )   58    3  0.119   0.998973
 (  0.559 ,  0.046 ,  0.414 )   92    1  0.077   0.965367
 (  0.559 ,  0.046 ,  0.414 )   92    2  0.077   0.990780
 (  0.559 ,  0.046 ,  0.414 )   92    3  0.077   0.998909
 ( -0.441 ,  0.046 , -0.461 )   85    1  0.101   0.992103
 ( -0.441 ,  0.046 , -0.461 )   85    2  0.101   0.963907
 ( -0.441 ,  0.046 , -0.461 )   85    3  0.101   0.994545
 ( -0.441 ,  0.046 , -0.336 )   85    1  0.100   0.964284
 ( -0.441 ,  0.046 , -0.336 )   85    2  0.100   0.869720
 ( -0.441 ,  0.046 , -0.336 )   85    3  0.100   0.998279
 ( -0.441 ,  0.046 , -0.211 )   41    1  0.077   0.965297
 ( -0.441 ,  0.046 , -0.211 )   41    2  0.077   0.994230
 ( -0.441 ,  0.046 , -0.211 )   41    3  0.077   0.999113
 ( -0.441 ,  0.046 , -0.086 )   15    1  0.120   0.919028
 ( -0.441 ,  0.046 , -0.086 )   15    2  0.120   0.792568
 ( -0.441 ,  0.046 , -0.086 )   15    3  0.120   0.996755
 (  0.559 ,  0.171 ,  0.039 )   63    1  0.075   0.972655
 (  0.559 ,  0.171 ,  0.039 )   63    2  0.075   0.988364
 (  0.559 ,  0.171 ,  0.039 )   63    3  0.075   0.999403
 (  0.559 ,  0.171 ,  0.164 )   56    1  0.039   0.996271
 (  0.559 ,  0.171 ,  0.164 )   56    2  0.039   0.998481
 (  0.559 ,  0.171 ,  0.164 )   56    3  0.039   0.999861
 (  0.559 ,  0.171 ,  0.289 )  114    1  0.100   0.975172
 (  0.559 ,  0.171 ,  0.289 )  114    2  0.100   0.995450
 (  0.559 ,  0.171 ,  0.289 )  114    3  0.100   0.997584
 (  0.559 ,  0.171 ,  0.414 )  114    1  0.054   0.991966
 (  0.559 ,  0.171 ,  0.414 )  114    2  0.054   0.996483
 (  0.559 ,  0.171 ,  0.414 )  114    3  0.054   0.999825
 (  0.559 ,  0.171 ,  0.539 )   99    1  0.054   0.993429
 (  0.559 ,  0.171 ,  0.539 )   99    2  0.054   0.997144
 (  0.559 ,  0.171 ,  0.539 )   99    3  0.054   0.999397
 ( -0.441 ,  0.171 , -0.336 )   99    1  0.099   0.873144
 ( -0.441 ,  0.171 , -0.336 )   99    2  0.099   0.993049
 ( -0.441 ,  0.171 , -0.336 )   99    3  0.099   0.997378
 ( -0.441 ,  0.171 , -0.211 )  113    1  0.039   0.997968
 ( -0.441 ,  0.171 , -0.211 )  113    2  0.039   0.998333
 ( -0.441 ,  0.171 , -0.211 )  113    3  0.039   0.999867
 ( -0.441 ,  0.171 , -0.086 )   63    1  0.076   0.909637
 ( -0.441 ,  0.171 , -0.086 )   63    2  0.076   0.994295
 ( -0.441 ,  0.171 , -0.086 )   63    3  0.076   0.998902
 (  0.559 ,  0.296 ,  0.039 )   63    1  0.124   0.962722
 (  0.559 ,  0.296 ,  0.039 )   63    2  0.124   0.989702
 (  0.559 ,  0.296 ,  0.039 )   63    3  0.124   0.998911
 (  0.559 ,  0.296 ,  0.164 )  118    1  0.091   0.981027
 (  0.559 ,  0.296 ,  0.164 )  118    2  0.091   0.995897
 (  0.559 ,  0.296 ,  0.164 )  118    3  0.091   0.997991
 (  0.559 ,  0.296 ,  0.289 )   62    1  0.112   0.990936
 (  0.559 ,  0.296 ,  0.289 )   62    2  0.112   0.987178
 (  0.559 ,  0.296 ,  0.289 )   62    3  0.112   0.998139
 (  0.559 ,  0.296 ,  0.414 )   62    1  0.112   0.851896
 (  0.559 ,  0.296 ,  0.414 )   62    2  0.112   0.989150
 (  0.559 ,  0.296 ,  0.414 )   62    3  0.112   0.996855
 (  0.559 ,  0.296 ,  0.539 )   61    1  0.092   0.986482
 (  0.559 ,  0.296 ,  0.539 )   61    2  0.092   0.994976
 (  0.559 ,  0.296 ,  0.539 )   61    3  0.092   0.999497
 ( -0.441 , -0.704 , -0.336 )  123    1  0.130   0.963043
 ( -0.441 , -0.704 , -0.336 )  123    2  0.130   0.988848
 ( -0.441 , -0.704 , -0.336 )  123    3  0.130   0.998417
 ( -0.441 , -0.704 , -0.211 )  123    1  0.099   0.993522
 ( -0.441 , -0.704 , -0.211 )  123    2  0.099   0.993068
 ( -0.441 , -0.704 , -0.211 )  123    3  0.099   0.999085
 (  0.559 ,  0.296 , -0.086 )  100    1  0.099   0.905864
 (  0.559 ,  0.296 , -0.086 )  100    2  0.099   0.992493
 (  0.559 ,  0.296 , -0.086 )  100    3  0.099   0.998327
 (  0.559 ,  0.421 ,  0.039 )  100    1  0.073   0.972986
 (  0.559 ,  0.421 ,  0.039 )  100    2  0.073   0.989310
 (  0.559 ,  0.421 ,  0.039 )  100    3  0.073   0.999215
 (  0.559 ,  0.421 ,  0.164 )  118    1  0.063   0.989476
 (  0.559 ,  0.421 ,  0.164 )  118    2  0.063   0.995157
 (  0.559 ,  0.421 ,  0.164 )  118    3  0.063   0.999717
 (  0.559 ,  0.421 ,  0.289 )  118    1  0.115   0.969856
 (  0.559 ,  0.421 ,  0.289 )  118    2  0.115   0.992302
 (  0.559 ,  0.421 ,  0.289 )  118    3  0.115   0.996547
 (  0.559 ,  0.421 ,  0.414 )   62    1  0.059   0.990868
 (  0.559 ,  0.421 ,  0.414 )   62    2  0.059   0.992602
 (  0.559 ,  0.421 ,  0.414 )   62    3  0.059   0.999525
 ( -0.441 , -0.579 , -0.461 )   61    1  0.080   0.983254
 ( -0.441 , -0.579 , -0.461 )   61    2  0.080   0.985024
 ( -0.441 , -0.579 , -0.461 )   61    3  0.080   0.999214
 ( -0.441 , -0.579 , -0.336 )   61    1  0.093   0.875866
 ( -0.441 , -0.579 , -0.336 )   61    2  0.093   0.987271
 ( -0.441 , -0.579 , -0.336 )   61    3  0.093   0.998107
 ( -0.441 , -0.579 , -0.211 )  123    1  0.055   0.990826
 ( -0.441 , -0.579 , -0.211 )  123    2  0.055   0.997438
 ( -0.441 , -0.579 , -0.211 )  123    3  0.055   0.999753
 ( -0.441 , -0.579 , -0.086 )  100    1  0.101   0.906935
 ( -0.441 , -0.579 , -0.086 )  100    2  0.101   0.986023
 ( -0.441 , -0.579 , -0.086 )  100    3  0.101   0.997896
 ( -0.441 , -0.454 ,  0.039 )   87    1  0.089   0.995847
 ( -0.441 , -0.454 ,  0.039 )   87    2  0.089   0.972235
 ( -0.441 , -0.454 ,  0.039 )   87    3  0.089   0.995265
 (  0.559 ,  0.546 ,  0.164 )   96    1  0.049   0.996742
 (  0.559 ,  0.546 ,  0.164 )   96    2  0.049   0.996735
 (  0.559 ,  0.546 ,  0.164 )   96    3  0.049   0.999592
 (  0.559 ,  0.546 ,  0.289 )   70    1  0.097   0.988148
 (  0.559 ,  0.546 ,  0.289 )   70    2  0.097   0.994188
 (  0.559 ,  0.546 ,  0.289 )   70    3  0.097   0.999407
 ( -0.441 , -0.454 , -0.586 )   70    1  0.069   0.989907
 ( -0.441 , -0.454 , -0.586 )   70    2  0.069   0.989111
 ( -0.441 , -0.454 , -0.586 )   70    3  0.069   0.999413
 ( -0.441 , -0.454 , -0.461 )   11    1  0.058   0.991277
 ( -0.441 , -0.454 , -0.461 )   11    2  0.058   0.993098
 ( -0.441 , -0.454 , -0.461 )   11    3  0.058   0.999694
 ( -0.441 , -0.454 , -0.336 )   11    1  0.112   0.940439
 ( -0.441 , -0.454 , -0.336 )   11    2  0.112   0.782246
 ( -0.441 , -0.454 , -0.336 )   11    3  0.112   0.996265
 ( -0.441 , -0.454 , -0.211 )   44    1  0.053   0.996280
 ( -0.441 , -0.454 , -0.211 )   44    2  0.053   0.995999
 ( -0.441 , -0.454 , -0.211 )   44    3  0.053   0.998998
 ( -0.441 , -0.454 , -0.086 )   87    1  0.076   0.995906
 ( -0.441 , -0.454 , -0.086 )   87    2  0.076   0.905296
 ( -0.441 , -0.454 , -0.086 )   87    3  0.076   0.999024
 ( -0.441 , -0.329 ,  0.039 )   87    1  0.103   0.972017
 ( -0.441 , -0.329 ,  0.039 )   87    2  0.103   0.860620
 ( -0.441 , -0.329 ,  0.039 )   87    3  0.103   0.997282
 ( -0.441 , -0.329 ,  0.164 )   96    1  0.110   0.866641
 ( -0.441 , -0.329 ,  0.164 )   96    2  0.110   0.988395
 ( -0.441 , -0.329 ,  0.164 )   96    3  0.110   0.996518
 ( -0.441 , -0.329 , -0.711 )  103    1  0.128   0.967087
 ( -0.441 , -0.329 , -0.711 )  103    2  0.128   0.988884
 ( -0.441 , -0.329 , -0.711 )  103    3  0.128   0.998733
 ( -0.441 , -0.329 , -0.586 )   70    1  0.099   0.867134
 ( -0.441 , -0.329 , -0.586 )   70    2  0.099   0.987028
 ( -0.441 , -0.329 , -0.586 )   70    3  0.099   0.997674
 ( -0.441 , -0.329 , -0.461 )   25    1  0.114   0.975211
 ( -0.441 , -0.329 , -0.461 )   25    2  0.114   0.978964
 ( -0.441 , -0.329 , -0.461 )   25    3  0.114   0.996280
 ( -0.441 , -0.329 , -0.336 )   11    1  0.114   0.935505
 ( -0.441 , -0.329 , -0.336 )   11    2  0.114   0.808273
 ( -0.441 , -0.329 , -0.336 )   11    3  0.114   0.996655
 ( -0.441 , -0.329 , -0.211 )   44    1  0.101   0.913529
 ( -0.441 , -0.329 , -0.211 )   44    2  0.101   0.944523
 ( -0.441 , -0.329 , -0.211 )   44    3  0.101   0.995194
 ( -0.441 , -0.329 , -0.086 )   30    1  0.118   0.907687
 ( -0.441 , -0.329 , -0.086 )   30    2  0.118   0.964504
 ( -0.441 , -0.329 , -0.086 )   30    3  0.118   0.997057
 ( -0.441 , -0.204 ,  0.039 )   30    1  0.069   0.973735
 ( -0.441 , -0.204 ,  0.039 )   30    2  0.069   0.994621
 ( -0.441 , -0.204 ,  0.039 )   30    3  0.069   0.999357
 ( -0.441 , -0.204 ,  0.164 )  105    1  0.045   0.997024
 ( -0.441 , -0.204 ,  0.164 )  105    2  0.045   0.997820
 ( -0.441 , -0.204 ,  0.164 )  105    3  0.045   0.999810
 ( -0.441 , -0.204 , -0.711 )  103    1  0.109   0.993360
 ( -0.441 , -0.204 , -0.711 )  103    2  0.109   0.991000
 ( -0.441 , -0.204 , -0.711 )  103    3  0.109   0.998813
 ( -0.441 , -0.204 , -0.586 )  103    1  0.050   0.992879
 ( -0.441 , -0.204 , -0.586 )  103    2  0.050   0.997728
 ( -0.441 , -0.204 , -0.586 )  103    3  0.050   0.999772
 ( -0.441 , -0.204 , -0.461 )   25    1  0.063   0.992383
 ( -0.441 , -0.204 , -0.461 )   25    2  0.063   0.995296
 ( -0.441 , -0.204 , -0.461 )   25    3  0.063   0.998513
 ( -0.441 , -0.204 , -0.336 )   25    1  0.092   0.919353
 ( -0.441 , -0.204 , -0.336 )   25    2  0.092   0.952400
 ( -0.441 , -0.204 , -0.336 )   25    3  0.092   0.996246
 ( -0.441 , -0.204 , -0.211 )   75    1  0.040   0.995880
 ( -0.441 , -0.204 , -0.211 )   75    2  0.040   0.998771
 ( -0.441 , -0.204 , -0.211 )   75    3  0.040   0.999745
 ( -0.441 , -0.204 , -0.086 )   30    1  0.085   0.935315
 ( -0.441 , -0.204 , -0.086 )   30    2  0.085   0.965054
 ( -0.441 , -0.204 , -0.086 )   30    3  0.085   0.997746
 ( -0.441 , -0.079 ,  0.039 )   15    1  0.108   0.931855
 ( -0.441 , -0.079 ,  0.039 )   15    2  0.108   0.810943
 ( -0.441 , -0.079 ,  0.039 )   15    3  0.108   0.997536
 ( -0.441 , -0.079 ,  0.164 )   58    1  0.068   0.919948
 ( -0.441 , -0.079 ,  0.164 )   58    2  0.068   0.994730
 ( -0.441 , -0.079 ,  0.164 )   58    3  0.068   0.999148
 (  0.559 , -0.079 ,  0.289 )   92    1  0.102   0.916091
 (  0.559 , -0.079 ,  0.289 )   92    2  0.102   0.991436
 (  0.559 , -0.079 ,  0.289 )   92    3  0.102   0.998224
 ( -0.441 , -0.079 , -0.586 )   92    1  0.089   0.916084
 ( -0.441 , -0.079 , -0.586 )   92    2  0.089   0.989958
 ( -0.441 , -0.079 , -0.586 )   92    3  0.089   0.998533
 ( -0.441 , -0.079 , -0.461 )   85    1  0.072   0.992806
 ( -0.441 , -0.079 , -0.461 )   85    2  0.072   0.915242
 ( -0.441 , -0.079 , -0.461 )   85    3  0.072   0.999407
 ( -0.441 , -0.079 , -0.336 )   41    1  0.123   0.910385
 ( -0.441 , -0.079 , -0.336 )   41    2  0.123   0.965677
 ( -0.441 , -0.079 , -0.336 )   41    3  0.123   0.996587
 ( -0.441 , -0.079 , -0.211 )   41    1  0.075   0.942234
 ( -0.441 , -0.079 , -0.211 )   41    2  0.075   0.972813
 ( -0.441 , -0.079 , -0.211 )   41    3  0.075   0.998388
 ( -0.441 , -0.079 , -0.086 )   15    1  0.084   0.960179
 ( -0.441 , -0.079 , -0.086 )   15    2  0.084   0.861389
 ( -0.441 , -0.079 , -0.086 )   15    3  0.084   0.998767
 ( -0.316 ,  0.046 ,  0.039 )   15    1  0.073   0.952190
 ( -0.316 ,  0.046 ,  0.039 )   15    2  0.073   0.973443
 ( -0.316 ,  0.046 ,  0.039 )   15    3  0.073   0.998798
 ( -0.316 ,  0.046 ,  0.164 )   58    1  0.111   0.942662
 ( -0.316 ,  0.046 ,  0.164 )   58    2  0.111   0.992250
 ( -0.316 ,  0.046 ,  0.164 )   58    3  0.111   0.998923
 ( -0.316 ,  0.046 ,  0.289 )   58    1  0.087   0.960961
 ( -0.316 ,  0.046 ,  0.289 )   58    2  0.087   0.992353
 ( -0.316 ,  0.046 ,  0.289 )   58    3  0.087   0.998805
 ( -0.316 ,  0.046 , -0.586 )   92    1  0.079   0.964700
 ( -0.316 ,  0.046 , -0.586 )   92    2  0.079   0.993880
 ( -0.316 ,  0.046 , -0.586 )   92    3  0.079   0.999312
 ( -0.316 ,  0.046 , -0.461 )   92    1  0.125   0.967248
 ( -0.316 ,  0.046 , -0.461 )   92    2  0.125   0.982479
 ( -0.316 ,  0.046 , -0.461 )   92    3  0.125   0.994976
 ( -0.316 ,  0.046 , -0.336 )   85    1  0.076   0.993494
 ( -0.316 ,  0.046 , -0.336 )   85    2  0.076   0.966195
 ( -0.316 ,  0.046 , -0.336 )   85    3  0.076   0.995007
 ( -0.316 ,  0.046 , -0.211 )   41    1  0.093   0.960399
 ( -0.316 ,  0.046 , -0.211 )   41    2  0.093   0.973655
 ( -0.316 ,  0.046 , -0.211 )   41    3  0.093   0.998363
 ( -0.316 ,  0.046 , -0.086 )   41    1  0.104   0.955006
 ( -0.316 ,  0.046 , -0.086 )   41    2  0.104   0.965249
 ( -0.316 ,  0.046 , -0.086 )   41    3  0.104   0.996057
 ( -0.316 ,  0.171 ,  0.039 )   63    1  0.104   0.956386
 ( -0.316 ,  0.171 ,  0.039 )   63    2  0.104   0.994154
 ( -0.316 ,  0.171 ,  0.039 )   63    3  0.104   0.999121
 ( -0.316 ,  0.171 ,  0.164 )   32    1  0.106   0.992807
 ( -0.316 ,  0.171 ,  0.164 )   32    2  0.106   0.986520
 ( -0.316 ,  0.171 ,  0.164 )   32    3  0.106   0.998115
 ( -0.316 ,  0.171 ,  0.289 )  110    1  0.124   0.972677
 ( -0.316 ,  0.171 ,  0.289 )  110    2  0.124   0.988556
 ( -0.316 ,  0.171 ,  0.289 )  110    3  0.124   0.997438
 (  0.684 ,  0.171 ,  0.414 )  114    1  0.101   0.994229
 (  0.684 ,  0.171 ,  0.414 )  114    2  0.101   0.990828
 (  0.684 ,  0.171 ,  0.414 )  114    3  0.101   0.998967
 ( -0.316 ,  0.171 , -0.461 )  116    1  0.106   0.987450
 ( -0.316 ,  0.171 , -0.461 )  116    2  0.106   0.992595
 ( -0.316 ,  0.171 , -0.461 )  116    3  0.106   0.997323
 ( -0.316 ,  0.171 , -0.336 )   99    1  0.112   0.992038
 ( -0.316 ,  0.171 , -0.336 )   99    2  0.112   0.990250
 ( -0.316 ,  0.171 , -0.336 )   99    3  0.112   0.996331
 ( -0.316 ,  0.171 , -0.211 )  113    1  0.106   0.966588
 ( -0.316 ,  0.171 , -0.211 )  113    2  0.106   0.992585
 ( -0.316 ,  0.171 , -0.211 )  113    3  0.106   0.998788
 ( -0.316 ,  0.171 , -0.086 )   82    1  0.112   0.897429
 ( -0.316 ,  0.171 , -0.086 )   82    2  0.112   0.991796
 ( -0.316 ,  0.171 , -0.086 )   82    3  0.112   0.995939
 ( -0.316 ,  0.296 ,  0.039 )   63    1  0.093   0.967566
 ( -0.316 ,  0.296 ,  0.039 )   63    2  0.093   0.990964
 ( -0.316 ,  0.296 ,  0.039 )   63    3  0.093   0.998640
 ( -0.316 ,  0.296 ,  0.164 )  106    1  0.117   0.978512
 ( -0.316 ,  0.296 ,  0.164 )  106    2  0.117   0.989314
 ( -0.316 ,  0.296 ,  0.164 )  106    3  0.117   0.997661
 (  0.684 ,  0.296 ,  0.289 )   56    1  0.096   0.988539
 (  0.684 ,  0.296 ,  0.289 )   56    2  0.096   0.991867
 (  0.684 ,  0.296 ,  0.289 )   56    3  0.096   0.998858
 (  0.684 ,  0.296 ,  0.414 )  114    1  0.103   0.974608
 (  0.684 ,  0.296 ,  0.414 )  114    2  0.103   0.992553
 (  0.684 ,  0.296 ,  0.414 )  114    3  0.103   0.999015
 ( -0.316 , -0.704 , -0.461 )  124    1  0.111   0.983229
 ( -0.316 , -0.704 , -0.461 )  124    2  0.111   0.990771
 ( -0.316 , -0.704 , -0.461 )  124    3  0.111   0.999456
 ( -0.316 , -0.704 , -0.336 )   99    1  0.091   0.990606
 ( -0.316 , -0.704 , -0.336 )   99    2  0.091   0.991010
 ( -0.316 , -0.704 , -0.336 )   99    3  0.091   0.999323
 ( -0.316 ,  0.296 , -0.211 )  113    1  0.118   0.969820
 ( -0.316 ,  0.296 , -0.211 )  113    2  0.118   0.988748
 ( -0.316 ,  0.296 , -0.211 )  113    3  0.118   0.998583
 ( -0.316 ,  0.296 , -0.086 )  113    1  0.107   0.949988
 ( -0.316 ,  0.296 , -0.086 )  113    2  0.107   0.993778
 ( -0.316 ,  0.296 , -0.086 )  113    3  0.107   0.997073
 ( -0.316 , -0.579 ,  0.039 )  100    1  0.076   0.972741
 ( -0.316 , -0.579 ,  0.039 )  100    2  0.076   0.994346
 ( -0.316 , -0.579 ,  0.039 )  100    3  0.076   0.999165
 (  0.684 ,  0.421 ,  0.164 )  118    1  0.107   0.993217
 (  0.684 ,  0.421 ,  0.164 )  118    2  0.107   0.990412
 (  0.684 ,  0.421 ,  0.164 )  118    3  0.107   0.998583
 (  0.684 ,  0.421 ,  0.289 )  118    1  0.095   0.981072
 (  0.684 ,  0.421 ,  0.289 )  118    2  0.095   0.993366
 (  0.684 ,  0.421 ,  0.289 )  118    3  0.095   0.999341
 ( -0.316 , -0.579 , -0.586 )   62    1  0.079   0.991752
 ( -0.316 , -0.579 , -0.586 )   62    2  0.079   0.995471
 ( -0.316 , -0.579 , -0.586 )   62    3  0.079   0.999450
 ( -0.316 , -0.579 , -0.461 )   61    1  0.127   0.832111
 ( -0.316 , -0.579 , -0.461 )   61    2  0.127   0.966633
 ( -0.316 , -0.579 , -0.461 )   61    3  0.127   0.995207
 ( -0.316 , -0.579 , -0.336 )   61    1  0.081   0.989641
 ( -0.316 , -0.579 , -0.336 )   61    2  0.081   0.992604
 ( -0.316 , -0.579 , -0.336 )   61    3  0.081   0.999132
 ( -0.316 , -0.579 , -0.211 )  123    1  0.090   0.971903
 ( -0.316 , -0.579 , -0.211 )  123    2  0.090   0.996350
 ( -0.316 , -0.579 , -0.211 )  123    3  0.090   0.998056
 ( -0.316 , -0.579 , -0.086 )  123    1  0.113   0.949502
 ( -0.316 , -0.579 , -0.086 )  123    2  0.113   0.991304
 ( -0.316 , -0.579 , -0.086 )  123    3  0.113   0.998481
 ( -0.316 , -0.454 ,  0.039 )   87    1  0.124   0.970635
 ( -0.316 , -0.454 ,  0.039 )   87    2  0.124   0.824800
 ( -0.316 , -0.454 ,  0.039 )   87    3  0.124   0.994201
 ( -0.316 , -0.454 ,  0.164 )  117    1  0.103   0.985989
 ( -0.316 , -0.454 ,  0.164 )  117    2  0.103   0.992003
 ( -0.316 , -0.454 ,  0.164 )  117    3  0.103   0.997595
 ( -0.316 , -0.454 , -0.711 )  108    1  0.116   0.980244
 ( -0.316 , -0.454 , -0.711 )  108    2  0.116   0.990295
 ( -0.316 , -0.454 , -0.711 )  108    3  0.116   0.999400
 ( -0.316 , -0.454 , -0.586 )   70    1  0.120   0.837198
 ( -0.316 , -0.454 , -0.586 )   70    2  0.120   0.974960
 ( -0.316 , -0.454 , -0.586 )   70    3  0.120   0.995677
 ( -0.316 , -0.454 , -0.461 )   38    1  0.101   0.988382
 ( -0.316 , -0.454 , -0.461 )   38    2  0.101   0.985112
 ( -0.316 , -0.454 , -0.461 )   38    3  0.101   0.997328
 ( -0.316 , -0.454 , -0.336 )   61    1  0.128   0.961631
 ( -0.316 , -0.454 , -0.336 )   61    2  0.128   0.988618
 ( -0.316 , -0.454 , -0.336 )   61    3  0.128   0.998566
 ( -0.316 , -0.454 , -0.211 )   81    1  0.112   0.866009
 ( -0.316 , -0.454 , -0.211 )   81    2  0.112   0.988334
 ( -0.316 , -0.454 , -0.211 )   81    3  0.112   0.994242
 ( -0.316 , -0.454 , -0.086 )   45    1  0.106   0.911898
 ( -0.316 , -0.454 , -0.086 )   45    2  0.106   0.976383
 ( -0.316 , -0.454 , -0.086 )   45    3  0.106   0.997601
 ( -0.316 , -0.329 ,  0.039 )   87    1  0.079   0.996254
 ( -0.316 , -0.329 ,  0.039 )   87    2  0.079   0.974101
 ( -0.316 , -0.329 ,  0.039 )   87    3  0.079   0.994255
 ( -0.316 , -0.329 ,  0.164 )   96    1  0.122   0.994677
 ( -0.316 , -0.329 ,  0.164 )   96    2  0.122   0.988359
 ( -0.316 , -0.329 ,  0.164 )   96    3  0.122   0.995750
 ( -0.316 , -0.329 , -0.711 )   96    1  0.088   0.994097
 ( -0.316 , -0.329 , -0.711 )   96    2  0.088   0.991538
 ( -0.316 , -0.329 , -0.711 )   96    3  0.088   0.999102
 ( -0.316 , -0.329 , -0.586 )   70    1  0.088   0.991862
 ( -0.316 , -0.329 , -0.586 )   70    2  0.088   0.991234
 ( -0.316 , -0.329 , -0.586 )   70    3  0.088   0.998923
 ( -0.316 , -0.329 , -0.461 )   70    1  0.121   0.971306
 ( -0.316 , -0.329 , -0.461 )   70    2  0.121   0.991125
 ( -0.316 , -0.329 , -0.461 )   70    3  0.121   0.998782
 ( -0.316 , -0.329 , -0.336 )   11    1  0.079   0.991785
 ( -0.316 , -0.329 , -0.336 )   11    2  0.079   0.988440
 ( -0.316 , -0.329 , -0.336 )   11    3  0.079   0.998653
 ( -0.316 , -0.329 , -0.211 )   44    1  0.103   0.979226
 ( -0.316 , -0.329 , -0.211 )   44    2  0.103   0.976944
 ( -0.316 , -0.329 , -0.211 )   44    3  0.103   0.996654
 ( -0.316 , -0.329 , -0.086 )   44    1  0.102   0.988536
 ( -0.316 , -0.329 , -0.086 )   44    2  0.102   0.949423
 ( -0.316 , -0.329 , -0.086 )   44    3  0.102   0.998475
 ( -0.316 , -0.204 ,  0.039 )   30    1  0.087   0.969962
 ( -0.316 , -0.204 ,  0.039 )   30    2  0.087   0.977192
 ( -0.316 , -0.204 ,  0.039 )   30    3  0.087   0.998456
 ( -0.316 , -0.204 ,  0.164 )  105    1  0.109   0.969774
 ( -0.316 , -0.204 ,  0.164 )  105    2  0.109   0.992056
 ( -0.316 , -0.204 ,  0.164 )  105    3  0.109   0.998766
 ( -0.316 , -0.204 ,  0.289 )  105    1  0.108   0.974377
 ( -0.316 , -0.204 ,  0.289 )  105    2  0.108   0.990195
 ( -0.316 , -0.204 ,  0.289 )  105    3  0.108   0.998620
 ( -0.316 , -0.204 , -0.586 )  103    1  0.087   0.975858
 ( -0.316 , -0.204 , -0.586 )  103    2  0.087   0.996263
 ( -0.316 , -0.204 , -0.586 )  103    3  0.087   0.998161
 ( -0.316 , -0.204 , -0.461 )   78    1  0.117   0.857813
 ( -0.316 , -0.204 , -0.461 )   78    2  0.117   0.988975
 ( -0.316 , -0.204 , -0.461 )   78    3  0.117   0.993250
 ( -0.316 , -0.204 , -0.336 )   25    1  0.094   0.982943
 ( -0.316 , -0.204 , -0.336 )   25    2  0.094   0.979720
 ( -0.316 , -0.204 , -0.336 )   25    3  0.094   0.997036
 ( -0.316 , -0.204 , -0.211 )   75    1  0.095   0.962132
 ( -0.316 , -0.204 , -0.211 )   75    2  0.095   0.980858
 ( -0.316 , -0.204 , -0.211 )   75    3  0.095   0.998393
 ( -0.316 , -0.204 , -0.086 )   21    1  0.124   0.922830
 ( -0.316 , -0.204 , -0.086 )   21    2  0.124   0.852298
 ( -0.316 , -0.204 , -0.086 )   21    3  0.124   0.984524
 ( -0.316 , -0.079 ,  0.039 )   30    1  0.112   0.950451
 ( -0.316 , -0.079 ,  0.039 )   30    2  0.112   0.963951
 ( -0.316 , -0.079 ,  0.039 )   30    3  0.112   0.995688
 ( -0.316 , -0.079 ,  0.164 )   74    1  0.107   0.907334
 ( -0.316 , -0.079 ,  0.164 )   74    2  0.107   0.991600
 ( -0.316 , -0.079 ,  0.164 )   74    3  0.107   0.996420
 ( -0.316 , -0.079 ,  0.289 )  105    1  0.110   0.942782
 ( -0.316 , -0.079 ,  0.289 )  105    2  0.110   0.993792
 ( -0.316 , -0.079 ,  0.289 )  105    3  0.110   0.996900
 ( -0.316 , -0.079 , -0.586 )  103    1  0.122   0.941575
 ( -0.316 , -0.079 , -0.586 )  103    2  0.122   0.989911
 ( -0.316 , -0.079 , -0.586 )  103    3  0.122   0.998331
 ( -0.316 , -0.079 , -0.461 )   26    1  0.103   0.917035
 ( -0.316 , -0.079 , -0.461 )   26    2  0.103   0.983023
 ( -0.316 , -0.079 , -0.461 )   26    3  0.103   0.997448
 ( -0.316 , -0.079 , -0.336 )   25    1  0.108   0.979771
 ( -0.316 , -0.079 , -0.336 )   25    2  0.108   0.946174
 ( -0.316 , -0.079 , -0.336 )   25    3  0.108   0.998358
 ( -0.316 , -0.079 , -0.211 )   19    1  0.118   0.931307
 ( -0.316 , -0.079 , -0.211 )   19    2  0.118   0.863537
 ( -0.316 , -0.079 , -0.211 )   19    3  0.118   0.987540
 ( -0.316 , -0.079 , -0.086 )    7    1  0.105   0.946011
 ( -0.316 , -0.079 , -0.086 )    7    2  0.105   0.871830
 ( -0.316 , -0.079 , -0.086 )    7    3  0.105   0.995669
 ( -0.191 ,  0.046 ,  0.039 )    7    1  0.048   0.944346
 ( -0.191 ,  0.046 ,  0.039 )    7    2  0.048   0.985574
 ( -0.191 ,  0.046 ,  0.039 )    7    3  0.048   0.998694
 ( -0.191 ,  0.046 ,  0.164 )   74    1  0.072   0.948196
 ( -0.191 ,  0.046 ,  0.164 )   74    2  0.072   0.991347
 ( -0.191 ,  0.046 ,  0.164 )   74    3  0.072   0.998755
 ( -0.191 ,  0.046 ,  0.289 )   74    1  0.086   0.955867
 ( -0.191 ,  0.046 ,  0.289 )   74    2  0.086   0.995169
 ( -0.191 ,  0.046 ,  0.289 )   74    3  0.086   0.998347
 ( -0.191 ,  0.046 ,  0.414 )   50    1  0.043   0.966568
 ( -0.191 ,  0.046 ,  0.414 )   50    2  0.043   0.998709
 ( -0.191 ,  0.046 ,  0.414 )   50    3  0.043   0.999710
 ( -0.191 ,  0.046 , -0.461 )   26    1  0.095   0.964338
 ( -0.191 ,  0.046 , -0.461 )   26    2  0.095   0.990607
 ( -0.191 ,  0.046 , -0.461 )   26    3  0.095   0.999195
 ( -0.191 ,  0.046 , -0.336 )   26    1  0.064   0.972163
 ( -0.191 ,  0.046 , -0.336 )   26    2  0.064   0.987169
 ( -0.191 ,  0.046 , -0.336 )   26    3  0.064   0.998977
 ( -0.191 ,  0.046 , -0.211 )   19    1  0.053   0.987923
 ( -0.191 ,  0.046 , -0.211 )   19    2  0.053   0.971569
 ( -0.191 ,  0.046 , -0.211 )   19    3  0.053   0.997897
 ( -0.191 ,  0.046 , -0.086 )   19    1  0.110   0.925004
 ( -0.191 ,  0.046 , -0.086 )   19    2  0.110   0.906817
 ( -0.191 ,  0.046 , -0.086 )   19    3  0.110   0.965806
 ( -0.191 ,  0.171 ,  0.039 )   82    1  0.059   0.962113
 ( -0.191 ,  0.171 ,  0.039 )   82    2  0.059   0.994255
 ( -0.191 ,  0.171 ,  0.039 )   82    3  0.059   0.999085
 ( -0.191 ,  0.171 ,  0.164 )   32    1  0.046   0.998524
 ( -0.191 ,  0.171 ,  0.164 )   32    2  0.046   0.995816
 ( -0.191 ,  0.171 ,  0.164 )   32    3  0.046   0.999280
 ( -0.191 ,  0.171 ,  0.289 )   32    1  0.107   0.890520
 ( -0.191 ,  0.171 ,  0.289 )   32    2  0.107   0.957448
 ( -0.191 ,  0.171 ,  0.289 )   32    3  0.107   0.996938
 ( -0.191 ,  0.171 ,  0.414 )  110    1  0.040   0.997148
 ( -0.191 ,  0.171 ,  0.414 )  110    2  0.040   0.998501
 ( -0.191 ,  0.171 ,  0.414 )  110    3  0.040   0.999722
 ( -0.191 ,  0.171 , -0.461 )  116    1  0.067   0.995870
 ( -0.191 ,  0.171 , -0.461 )  116    2  0.067   0.995407
 ( -0.191 ,  0.171 , -0.461 )  116    3  0.067   0.999644
 ( -0.191 ,  0.171 , -0.336 )  116    1  0.082   0.986989
 ( -0.191 ,  0.171 , -0.336 )  116    2  0.082   0.996057
 ( -0.191 ,  0.171 , -0.336 )  116    3  0.082   0.999321
 ( -0.191 ,  0.171 , -0.211 )   42    1  0.034   0.994873
 ( -0.191 ,  0.171 , -0.211 )   42    2  0.034   0.997326
 ( -0.191 ,  0.171 , -0.211 )   42    3  0.034   0.999726
 ( -0.191 ,  0.171 , -0.086 )   82    1  0.091   0.885671
 ( -0.191 ,  0.171 , -0.086 )   82    2  0.091   0.987145
 ( -0.191 ,  0.171 , -0.086 )   82    3  0.091   0.996890
 ( -0.191 ,  0.296 ,  0.039 )   82    1  0.092   0.961606
 ( -0.191 ,  0.296 ,  0.039 )   82    2  0.092   0.994517
 ( -0.191 ,  0.296 ,  0.039 )   82    3  0.092   0.998286
 ( -0.191 ,  0.296 ,  0.164 )  106    1  0.108   0.976268
 ( -0.191 ,  0.296 ,  0.164 )  106    2  0.108   0.995027
 ( -0.191 ,  0.296 ,  0.164 )  106    3  0.108   0.998427
 ( -0.191 ,  0.296 ,  0.289 )   32    1  0.108   0.994174
 ( -0.191 ,  0.296 ,  0.289 )   32    2  0.108   0.987178
 ( -0.191 ,  0.296 ,  0.289 )   32    3  0.108   0.993463
 ( -0.191 ,  0.296 ,  0.414 )  110    1  0.095   0.979711
 ( -0.191 ,  0.296 ,  0.414 )  110    2  0.095   0.994016
 ( -0.191 ,  0.296 ,  0.414 )  110    3  0.095   0.998468
 ( -0.191 , -0.704 , -0.461 )  124    1  0.113   0.992972
 ( -0.191 , -0.704 , -0.461 )  124    2  0.113   0.991369
 ( -0.191 , -0.704 , -0.461 )  124    3  0.113   0.997832
 ( -0.191 ,  0.296 , -0.336 )  116    1  0.097   0.988892
 ( -0.191 ,  0.296 , -0.336 )  116    2  0.097   0.990978
 ( -0.191 ,  0.296 , -0.336 )  116    3  0.097   0.999104
 ( -0.191 ,  0.296 , -0.211 )   42    1  0.104   0.990807
 ( -0.191 ,  0.296 , -0.211 )   42    2  0.104   0.986324
 ( -0.191 ,  0.296 , -0.211 )   42    3  0.104   0.998870
 ( -0.191 ,  0.296 , -0.086 )   69    1  0.123   0.880637
 ( -0.191 ,  0.296 , -0.086 )   69    2  0.123   0.989617
 ( -0.191 ,  0.296 , -0.086 )   69    3  0.123   0.998232
 ( -0.191 ,  0.421 ,  0.039 )   69    1  0.036   0.974546
 ( -0.191 ,  0.421 ,  0.039 )   69    2  0.036   0.998995
 ( -0.191 ,  0.421 ,  0.039 )   69    3  0.036   0.999795
 ( -0.191 ,  0.421 ,  0.164 )  106    1  0.052   0.995651
 ( -0.191 ,  0.421 ,  0.164 )  106    2  0.052   0.997698
 ( -0.191 ,  0.421 ,  0.164 )  106    3  0.052   0.999574
 ( -0.191 ,  0.421 ,  0.289 )  106    1  0.086   0.985861
 ( -0.191 ,  0.421 ,  0.289 )  106    2  0.086   0.994858
 ( -0.191 ,  0.421 ,  0.289 )  106    3  0.086   0.998589
 ( -0.191 , -0.579 , -0.586 )   97    1  0.019   0.999235
 ( -0.191 , -0.579 , -0.586 )   97    2  0.019   0.999699
 ( -0.191 , -0.579 , -0.586 )   97    3  0.019   0.999932
 ( -0.191 , -0.579 , -0.461 )  124    1  0.078   0.981139
 ( -0.191 , -0.579 , -0.461 )  124    2  0.078   0.995603
 ( -0.191 , -0.579 , -0.461 )  124    3  0.078   0.999364
 ( -0.191 , -0.579 , -0.336 )  124    1  0.060   0.991250
 ( -0.191 , -0.579 , -0.336 )  124    2  0.060   0.998109
 ( -0.191 , -0.579 , -0.336 )  124    3  0.060   0.999146
 ( -0.191 , -0.579 , -0.211 )   66    1  0.029   0.993750
 ( -0.191 , -0.579 , -0.211 )   66    2  0.029   0.999553
 ( -0.191 , -0.579 , -0.211 )   66    3  0.029   0.999938
 ( -0.191 , -0.579 , -0.086 )   69    1  0.104   0.915613
 ( -0.191 , -0.579 , -0.086 )   69    2  0.104   0.968690
 ( -0.191 , -0.579 , -0.086 )   69    3  0.104   0.998531
 ( -0.191 , -0.454 ,  0.039 )   45    1  0.082   0.972974
 ( -0.191 , -0.454 ,  0.039 )   45    2  0.082   0.992203
 ( -0.191 , -0.454 ,  0.039 )   45    3  0.082   0.999315
 ( -0.191 , -0.454 ,  0.164 )  117    1  0.063   0.995492
 ( -0.191 , -0.454 ,  0.164 )  117    2  0.063   0.995925
 ( -0.191 , -0.454 ,  0.164 )  117    3  0.063   0.999601
 ( -0.191 , -0.454 , -0.711 )  108    1  0.118   0.992949
 ( -0.191 , -0.454 , -0.711 )  108    2  0.118   0.989882
 ( -0.191 , -0.454 , -0.711 )  108    3  0.118   0.997916
 ( -0.191 , -0.454 , -0.586 )  108    1  0.066   0.987580
 ( -0.191 , -0.454 , -0.586 )  108    2  0.066   0.996379
 ( -0.191 , -0.454 , -0.586 )  108    3  0.066   0.999479
 ( -0.191 , -0.454 , -0.461 )   38    1  0.076   0.996499
 ( -0.191 , -0.454 , -0.461 )   38    2  0.076   0.992867
 ( -0.191 , -0.454 , -0.461 )   38    3  0.076   0.997015
 ( -0.191 , -0.454 , -0.336 )   38    1  0.102   0.904771
 ( -0.191 , -0.454 , -0.336 )   38    2  0.102   0.947186
 ( -0.191 , -0.454 , -0.336 )   38    3  0.102   0.995166
 ( -0.191 , -0.454 , -0.211 )   81    1  0.059   0.987473
 ( -0.191 , -0.454 , -0.211 )   81    2  0.059   0.997352
 ( -0.191 , -0.454 , -0.211 )   81    3  0.059   0.999245
 ( -0.191 , -0.454 , -0.086 )   45    1  0.096   0.926905
 ( -0.191 , -0.454 , -0.086 )   45    2  0.096   0.963058
 ( -0.191 , -0.454 , -0.086 )   45    3  0.096   0.997322
 ( -0.191 , -0.329 ,  0.039 )   45    1  0.069   0.977225
 ( -0.191 , -0.329 ,  0.039 )   45    2  0.069   0.986474
 ( -0.191 , -0.329 ,  0.039 )   45    3  0.069   0.998860
 ( -0.191 , -0.329 ,  0.164 )  117    1  0.095   0.982860
 ( -0.191 , -0.329 ,  0.164 )  117    2  0.095   0.994750
 ( -0.191 , -0.329 ,  0.164 )  117    3  0.095   0.999126
 ( -0.191 , -0.329 ,  0.289 )  117    1  0.094   0.987029
 ( -0.191 , -0.329 ,  0.289 )  117    2  0.094   0.991672
 ( -0.191 , -0.329 ,  0.289 )  117    3  0.094   0.998976
 ( -0.191 , -0.329 , -0.586 )  108    1  0.069   0.988597
 ( -0.191 , -0.329 , -0.586 )  108    2  0.069   0.997402
 ( -0.191 , -0.329 , -0.586 )  108    3  0.069   0.998899
 ( -0.191 , -0.329 , -0.461 )   38    1  0.115   0.893928
 ( -0.191 , -0.329 , -0.461 )   38    2  0.115   0.937076
 ( -0.191 , -0.329 , -0.461 )   38    3  0.115   0.993002
 ( -0.191 , -0.329 , -0.336 )   38    1  0.078   0.995153
 ( -0.191 , -0.329 , -0.336 )   38    2  0.078   0.986038
 ( -0.191 , -0.329 , -0.336 )   38    3  0.078   0.997950
 ( -0.191 , -0.329 , -0.211 )   81    1  0.078   0.970859
 ( -0.191 , -0.329 , -0.211 )   81    2  0.078   0.989132
 ( -0.191 , -0.329 , -0.211 )   81    3  0.078   0.998989
 ( -0.191 , -0.329 , -0.086 )   81    1  0.114   0.836165
 ( -0.191 , -0.329 , -0.086 )   81    2  0.114   0.975243
 ( -0.191 , -0.329 , -0.086 )   81    3  0.114   0.994213
 ( -0.191 , -0.204 ,  0.039 )   21    1  0.041   0.990920
 ( -0.191 , -0.204 ,  0.039 )   21    2  0.041   0.980223
 ( -0.191 , -0.204 ,  0.039 )   21    3  0.041   0.998564
 ( -0.191 , -0.204 ,  0.164 )   31    1  0.042   0.997393
 ( -0.191 , -0.204 ,  0.164 )   31    2  0.042   0.996185
 ( -0.191 , -0.204 ,  0.164 )   31    3  0.042   0.999604
 ( -0.191 , -0.204 ,  0.289 )   31    1  0.093   0.994612
 ( -0.191 , -0.204 ,  0.289 )   31    2  0.093   0.988157
 ( -0.191 , -0.204 ,  0.289 )   31    3  0.093   0.998966
 ( -0.191 , -0.204 , -0.586 )   55    1  0.017   0.997196
 ( -0.191 , -0.204 , -0.586 )   55    2  0.017   0.999831
 ( -0.191 , -0.204 , -0.586 )   55    3  0.017   0.999976
 ( -0.191 , -0.204 , -0.461 )   78    1  0.068   0.988920
 ( -0.191 , -0.204 , -0.461 )   78    2  0.068   0.996643
 ( -0.191 , -0.204 , -0.461 )   78    3  0.068   0.999023
 ( -0.191 , -0.204 , -0.336 )   78    1  0.067   0.980747
 ( -0.191 , -0.204 , -0.336 )   78    2  0.067   0.992450
 ( -0.191 , -0.204 , -0.336 )   78    3  0.067   0.999268
 ( -0.191 , -0.204 , -0.211 )    3    1  0.018   0.992843
 ( -0.191 , -0.204 , -0.211 )    3    2  0.018   0.996290
 ( -0.191 , -0.204 , -0.211 )    3    3  0.018   0.999855
 ( -0.191 , -0.204 , -0.086 )   21    1  0.094   0.929367
 ( -0.191 , -0.204 , -0.086 )   21    2  0.094   0.968684
 ( -0.191 , -0.204 , -0.086 )   21    3  0.094   0.972730
 ( -0.191 , -0.079 ,  0.039 )    7    1  0.106   0.855931
 ( -0.191 , -0.079 ,  0.039 )    7    2  0.106   0.882046
 ( -0.191 , -0.079 ,  0.039 )    7    3  0.106   0.980275
 ( -0.191 , -0.079 ,  0.164 )   74    1  0.085   0.898121
 ( -0.191 , -0.079 ,  0.164 )   74    2  0.085   0.989018
 ( -0.191 , -0.079 ,  0.164 )   74    3  0.085   0.997355
 ( -0.191 , -0.079 ,  0.289 )   50    1  0.125   0.891741
 ( -0.191 , -0.079 ,  0.289 )   50    2  0.125   0.990968
 ( -0.191 , -0.079 ,  0.289 )   50    3  0.125   0.998306
 ( -0.191 , -0.079 , -0.586 )   50    1  0.092   0.922296
 ( -0.191 , -0.079 , -0.586 )   50    2  0.092   0.976294
 ( -0.191 , -0.079 , -0.586 )   50    3  0.092   0.998817
 ( -0.191 , -0.079 , -0.461 )   26    1  0.093   0.931862
 ( -0.191 , -0.079 , -0.461 )   26    2  0.093   0.970008
 ( -0.191 , -0.079 , -0.461 )   26    3  0.093   0.997713
 ( -0.191 , -0.079 , -0.336 )   78    1  0.119   0.823768
 ( -0.191 , -0.079 , -0.336 )   78    2  0.119   0.972918
 ( -0.191 , -0.079 , -0.336 )   78    3  0.119   0.993486
 ( -0.191 , -0.079 , -0.211 )   19    1  0.084   0.948474
 ( -0.191 , -0.079 , -0.211 )   19    2  0.084   0.959447
 ( -0.191 , -0.079 , -0.211 )   19    3  0.084   0.979131
 ( -0.191 , -0.079 , -0.086 )    7    1  0.107   0.910962
 ( -0.191 , -0.079 , -0.086 )    7    2  0.107   0.897132
 ( -0.191 , -0.079 , -0.086 )    7    3  0.107   0.967036
 ( -0.066 ,  0.046 ,  0.039 )    1    1  0.109   0.927037
 ( -0.066 ,  0.046 ,  0.039 )    1    2  0.109   0.882305
 ( -0.066 ,  0.046 ,  0.039 )    1    3  0.109   0.781399
 ( -0.066 ,  0.046 ,  0.164 )    2    1  0.103   0.891441
 ( -0.066 ,  0.046 ,  0.164 )    2    2  0.103   0.874972
 ( -0.066 ,  0.046 ,  0.164 )    2    3  0.103   0.978782
 ( -0.066 ,  0.046 ,  0.289 )   74    1  0.122   0.896524
 ( -0.066 ,  0.046 ,  0.289 )   74    2  0.122   0.960450
 ( -0.066 ,  0.046 ,  0.289 )   74    3  0.122   0.995502
 ( -0.066 ,  0.046 ,  0.414 )   10    1  0.100   0.929902
 ( -0.066 ,  0.046 ,  0.414 )   10    2  0.100   0.834266
 ( -0.066 ,  0.046 ,  0.414 )   10    3  0.100   0.998287
 ( -0.066 ,  0.046 , -0.461 )   12    1  0.114   0.937402
 ( -0.066 ,  0.046 , -0.461 )   12    2  0.114   0.822219
 ( -0.066 ,  0.046 , -0.461 )   12    3  0.114   0.998114
 ( -0.066 ,  0.046 , -0.336 )   26    1  0.118   0.929874
 ( -0.066 ,  0.046 , -0.336 )   26    2  0.118   0.957276
 ( -0.066 ,  0.046 , -0.336 )   26    3  0.118   0.995077
 ( -0.066 ,  0.046 , -0.211 )    4    1  0.098   0.885126
 ( -0.066 ,  0.046 , -0.211 )    4    2  0.098   0.879191
 ( -0.066 ,  0.046 , -0.211 )    4    3  0.098   0.989501
 ( -0.066 ,  0.046 , -0.086 )    1    1  0.129   0.879363
 ( -0.066 ,  0.046 , -0.086 )    1    2  0.129   0.824744
 ( -0.066 ,  0.046 , -0.086 )    1    3  0.129   0.775544
 ( -0.066 ,  0.171 ,  0.039 )    9    1  0.094   0.907969
 ( -0.066 ,  0.171 ,  0.039 )    9    2  0.094   0.877059
 ( -0.066 ,  0.171 ,  0.039 )    9    3  0.094   0.985005
 ( -0.066 ,  0.171 ,  0.164 )   18    1  0.058   0.970009
 ( -0.066 ,  0.171 ,  0.164 )   18    2  0.058   0.969299
 ( -0.066 ,  0.171 ,  0.164 )   18    3  0.058   0.993204
 ( -0.066 ,  0.171 ,  0.289 )   24    1  0.102   0.948556
 ( -0.066 ,  0.171 ,  0.289 )   24    2  0.102   0.967574
 ( -0.066 ,  0.171 ,  0.289 )   24    3  0.102   0.995568
 ( -0.066 ,  0.171 ,  0.414 )   24    1  0.075   0.943065
 ( -0.066 ,  0.171 ,  0.414 )   24    2  0.075   0.990863
 ( -0.066 ,  0.171 ,  0.414 )   24    3  0.075   0.999494
 ( -0.066 ,  0.171 , -0.461 )   48    1  0.066   0.940822
 ( -0.066 ,  0.171 , -0.461 )   48    2  0.066   0.994707
 ( -0.066 ,  0.171 , -0.461 )   48    3  0.066   0.999413
 ( -0.066 ,  0.171 , -0.336 )   48    1  0.116   0.928051
 ( -0.066 ,  0.171 , -0.336 )   48    2  0.116   0.992808
 ( -0.066 ,  0.171 , -0.336 )   48    3  0.116   0.998528
 ( -0.066 ,  0.171 , -0.211 )   72    1  0.061   0.930784
 ( -0.066 ,  0.171 , -0.211 )   72    2  0.061   0.995599
 ( -0.066 ,  0.171 , -0.211 )   72    3  0.061   0.998251
 ( -0.066 ,  0.171 , -0.086 )    9    1  0.082   0.889037
 ( -0.066 ,  0.171 , -0.086 )    9    2  0.082   0.935821
 ( -0.066 ,  0.171 , -0.086 )    9    3  0.082   0.995619
 ( -0.066 ,  0.296 ,  0.039 )   82    1  0.126   0.903328
 ( -0.066 ,  0.296 ,  0.039 )   82    2  0.126   0.957477
 ( -0.066 ,  0.296 ,  0.039 )   82    3  0.126   0.995001
 ( -0.066 ,  0.296 ,  0.164 )   35    1  0.094   0.954068
 ( -0.066 ,  0.296 ,  0.164 )   35    2  0.094   0.970262
 ( -0.066 ,  0.296 ,  0.164 )   35    3  0.094   0.996090
 ( -0.066 ,  0.296 ,  0.289 )   84    1  0.108   0.996345
 ( -0.066 ,  0.296 ,  0.289 )   84    2  0.108   0.939746
 ( -0.066 ,  0.296 ,  0.289 )   84    3  0.108   0.987990
 ( -0.066 ,  0.296 ,  0.414 )   84    1  0.118   0.937090
 ( -0.066 ,  0.296 ,  0.414 )   84    2  0.118   0.851739
 ( -0.066 ,  0.296 ,  0.414 )   84    3  0.118   0.994069
 ( -0.066 ,  0.296 ,  0.539 )   90    1  0.091   0.937315
 ( -0.066 ,  0.296 ,  0.539 )   90    2  0.091   0.993172
 ( -0.066 ,  0.296 ,  0.539 )   90    3  0.091   0.998062
 ( -0.066 ,  0.296 , -0.336 )  116    1  0.120   0.923253
 ( -0.066 ,  0.296 , -0.336 )  116    2  0.120   0.992081
 ( -0.066 ,  0.296 , -0.336 )  116    3  0.120   0.996439
 ( -0.066 ,  0.296 , -0.211 )   67    1  0.103   0.926218
 ( -0.066 ,  0.296 , -0.211 )   67    2  0.103   0.995057
 ( -0.066 ,  0.296 , -0.211 )   67    3  0.103   0.998918
 ( -0.066 ,  0.296 , -0.086 )   17    1  0.096   0.929596
 ( -0.066 ,  0.296 , -0.086 )   17    2  0.096   0.893575
 ( -0.066 ,  0.296 , -0.086 )   17    3  0.096   0.997297
 ( -0.066 ,  0.421 ,  0.039 )   17    1  0.097   0.935226
 ( -0.066 ,  0.421 ,  0.039 )   17    2  0.097   0.843581
 ( -0.066 ,  0.421 ,  0.039 )   17    3  0.097   0.998576
 ( -0.066 ,  0.421 ,  0.164 )   35    1  0.082   0.941924
 ( -0.066 ,  0.421 ,  0.164 )   35    2  0.082   0.989969
 ( -0.066 ,  0.421 ,  0.164 )   35    3  0.082   0.999353
 ( -0.066 ,  0.421 ,  0.289 )   84    1  0.129   0.935973
 ( -0.066 ,  0.421 ,  0.289 )   84    2  0.129   0.834779
 ( -0.066 ,  0.421 ,  0.289 )   84    3  0.129   0.992008
 ( -0.066 ,  0.421 ,  0.414 )   84    1  0.085   0.997910
 ( -0.066 ,  0.421 ,  0.414 )   84    2  0.085   0.934332
 ( -0.066 ,  0.421 ,  0.414 )   84    3  0.085   0.997597
 ( -0.066 , -0.579 , -0.461 )   90    1  0.093   0.934664
 ( -0.066 , -0.579 , -0.461 )   90    2  0.093   0.980451
 ( -0.066 , -0.579 , -0.461 )   90    3  0.093   0.999164
 ( -0.066 , -0.579 , -0.336 )   90    1  0.115   0.939403
 ( -0.066 , -0.579 , -0.336 )   90    2  0.115   0.987349
 ( -0.066 , -0.579 , -0.336 )   90    3  0.115   0.996315
 ( -0.066 , -0.579 , -0.211 )   67    1  0.079   0.943844
 ( -0.066 , -0.579 , -0.211 )   67    2  0.079   0.987548
 ( -0.066 , -0.579 , -0.211 )   67    3  0.079   0.999270
 ( -0.066 ,  0.421 , -0.086 )   17    1  0.109   0.973333
 ( -0.066 ,  0.421 , -0.086 )   17    2  0.109   0.848738
 ( -0.066 ,  0.421 , -0.086 )   17    3  0.109   0.998716
 ( -0.066 , -0.454 ,  0.039 )   16    1  0.103   0.943903
 ( -0.066 , -0.454 ,  0.039 )   16    2  0.103   0.832261
 ( -0.066 , -0.454 ,  0.039 )   16    3  0.103   0.998311
 ( -0.066 , -0.454 ,  0.164 )   59    1  0.061   0.940534
 ( -0.066 , -0.454 ,  0.164 )   59    2  0.061   0.994973
 ( -0.066 , -0.454 ,  0.164 )   59    3  0.061   0.999442
 ( -0.066 ,  0.546 ,  0.289 )   94    1  0.097   0.936860
 ( -0.066 ,  0.546 ,  0.289 )   94    2  0.097   0.991958
 ( -0.066 ,  0.546 ,  0.289 )   94    3  0.097   0.997989
 ( -0.066 , -0.454 , -0.586 )   94    1  0.083   0.935071
 ( -0.066 , -0.454 , -0.586 )   94    2  0.083   0.986895
 ( -0.066 , -0.454 , -0.586 )   94    3  0.083   0.999251
 ( -0.066 , -0.454 , -0.461 )   86    1  0.065   0.998363
 ( -0.066 , -0.454 , -0.461 )   86    2  0.065   0.935269
 ( -0.066 , -0.454 , -0.461 )   86    3  0.065   0.999421
 ( -0.066 , -0.454 , -0.336 )   43    1  0.119   0.925707
 ( -0.066 , -0.454 , -0.336 )   43    2  0.119   0.978676
 ( -0.066 , -0.454 , -0.336 )   43    3  0.119   0.995472
 ( -0.066 , -0.454 , -0.211 )   43    1  0.068   0.950238
 ( -0.066 , -0.454 , -0.211 )   43    2  0.068   0.984730
 ( -0.066 , -0.454 , -0.211 )   43    3  0.068   0.999079
 ( -0.066 , -0.454 , -0.086 )   16    1  0.078   0.959066
 ( -0.066 , -0.454 , -0.086 )   16    2  0.078   0.873708
 ( -0.066 , -0.454 , -0.086 )   16    3  0.078   0.999081
 ( -0.066 , -0.329 ,  0.039 )   45    1  0.120   0.932563
 ( -0.066 , -0.329 ,  0.039 )   45    2  0.120   0.957904
 ( -0.066 , -0.329 ,  0.039 )   45    3  0.120   0.995007
 ( -0.066 , -0.329 ,  0.164 )   76    1  0.116   0.923018
 ( -0.066 , -0.329 ,  0.164 )   76    2  0.116   0.989957
 ( -0.066 , -0.329 ,  0.164 )   76    3  0.116   0.996632
 ( -0.066 , -0.329 ,  0.289 )  117    1  0.118   0.923998
 ( -0.066 , -0.329 ,  0.289 )  117    2  0.118   0.992653
 ( -0.066 , -0.329 ,  0.289 )  117    3  0.118   0.996425
 ( -0.066 , -0.329 , -0.586 )   94    1  0.120   0.938700
 ( -0.066 , -0.329 , -0.586 )   94    2  0.120   0.986162
 ( -0.066 , -0.329 , -0.586 )   94    3  0.120   0.996194
 ( -0.066 , -0.329 , -0.461 )   28    1  0.112   0.927936
 ( -0.066 , -0.329 , -0.461 )   28    2  0.112   0.983990
 ( -0.066 , -0.329 , -0.461 )   28    3  0.112   0.995830
 ( -0.066 , -0.329 , -0.336 )   38    1  0.116   0.990676
 ( -0.066 , -0.329 , -0.336 )   38    2  0.116   0.919561
 ( -0.066 , -0.329 , -0.336 )   38    3  0.116   0.997868
 ( -0.066 , -0.329 , -0.211 )   43    1  0.120   0.947806
 ( -0.066 , -0.329 , -0.211 )   43    2  0.120   0.962292
 ( -0.066 , -0.329 , -0.211 )   43    3  0.120   0.991961
 ( -0.066 , -0.329 , -0.086 )    8    1  0.114   0.943474
 ( -0.066 , -0.329 , -0.086 )    8    2  0.114   0.881042
 ( -0.066 , -0.329 , -0.086 )    8    3  0.114   0.994831
 ( -0.066 , -0.204 ,  0.039 )    8    1  0.092   0.885904
 ( -0.066 , -0.204 ,  0.039 )    8    2  0.092   0.891986
 ( -0.066 , -0.204 ,  0.039 )    8    3  0.092   0.989874
 ( -0.066 , -0.204 ,  0.164 )   76    1  0.066   0.928291
 ( -0.066 , -0.204 ,  0.164 )   76    2  0.066   0.994630
 ( -0.066 , -0.204 ,  0.164 )   76    3  0.066   0.998236
 ( -0.066 , -0.204 ,  0.289 )   52    1  0.113   0.922587
 ( -0.066 , -0.204 ,  0.289 )   52    2  0.113   0.994187
 ( -0.066 , -0.204 ,  0.289 )   52    3  0.113   0.998769
 ( -0.066 , -0.204 , -0.586 )   52    1  0.076   0.942318
 ( -0.066 , -0.204 , -0.586 )   52    2  0.076   0.987667
 ( -0.066 , -0.204 , -0.586 )   52    3  0.076   0.999284
 ( -0.066 , -0.204 , -0.461 )   28    1  0.076   0.948039
 ( -0.066 , -0.204 , -0.461 )   28    2  0.076   0.983801
 ( -0.066 , -0.204 , -0.461 )   28    3  0.076   0.998837
 ( -0.066 , -0.204 , -0.336 )   28    1  0.113   0.953519
 ( -0.066 , -0.204 , -0.336 )   28    2  0.113   0.963680
 ( -0.066 , -0.204 , -0.336 )   28    3  0.113   0.992902
 ( -0.066 , -0.204 , -0.211 )   20    1  0.066   0.952971
 ( -0.066 , -0.204 , -0.211 )   20    2  0.066   0.984139
 ( -0.066 , -0.204 , -0.211 )   20    3  0.066   0.988112
 ( -0.066 , -0.204 , -0.086 )    8    1  0.093   0.928602
 ( -0.066 , -0.204 , -0.086 )    8    2  0.093   0.899580
 ( -0.066 , -0.204 , -0.086 )    8    3  0.093   0.982130
 ( -0.066 , -0.079 ,  0.039 )    1    1  0.118   0.883797
 ( -0.066 , -0.079 ,  0.039 )    1    2  0.118   0.844278
 ( -0.066 , -0.079 ,  0.039 )    1    3  0.118   0.793588
 ( -0.066 , -0.079 ,  0.164 )    2    1  0.074   0.883089
 ( -0.066 , -0.079 ,  0.164 )    2    2  0.074   0.954468
 ( -0.066 , -0.079 ,  0.164 )    2    3  0.074   0.995992
 ( -0.066 , -0.079 ,  0.289 )   10    1  0.099   0.923586
 ( -0.066 , -0.079 ,  0.289 )   10    2  0.099   0.910498
 ( -0.066 , -0.079 ,  0.289 )   10    3  0.099   0.997149
 ( -0.066 , -0.079 ,  0.414 )   10    1  0.099   0.977676
 ( -0.066 , -0.079 ,  0.414 )   10    2  0.099   0.858123
 ( -0.066 , -0.079 ,  0.414 )   10    3  0.099   0.998868
 ( -0.066 , -0.079 , -0.461 )   12    1  0.075   0.962242
 ( -0.066 , -0.079 , -0.461 )   12    2  0.075   0.882389
 ( -0.066 , -0.079 , -0.461 )   12    3  0.075   0.999253
 ( -0.066 , -0.079 , -0.336 )    4    1  0.119   0.947589
 ( -0.066 , -0.079 , -0.336 )    4    2  0.119   0.886547
 ( -0.066 , -0.079 , -0.336 )    4    3  0.119   0.994373
 ( -0.066 , -0.079 , -0.211 )    4    1  0.083   0.942469
 ( -0.066 , -0.079 , -0.211 )    4    2  0.083   0.902827
 ( -0.066 , -0.079 , -0.211 )    4    3  0.083   0.987473
 ( -0.066 , -0.079 , -0.086 )    1    1  0.084   0.964800
 ( -0.066 , -0.079 , -0.086 )    1    2  0.084   0.937075
 ( -0.066 , -0.079 , -0.086 )    1    3  0.084   0.826194
