  0.058750000  0.046250000  0.038750000       2
       1       5   13.345903662    5.948543042
       1       6   13.394769243    5.991082807
  0.058750000  0.046250000  0.163750000       2
       1       5   13.316336240    5.889959378
       1       6   13.633790254    6.239223843
  0.058750000  0.046250000  0.288750000       2
       1       5   12.787019528    5.366229125
       1       6   14.196183822    6.798888200
  0.058750000  0.046250000  0.413750000       2
       1       5   12.394007848    4.948542975
       1       6   14.219629877    7.109584106
  0.058750000  0.046250000 -0.461250000       2
       1       5   12.264278903    4.848681361
       1       6   14.079480762    6.995885799
  0.058750000  0.046250000 -0.336250000       2
       1       5   12.415022697    4.979358624
       1       6   14.103921180    7.012707452
  0.058750000  0.046250000 -0.211250000       2
       1       5   12.817629956    5.399290603
       1       6   14.059567218    6.659324226
  0.058750000  0.046250000 -0.086250000       2
       1       5   13.205716022    5.812482972
       1       6   13.609190725    6.187005511
  0.058750000  0.171250000  0.038750000       2
       1       5   13.254095924    5.828724853
       1       6   13.661967569    6.260524966
  0.058750000  0.171250000  0.163750000       2
       1       5   12.783130520    5.585811728
       1       6   14.316799827    6.867140977
  0.058750000  0.171250000  0.288750000       2
       1       5   12.865131579    5.653080215
       1       6   14.537275975    7.217591477
  0.058750000  0.171250000  0.413750000       2
       1       5   13.039597513    5.899541750
       1       6   14.428402509    7.036265570
  0.058750000  0.171250000  0.538750000       2
       1       5   13.026432829    5.870788970
       1       6   14.125316391    6.899705100
  0.058750000  0.171250000 -0.336250000       2
       1       5   13.225809542    6.049713258
       1       6   14.076264033    6.865480773
  0.058750000  0.171250000 -0.211250000       2
       1       5   13.567357293    6.244497263
       1       6   14.127848475    6.847406095
  0.058750000  0.171250000 -0.086250000       2
       1       5   13.335619757    6.028066646
       1       6   13.986053825    6.614413155
  0.058750000  0.296250000  0.038750000       2
       1       5   12.733894793    5.310181426
       1       6   14.192054561    6.800980057
  0.058750000  0.296250000  0.163750000       2
       1       5   12.967973371    5.728359743
       1       6   14.449291732    7.105455740
  0.058750000  0.296250000  0.288750000       2
       1       5   11.864823034    4.728349889
       1       6   13.784173224    6.779014714
  0.058750000  0.296250000  0.413750000       2
       1       5   12.104362295    5.008552533
       1       6   13.457689504    6.452318908
  0.058750000  0.296250000  0.538750000       2
       1       5   12.361576927    5.246618033
       1       6   15.075061164    8.029418295
  0.058750000  0.296250000 -0.336250000       2
       1       5   12.725188857    5.624941970
       1       6   15.843578921    8.614728995
  0.058750000  0.296250000 -0.211250000       2
       1       5   13.362940817    6.122264471
       1       6   15.061658757    7.735026845
  0.058750000  0.296250000 -0.086250000       2
       1       5   13.295999423    5.973235111
       1       6   14.129383153    6.883508947
  0.058750000  0.421250000  0.038750000       2
       1       5   12.358096286    4.911691189
       1       6   14.173425470    7.072137459
  0.058750000  0.421250000  0.163750000       2
       1       5   13.059892448    5.912881764
       1       6   14.312123682    6.933190410
  0.058750000  0.421250000  0.288750000       2
       1       5   12.194112318    5.088901899
       1       6   13.627285003    6.623932689
  0.058750000  0.421250000  0.413750000       2
       1       5   11.381187003    4.400299466
       1       6   12.260292987    5.422475524
  0.058750000  0.421250000  0.538750000       2
       1       5   11.781117964    4.839665303
       1       6   12.511455899    5.471864772
  0.058750000 -0.578750000 -0.336250000       2
       1       5   12.119128731    5.195667326
       1       6   14.804648794    7.683475124
  0.058750000  0.421250000 -0.211250000       2
       1       5   12.780533157    5.694294143
       1       6   15.427389316    8.171968341
  0.058750000  0.421250000 -0.086250000       2
       1       5   13.030891568    5.790447713
       1       6   13.989830168    6.863311685
  0.058750000 -0.453750000  0.038750000       2
       1       5   12.249825352    4.821421377
       1       6   14.076183341    6.994628989
  0.058750000  0.546250000  0.163750000       2
       1       5   13.028744666    5.865657029
       1       6   14.050761245    6.835131443
  0.058750000  0.546250000  0.288750000       2
       1       5   12.419067349    5.303988658
       1       6   15.373201816    8.337263763
  0.058750000  0.546250000  0.413750000       2
       1       5   11.820425707    4.874304686
       1       6   12.741229205    5.665919786
  0.058750000 -0.453750000 -0.461250000       2
       1       5   11.390626590    4.468714250
       1       6   11.661758298    4.715719105
  0.058750000 -0.453750000 -0.336250000       2
       1       5   11.812359806    4.810429241
       1       6   12.630430457    5.679575992
  0.058750000 -0.453750000 -0.211250000       2
       1       5   12.483832779    5.361588332
       1       6   15.213004729    8.180261873
  0.058750000 -0.453750000 -0.086250000       2
       1       5   12.969427338    5.704032065
       1       6   13.989533678    6.895166052
  0.058750000 -0.328750000  0.038750000       2
       1       5   12.423419617    4.983655643
       1       6   14.131679166    7.036175643
  0.058750000 -0.328750000  0.163750000       2
       1       5   13.211179792    6.006992558
       1       6   14.054700122    6.865657140
  0.058750000 -0.328750000  0.288750000       2
       1       5   12.801867483    5.701403016
       1       6   15.690265559    8.456020888
  0.058750000 -0.328750000 -0.586250000       2
       1       5   12.177045917    5.245712359
       1       6   15.128614860    8.012332536
  0.058750000 -0.328750000 -0.461250000       2
       1       5   11.862756992    4.861113082
       1       6   12.848810220    5.844646058
  0.058750000 -0.328750000 -0.336250000       2
       1       5   11.434630356    4.439575986
       1       6   12.517410434    5.658826266
  0.058750000 -0.328750000 -0.211250000       2
       1       5   12.232300496    5.137358073
       1       6   13.765836818    6.750197273
  0.058750000 -0.328750000 -0.086250000       2
       1       5   13.113055261    5.895389110
       1       6   14.191792778    6.878399056
  0.058750000 -0.203750000  0.038750000       2
       1       5   12.843343272    5.420098753
       1       6   14.052918662    6.639791786
  0.058750000 -0.203750000  0.163750000       2
       1       5   13.523735990    6.199670005
       1       6   14.114627483    6.831701757
  0.058750000 -0.203750000  0.288750000       2
       1       5   13.441384481    6.189516936
       1       6   14.922418986    7.582934756
  0.058750000 -0.203750000  0.413750000       2
       1       5   12.853243372    5.765161690
       1       6   15.278783379    8.024578757
  0.058750000 -0.203750000 -0.461250000       2
       1       5   12.542193881    5.425365890
       1       6   15.444190373    8.337038785
  0.058750000 -0.203750000 -0.336250000       2
       1       5   12.329411216    5.230602170
       1       6   13.924080538    6.912348125
  0.058750000 -0.203750000 -0.211250000       2
       1       5   12.031949271    4.891272081
       1       6   14.175525597    7.172192678
  0.058750000 -0.203750000 -0.086250000       2
       1       5   13.053953343    5.801960881
       1       6   14.224252990    6.833914767
  0.058750000 -0.078750000  0.038750000       2
       1       5   13.237038533    5.836447673
       1       6   13.582061720    6.155727864
  0.058750000 -0.078750000  0.163750000       2
       1       5   13.280951095    5.973339211
       1       6   13.971660968    6.556255510
  0.058750000 -0.078750000  0.288750000       2
       1       5   13.251925783    5.931814148
       1       6   14.124806672    6.867479163
  0.058750000 -0.078750000  0.413750000       2
       1       5   12.983083309    5.701536192
       1       6   13.999224469    6.904599128
  0.058750000 -0.078750000 -0.461250000       2
       1       5   12.922444334    5.643291710
       1       6   13.966257924    6.883611242
  0.058750000 -0.078750000 -0.336250000       2
       1       5   13.085904520    5.825567407
       1       6   14.134795034    6.890248504
  0.058750000 -0.078750000 -0.211250000       2
       1       5   13.144303597    5.839405464
       1       6   14.129312630    6.744738809
  0.058750000 -0.078750000 -0.086250000       2
       1       5   12.981382725    5.725073490
       1       6   13.951972491    6.485801013
  0.183750000  0.046250000  0.038750000       2
       1       5   13.133408020    5.706714389
       1       6   13.797264152    6.390869789
  0.183750000  0.046250000  0.163750000       2
       1       5   12.640802765    5.474384065
       1       6   14.584786544    7.167644984
  0.183750000  0.046250000  0.288750000       2
       1       5   12.614772377    5.449929968
       1       6   14.654877306    7.524659047
  0.183750000  0.046250000  0.413750000       2
       1       5   12.853149369    5.733837093
       1       6   14.788200238    7.370803414
  0.183750000  0.046250000  0.538750000       2
       1       5   12.892446634    5.785250461
       1       6   14.452743368    7.163991463
  0.183750000  0.046250000 -0.336250000       2
       1       5   13.172503153    6.057581733
       1       6   14.347783283    7.092415132
  0.183750000  0.046250000 -0.211250000       2
       1       5   13.641690207    6.334393433
       1       6   14.257717819    6.941937072
  0.183750000  0.046250000 -0.086250000       2
       1       5   13.462621893    6.086773228
       1       6   13.906246469    6.565097752
  0.183750000  0.171250000  0.038750000       2
       1       5   12.536766656    5.381311613
       1       6   14.760537803    7.400555690
  0.183750000  0.171250000  0.163750000       2
       1       5   12.921242324    5.494428257
       1       6   13.967345562    6.549653038
  0.183750000  0.171250000  0.288750000       2
       1       5   13.497071860    6.133854451
       1       6   14.113132355    6.767773950
  0.183750000  0.171250000  0.413750000       2
       1       5   13.486286774    6.199160742
       1       6   14.828264727    7.501072564
  0.183750000  0.171250000  0.538750000       2
       1       5   12.963340463    5.876796560
       1       6   14.946326694    7.620481984
  0.183750000  0.171250000 -0.336250000       2
       1       5   12.654802534    5.566369964
       1       6   15.008469105    7.636625672
  0.183750000  0.171250000 -0.211250000       2
       1       5   12.599906420    5.484626523
       1       6   15.239596823    8.126819610
  0.183750000  0.171250000 -0.086250000       2
       1       5   12.321308479    5.182654177
       1       6   14.515373592    7.492533352
  0.183750000  0.296250000  0.038750000       2
       1       5   12.579721877    5.435988390
       1       6   14.642404692    7.551338083
  0.183750000  0.296250000  0.163750000       2
       1       5   13.595977417    6.256681457
       1       6   14.068953760    6.727337894
  0.183750000  0.296250000  0.288750000       2
       1       5   12.985280320    5.705345827
       1       6   14.222083180    6.833414314
  0.183750000  0.296250000  0.413750000       2
       1       5   13.439782047    6.201245623
       1       6   14.478801382    7.165905348
  0.183750000  0.296250000  0.538750000       2
       1       5   13.864092301    6.685324787
       1       6   14.447444107    7.246070828
  0.183750000  0.296250000 -0.336250000       2
       1       5   13.334031787    6.229639634
       1       6   14.761263727    7.537682268
  0.183750000  0.296250000 -0.211250000       2
       1       5   13.067551714    5.917355196
       1       6   14.790168369    7.742682478
  0.183750000  0.296250000 -0.086250000       2
       1       5   12.495470074    5.410033423
       1       6   14.023939096    6.999904731
  0.183750000  0.421250000  0.038750000       2
       1       5   12.785831331    5.668801724
       1       6   14.872866011    7.449277351
  0.183750000  0.421250000  0.163750000       2
       1       5   13.463816294    6.173717138
       1       6   14.732409515    7.407378653
  0.183750000  0.421250000  0.288750000       2
       1       5   13.628072922    6.342763403
       1       6   14.344957973    7.047400533
  0.183750000  0.421250000  0.413750000       2
       1       5   12.203688572    5.088918897
       1       6   14.350687783    7.353174380
  0.183750000  0.421250000  0.538750000       2
       1       5   12.844747409    5.669422364
       1       6   14.016178037    6.935834980
  0.183750000  0.421250000  0.663750000       2
       1       5   14.046683338    6.900367439
       1       6   15.003276275    7.908258014
  0.183750000  0.421250000 -0.211250000       2
       1       5   14.490558923    7.376750300
       1       6   14.676452926    7.458713803
  0.183750000  0.421250000 -0.086250000       2
       1       5   12.834705472    5.702469907
       1       6   15.161002436    8.034127998
  0.183750000  0.546250000  0.038750000       2
       1       5   12.842669661    5.749793346
       1       6   14.558832507    7.254734846
  0.183750000  0.546250000  0.163750000       2
       1       5   12.957778682    5.871878781
       1       6   14.811375863    7.501194415
  0.183750000  0.546250000  0.288750000       2
       1       5   13.718121823    6.557119500
       1       6   14.527247268    7.329814091
  0.183750000  0.546250000  0.413750000       2
       1       5   13.065435026    5.881112752
       1       6   14.062379925    6.986419368
  0.183750000  0.546250000  0.538750000       2
       1       5   11.686966956    4.763576969
       1       6   13.623667541    6.502971165
  0.183750000 -0.453750000 -0.336250000       2
       1       5   12.662804822    5.666967415
       1       6   13.673734770    6.548166782
  0.183750000 -0.453750000 -0.211250000       2
       1       5   14.096050400    6.943052554
       1       6   14.939025559    7.830839693
  0.183750000 -0.453750000 -0.086250000       2
       1       5   13.097467031    6.011304859
       1       6   14.851281189    7.599038066
  0.183750000 -0.328750000  0.038750000       2
       1       5   13.156335961    6.051556076
       1       6   14.475383182    7.211218023
  0.183750000 -0.328750000  0.163750000       2
       1       5   12.681452144    5.588788813
       1       6   14.912704333    7.542714515
  0.183750000 -0.328750000  0.288750000       2
       1       5   13.215563958    6.109901086
       1       6   14.829908237    7.606493201
  0.183750000  0.671250000  0.413750000       2
       1       5   14.102539927    6.960351697
       1       6   15.159335462    8.046667839
  0.183750000 -0.328750000 -0.461250000       2
       1       5   12.901676396    5.855236774
       1       6   13.707386056    6.581168684
  0.183750000 -0.328750000 -0.336250000       2
       1       5   11.750807627    4.791091939
       1       6   13.707953994    6.611267284
  0.183750000 -0.328750000 -0.211250000       2
       1       5   12.939094241    5.770960644
       1       6   14.198335217    7.141613997
  0.183750000 -0.328750000 -0.086250000       2
       1       5   13.641099211    6.425786023
       1       6   14.578813979    7.324367092
  0.183750000 -0.203750000  0.038750000       2
       1       5   13.651080635    6.353849326
       1       6   14.321688764    6.983424356
  0.183750000 -0.203750000  0.163750000       2
       1       5   12.638997323    5.523675181
       1       6   15.153439087    7.966301755
  0.183750000 -0.203750000  0.288750000       2
       1       5   12.971108091    5.825017405
       1       6   14.707022619    7.668647552
  0.183750000 -0.203750000  0.413750000       2
       1       5   14.438719987    7.281860463
       1       6   14.621021213    7.458688421
  0.183750000 -0.203750000 -0.461250000       2
       1       5   14.152768267    7.008794711
       1       6   14.894284912    7.738748719
  0.183750000 -0.203750000 -0.336250000       2
       1       5   13.153748315    5.975346606
       1       6   14.249042919    7.192826564
  0.183750000 -0.203750000 -0.211250000       2
       1       5   12.369184119    5.254463610
       1       6   14.606462072    7.609048962
  0.183750000 -0.203750000 -0.086250000       2
       1       5   13.581222083    6.282415804
       1       6   14.217960334    6.918609015
  0.183750000 -0.078750000  0.038750000       2
       1       5   13.424671258    6.026008135
       1       6   13.886341893    6.518202896
  0.183750000 -0.078750000  0.163750000       2
       1       5   12.339106385    5.194028966
       1       6   14.579172269    7.549455666
  0.183750000 -0.078750000  0.288750000       2
       1       5   12.419427157    5.332218067
       1       6   14.033223813    7.009032911
  0.183750000 -0.078750000  0.413750000       2
       1       5   12.761279070    5.635005858
       1       6   15.126336729    8.063663658
  0.183750000 -0.078750000 -0.461250000       2
       1       5   12.995361223    5.908479520
       1       6   14.916289886    7.662049066
  0.183750000 -0.078750000 -0.336250000       2
       1       5   13.512340424    6.325464231
       1       6   14.663567668    7.423296865
  0.183750000 -0.078750000 -0.211250000       2
       1       5   13.753216268    6.432614519
       1       6   14.122616685    6.827704973
  0.183750000 -0.078750000 -0.086250000       2
       1       5   13.020747506    5.637738125
       1       6   13.997880962    6.605434989
  0.308750000  0.046250000  0.038750000       2
       1       5   12.599907237    5.173785781
       1       6   14.259403812    6.945221941
  0.308750000  0.046250000  0.163750000       2
       1       5   12.886443121    5.711719979
       1       6   14.567989051    7.233052933
  0.308750000  0.046250000  0.288750000       2
       1       5   11.749387950    4.617875769
       1       6   13.567249899    6.573090238
  0.308750000  0.046250000  0.413750000       2
       1       5   11.895731104    4.828441576
       1       6   13.167253774    6.203219829
  0.308750000  0.046250000  0.538750000       2
       1       5   12.161395402    5.127544951
       1       6   14.746281888    7.677238113
  0.308750000  0.046250000 -0.336250000       2
       1       5   12.539627125    5.458728289
       1       6   16.337719491    9.128920280
  0.308750000  0.046250000 -0.211250000       2
       1       5   13.192560869    5.992310398
       1       6   15.251651159    7.969608819
  0.308750000  0.046250000 -0.086250000       2
       1       5   13.170712860    5.814718349
       1       6   14.163592441    6.993460084
  0.308750000  0.171250000  0.038750000       2
       1       5   12.750763289    5.614949646
       1       6   14.686484296    7.444818368
  0.308750000  0.171250000  0.163750000       2
       1       5   13.686830893    6.392022464
       1       6   14.237452498    6.913446475
  0.308750000  0.171250000  0.288750000       2
       1       5   12.911381021    5.707640053
       1       6   14.459586238    7.075182134
  0.308750000  0.171250000  0.413750000       2
       1       5   13.143453775    5.975166604
       1       6   14.775831514    7.669364973
  0.308750000  0.171250000  0.538750000       2
       1       5   14.109332629    6.916779102
       1       6   14.258159311    7.088826039
  0.308750000  0.171250000 -0.336250000       2
       1       5   13.726746161    6.602997036
       1       6   14.432757115    7.231978838
  0.308750000  0.171250000 -0.211250000       2
       1       5   13.437007082    6.266185686
       1       6   14.795880603    7.725763631
  0.308750000  0.171250000 -0.086250000       2
       1       5   12.681372565    5.585392358
       1       6   14.255935631    7.240773799
  0.308750000  0.296250000  0.038750000       2
       1       5   11.663342879    4.551570228
       1       6   13.430035547    6.460843954
  0.308750000  0.296250000  0.163750000       2
       1       5   12.816363432    5.649961665
       1       6   14.627392944    7.269775771
  0.308750000  0.296250000  0.288750000       2
       1       5   12.390671446    4.958419971
       1       6   14.301167831    7.050508802
  0.308750000  0.296250000  0.413750000       2
       1       5   13.049547320    5.684368079
       1       6   14.408742221    7.264667100
  0.308750000  0.296250000  0.538750000       2
       1       5   12.930306613    5.807435258
       1       6   15.830028277    8.589452537
  0.308750000  0.296250000  0.663750000       2
       1       5   12.271012629    5.229899939
       1       6   16.759129949    9.680575970
  0.308750000  0.296250000 -0.211250000       2
       1       5   11.904992185    4.908950242
       1       6   14.315213967    7.241274171
  0.308750000  0.296250000 -0.086250000       2
       1       5   11.633232990    4.603517146
       1       6   12.874834806    5.961400573
  0.308750000  0.421250000  0.038750000       2
       1       5   11.868055306    4.809221084
       1       6   13.151979625    6.202642313
  0.308750000  0.421250000  0.163750000       2
       1       5   13.136589510    5.982187361
       1       6   14.658545291    7.653415184
  0.308750000  0.421250000  0.288750000       2
       1       5   13.150651540    5.805722902
       1       6   14.388728994    7.219571740
  0.308750000  0.421250000  0.413750000       2
       1       5   12.803162887    5.553074914
       1       6   14.151687972    6.940535131
  0.308750000  0.421250000  0.538750000       2
       1       5   13.576931545    6.365722306
       1       6   13.998082602    6.834757495
  0.308750000  0.421250000  0.663750000       2
       1       5   13.206907078    6.061964795
       1       6   15.653187631    8.484659316
  0.308750000  0.421250000 -0.211250000       2
       1       5   12.684092670    5.665719459
       1       6   14.233359608    7.109951730
  0.308750000  0.421250000 -0.086250000       2
       1       5   12.071789967    4.983303180
       1       6   12.740021466    5.792379455
  0.308750000  0.546250000  0.038750000       2
       1       5   12.110667440    5.117347709
       1       6   14.864746174    7.783901576
  0.308750000  0.546250000  0.163750000       2
       1       5   13.987789550    6.806602491
       1       6   14.347125504    7.179229100
  0.308750000  0.546250000  0.288750000       2
       1       5   12.907011988    5.792998870
       1       6   15.884227398    8.663972657
  0.308750000  0.546250000  0.413750000       2
       1       5   13.685555358    6.523458891
       1       6   13.962448947    6.762826882
  0.308750000  0.546250000  0.538750000       2
       1       5   12.356701959    5.270883867
       1       6   16.026907751    8.718690955
 -0.691250000 -0.453750000 -0.336250000       2
       1       5   13.178005824    6.043425008
       1       6   15.605923616    8.451344878
 -0.691250000 -0.453750000 -0.211250000       2
       1       5   14.529516339    7.389290934
       1       6   14.945739696    7.845971498
  0.308750000  0.546250000 -0.086250000       2
       1       5   12.414972246    5.464793642
       1       6   14.740672205    7.618414729
  0.308750000 -0.328750000  0.038750000       2
       1       5   12.516515025    5.431810318
       1       6   16.481271839    9.270804995
  0.308750000 -0.328750000  0.163750000       2
       1       5   13.840892841    6.707411493
       1       6   14.309935695    7.118936530
  0.308750000  0.671250000  0.288750000       2
       1       5   12.265144633    5.236809196
       1       6   16.615544580    9.538356134
  0.308750000  0.671250000  0.413750000       2
       1       5   13.053937387    5.939758480
       1       6   15.930129547    8.784441265
 -0.691250000 -0.328750000 -0.461250000       2
       1       5   13.415521618    6.265704329
       1       6   15.413888443    8.253502408
 -0.691250000 -0.328750000 -0.336250000       2
       1       5   12.118445645    5.148688205
       1       6   16.241672801    9.166461085
  0.308750000 -0.328750000 -0.211250000       2
       1       5   13.237499116    6.116007049
       1       6   15.218876456    8.025994164
  0.308750000 -0.328750000 -0.086250000       2
       1       5   12.977328937    5.843752101
       1       6   15.749549185    8.554923504
  0.308750000 -0.203750000  0.038750000       2
       1       5   13.179758393    5.981589658
       1       6   15.209067528    7.930249563
  0.308750000 -0.203750000  0.163750000       2
       1       5   13.546571583    6.362691143
       1       6   14.744404329    7.673881178
  0.308750000 -0.203750000  0.288750000       2
       1       5   11.927310697    4.912270102
       1       6   14.202993663    7.141418985
  0.308750000 -0.203750000  0.413750000       2
       1       5   12.558965376    5.537351587
       1       6   14.081760219    6.959494214
 -0.691250000 -0.203750000 -0.461250000       2
       1       5   14.357683539    7.217734116
       1       6   14.800629467    7.692188905
  0.308750000 -0.203750000 -0.336250000       2
       1       5   13.473139043    6.343516312
       1       6   15.020104517    7.834172445
  0.308750000 -0.203750000 -0.211250000       2
       1       5   12.474763257    5.383305126
       1       6   15.601705334    8.224479795
  0.308750000 -0.203750000 -0.086250000       2
       1       5   13.497265857    6.294948115
       1       6   13.975575180    6.780124280
  0.308750000 -0.078750000  0.038750000       2
       1       5   13.044907941    5.670842264
       1       6   14.188862074    7.044261361
  0.308750000 -0.078750000  0.163750000       2
       1       5   12.708580091    5.599985815
       1       6   14.406139351    7.397118535
  0.308750000 -0.078750000  0.288750000       2
       1       5   11.633791477    4.605136264
       1       6   12.907963469    5.995860155
  0.308750000 -0.078750000  0.413750000       2
       1       5   11.968288286    4.900760110
       1       6   12.687072440    5.763249895
  0.308750000 -0.078750000  0.538750000       2
       1       5   12.306565340    5.344853057
       1       6   14.585036328    7.461282500
  0.308750000 -0.078750000 -0.336250000       2
       1       5   12.841299197    5.718720818
       1       6   16.040392500    8.857215718
  0.308750000 -0.078750000 -0.211250000       2
       1       5   13.476676641    6.316846731
       1       6   14.094262946    6.879064104
  0.308750000 -0.078750000 -0.086250000       2
       1       5   12.691140775    5.334706489
       1       6   14.060092502    6.941140058
  0.433750000  0.046250000  0.038750000       2
       1       5   12.254078546    4.808359265
       1       6   14.199104513    7.079741112
  0.433750000  0.046250000  0.163750000       2
       1       5   12.942385996    5.807995329
       1       6   14.414743656    7.020963108
  0.433750000  0.046250000  0.288750000       2
       1       5   12.113236274    5.008035082
       1       6   13.645242275    6.652335689
  0.433750000  0.046250000  0.413750000       2
       1       5   11.334085991    4.353039677
       1       6   12.099010667    5.266325720
  0.433750000  0.046250000  0.538750000       2
       1       5   11.640008514    4.708252073
       1       6   12.278339449    5.223890289
 -0.566250000  0.046250000 -0.336250000       2
       1       5   11.977806861    5.056826860
       1       6   14.534718741    7.410467723
  0.433750000  0.046250000 -0.211250000       2
       1       5   12.650604742    5.566172655
       1       6   15.529543426    8.263263741
  0.433750000  0.046250000 -0.086250000       2
       1       5   12.905402587    5.651303049
       1       6   14.024818909    6.909561719
  0.433750000  0.171250000  0.038750000       2
       1       5   12.851043575    5.727606463
       1       6   14.620541888    7.207039633
  0.433750000  0.171250000  0.163750000       2
       1       5   13.361623778    6.070376894
       1       6   14.875698886    7.568054633
  0.433750000  0.171250000  0.288750000       2
       1       5   13.623596489    6.314137533
       1       6   14.472940669    7.189331183
  0.433750000  0.171250000  0.413750000       2
       1       5   12.105052910    4.991426775
       1       6   14.030055742    7.032967956
  0.433750000  0.171250000  0.538750000       2
       1       5   12.581373513    5.410234238
       1       6   13.694020387    6.607139845
  0.433750000  0.171250000  0.663750000       2
       1       5   13.752664606    6.608840872
       1       6   14.741828228    7.632663532
  0.433750000  0.171250000 -0.211250000       2
       1       5   14.258270088    7.116185076
       1       6   14.785921956    7.590144996
  0.433750000  0.171250000 -0.086250000       2
       1       5   12.933768338    5.806403984
       1       6   14.999188097    7.724789689
  0.433750000  0.296250000  0.038750000       2
       1       5   11.996856032    4.911171478
       1       6   13.460479112    6.485435110
  0.433750000  0.296250000  0.163750000       2
       1       5   13.429062290    6.183867154
       1       6   14.691670726    7.465261439
  0.433750000  0.296250000  0.288750000       2
       1       5   13.233208057    5.922452373
       1       6   14.634049746    7.386171932
  0.433750000  0.296250000  0.413750000       2
       1       5   12.840136861    5.673234724
       1       6   14.321159514    6.990602093
  0.433750000  0.296250000  0.538750000       2
       1       5   13.335313598    6.154015569
       1       6   14.343593415    7.143750629
  0.433750000  0.296250000  0.663750000       2
       1       5   13.601528969    6.439831633
       1       6   15.314167858    8.139296191
  0.433750000  0.296250000 -0.211250000       2
       1       5   13.085104213    5.999683106
       1       6   14.280130136    7.158965517
  0.433750000  0.296250000 -0.086250000       2
       1       5   12.192889502    5.075962020
       1       6   13.064000493    6.048750968
  0.433750000  0.421250000  0.038750000       2
       1       5   11.287621012    4.306247594
       1       6   11.997437488    5.164991767
  0.433750000  0.421250000  0.163750000       2
       1       5   12.014743625    4.904081140
       1       6   13.838535108    6.843321613
  0.433750000  0.421250000  0.288750000       2
       1       5   12.798301515    5.659287005
       1       6   14.491130594    7.111015267
  0.433750000  0.421250000  0.413750000       2
       1       5   12.077463903    4.629311977
       1       6   14.167045036    7.037909972
  0.433750000  0.421250000  0.538750000       2
       1       5   12.785683606    5.592402192
       1       6   14.182560554    6.958957592
 -0.566250000 -0.578750000 -0.336250000       2
       1       5   12.423009245    5.340065227
       1       6   16.025896961    8.710389298
 -0.566250000 -0.578750000 -0.211250000       2
       1       5   11.756207858    4.837482094
       1       6   14.139154221    7.015128618
  0.433750000  0.421250000 -0.086250000       2
       1       5   11.436831344    4.507648962
       1       6   11.992795939    4.984725500
  0.433750000  0.546250000  0.038750000       2
       1       5   11.600205498    4.675015306
       1       6   12.360268204    5.273287084
  0.433750000  0.546250000  0.163750000       2
       1       5   12.633945038    5.460042673
       1       6   13.542627002    6.463601851
  0.433750000  0.546250000  0.288750000       2
       1       5   13.379497280    6.204483377
       1       6   14.416453632    7.230580307
  0.433750000  0.546250000  0.413750000       2
       1       5   12.858628273    5.703023896
       1       6   14.216703756    6.963757385
 -0.566250000 -0.453750000 -0.461250000       2
       1       5   12.740539693    5.551599895
       1       6   14.143780554    6.907914469
 -0.566250000 -0.453750000 -0.336250000       2
       1       5   13.536125407    6.327678835
       1       6   13.972492936    6.829859208
 -0.566250000 -0.453750000 -0.211250000       2
       1       5   12.826497674    5.677920320
       1       6   14.435401036    7.335247231
 -0.566250000 -0.453750000 -0.086250000       2
       1       5   12.048446386    5.069419461
       1       6   12.431264535    5.366389862
 -0.566250000 -0.328750000  0.038750000       2
       1       5   11.962030605    5.039085653
       1       6   14.699309371    7.577030901
  0.433750000  0.671250000  0.163750000       2
       1       5   13.634952435    6.500726865
       1       6   14.866200120    7.756002457
  0.433750000  0.671250000  0.288750000       2
       1       5   13.683928654    6.527624291
       1       6   15.405260909    8.229615890
 -0.566250000 -0.328750000 -0.586250000       2
       1       5   12.384961697    5.304026845
       1       6   16.129630967    8.854107617
 -0.566250000 -0.328750000 -0.461250000       2
       1       5   13.401212866    6.222371289
       1       6   14.173621269    7.006903492
 -0.566250000 -0.328750000 -0.336250000       2
       1       5   12.790316089    5.705475986
       1       6   15.928184754    8.651173305
 -0.566250000 -0.328750000 -0.211250000       2
       1       5   13.780373203    6.609043086
       1       6   14.813184705    7.603037734
 -0.566250000 -0.328750000 -0.086250000       2
       1       5   12.571524419    5.440302314
       1       6   14.922007334    7.824234623
  0.433750000 -0.203750000  0.038750000       2
       1       5   12.655674201    5.572067945
       1       6   15.436668293    8.159985064
  0.433750000 -0.203750000  0.163750000       2
       1       5   14.172600199    7.026267372
       1       6   14.691902130    7.501804772
  0.433750000 -0.203750000  0.288750000       2
       1       5   13.194699859    6.078589903
       1       6   14.158821076    7.043143697
 -0.566250000 -0.203750000 -0.586250000       2
       1       5   11.743551995    4.824971845
       1       6   13.977981302    6.853792158
 -0.566250000 -0.203750000 -0.461250000       2
       1       5   12.668541403    5.549206857
       1       6   14.241828519    7.136712852
 -0.566250000 -0.203750000 -0.336250000       2
       1       5   14.015972504    6.848498522
       1       6   14.608276351    7.397737726
 -0.566250000 -0.203750000 -0.211250000       2
       1       5   12.823555561    5.739986884
       1       6   15.487292871    8.153785967
 -0.566250000 -0.203750000 -0.086250000       2
       1       5   13.272080880    6.091500284
       1       6   14.046285857    6.867255993
  0.433750000 -0.078750000  0.038750000       2
       1       5   12.783594943    5.477054201
       1       6   14.047351196    6.966911386
  0.433750000 -0.078750000  0.163750000       2
       1       5   12.914927991    5.793717811
       1       6   14.911446191    7.594137489
  0.433750000 -0.078750000  0.288750000       2
       1       5   12.158465350    5.038265370
       1       6   13.206735601    6.176957345
  0.433750000 -0.078750000  0.413750000       2
       1       5   11.442635722    4.502120220
       1       6   11.933124797    4.961773193
 -0.566250000 -0.078750000 -0.461250000       2
       1       5   11.944032019    4.963697143
       1       6   12.291080599    5.231531504
 -0.566250000 -0.078750000 -0.336250000       2
       1       5   12.428827535    5.341107486
       1       6   14.730593972    7.621868514
 -0.566250000 -0.078750000 -0.211250000       2
       1       5   13.158100648    6.013310741
       1       6   14.247955505    7.034734192
  0.433750000 -0.078750000 -0.086250000       2
       1       5   12.537581067    5.219693088
       1       6   14.054417455    6.941554654
 -0.441250000  0.046250000  0.038750000       2
       1       5   12.183400781    4.747758325
       1       6   14.083798115    6.987632717
  0.558750000  0.046250000  0.163750000       2
       1       5   12.959277852    5.836316551
       1       6   14.180701281    6.916185982
  0.558750000  0.046250000  0.288750000       2
       1       5   12.316032831    5.235766402
       1       6   15.572667070    8.556205400
  0.558750000  0.046250000  0.413750000       2
       1       5   11.733420618    4.810230908
       1       6   12.903176791    5.790959359
 -0.441250000  0.046250000 -0.461250000       2
       1       5   11.380708619    4.420268975
       1       6   11.611240416    4.736815064
 -0.441250000  0.046250000 -0.336250000       2
       1       5   11.690891211    4.710861516
       1       6   12.524556295    5.639688846
 -0.441250000  0.046250000 -0.211250000       2
       1       5   12.403629561    5.286440502
       1       6   15.042776260    8.031180995
 -0.441250000  0.046250000 -0.086250000       2
       1       5   12.879273384    5.566956053
       1       6   14.030489712    6.969887788
  0.558750000  0.171250000  0.038750000       2
       1       5   12.901068187    5.801673423
       1       6   14.368508433    7.072665013
  0.558750000  0.171250000  0.163750000       2
       1       5   12.890977628    5.803678851
       1       6   14.821507638    7.469473315
  0.558750000  0.171250000  0.288750000       2
       1       5   13.846007388    6.699943418
       1       6   14.303662486    7.108123133
  0.558750000  0.171250000  0.413750000       2
       1       5   13.154495965    5.954124646
       1       6   13.828237449    6.766336423
  0.558750000  0.171250000  0.538750000       2
       1       5   11.658645820    4.739324037
       1       6   13.360759504    6.238180123
 -0.441250000  0.171250000 -0.336250000       2
       1       5   12.448688546    5.468961240
       1       6   13.427777794    6.306268875
 -0.441250000  0.171250000 -0.211250000       2
       1       5   13.848832742    6.685467993
       1       6   14.836920236    7.755238417
 -0.441250000  0.171250000 -0.086250000       2
       1       5   13.213948932    6.124483464
       1       6   14.615160716    7.364834838
  0.558750000  0.296250000  0.038750000       2
       1       5   12.206932326    5.174646878
       1       6   15.394408062    8.363840814
  0.558750000  0.296250000  0.163750000       2
       1       5   14.081571752    6.901546002
       1       6   14.105699934    6.942456099
  0.558750000  0.296250000  0.288750000       2
       1       5   12.803990121    5.711083720
       1       6   16.310621011    9.196467982
  0.558750000  0.296250000  0.413750000       2
       1       5   13.841329281    6.684966378
       1       6   14.000339071    6.812440885
  0.558750000  0.296250000  0.538750000       2
       1       5   12.283123118    5.207462023
       1       6   16.045517318    8.941764413
 -0.441250000 -0.703750000 -0.336250000       2
       1       5   12.917588938    5.861714765
       1       6   15.880854807    8.798935004
 -0.441250000 -0.703750000 -0.211250000       2
       1       5   14.602846373    7.482124360
       1       6   15.127080244    7.972467236
  0.558750000  0.296250000 -0.086250000       2
       1       5   12.511174269    5.560614634
       1       6   15.273377963    8.161942340
  0.558750000  0.421250000  0.038750000       2
       1       5   11.655138136    4.735210654
       1       6   12.755321376    5.641606650
  0.558750000  0.421250000  0.163750000       2
       1       5   12.988463969    5.792035547
       1       6   13.630278837    6.569173922
  0.558750000  0.421250000  0.288750000       2
       1       5   13.760713108    6.558452475
       1       6   14.127636564    6.989334050
  0.558750000  0.421250000  0.413750000       2
       1       5   12.875361328    5.767300369
       1       6   14.452885382    7.122720670
 -0.441250000 -0.578750000 -0.461250000       2
       1       5   12.839662075    5.709595400
       1       6   14.235320069    6.943757422
 -0.441250000 -0.578750000 -0.336250000       2
       1       5   13.611636616    6.502029206
       1       6   14.013815297    6.782867125
 -0.441250000 -0.578750000 -0.211250000       2
       1       5   13.215596238    6.050534026
       1       6   14.484717396    7.392763386
 -0.441250000 -0.578750000 -0.086250000       2
       1       5   12.114586060    5.159586454
       1       6   12.814517499    5.706727836
 -0.441250000 -0.453750000  0.038750000       2
       1       5   11.332122425    4.362304197
       1       6   11.600723018    4.749665757
  0.558750000  0.546250000  0.163750000       2
       1       5   11.607983201    4.689046836
       1       6   13.206242435    6.085990111
  0.558750000  0.546250000  0.288750000       2
       1       5   12.203396009    5.152213920
       1       6   15.934714042    8.908010258
 -0.441250000 -0.453750000 -0.586250000       2
       1       5   12.834744574    5.724289359
       1       6   14.386944409    7.065578717
 -0.441250000 -0.453750000 -0.461250000       2
       1       5   12.043999850    4.599013575
       1       6   14.135603800    7.009752546
 -0.441250000 -0.453750000 -0.336250000       2
       1       5   12.780118800    5.508096515
       1       6   14.138895423    6.993574340
 -0.441250000 -0.453750000 -0.211250000       2
       1       5   12.223090421    5.109932096
       1       6   14.719311405    7.719384955
 -0.441250000 -0.453750000 -0.086250000       2
       1       5   11.484807212    4.517998954
       1       6   12.336716305    5.480088150
 -0.441250000 -0.328750000  0.038750000       2
       1       5   11.688205334    4.720288451
       1       6   12.656725746    5.772682034
 -0.441250000 -0.328750000  0.163750000       2
       1       5   12.543048470    5.532148407
       1       6   13.316449059    6.202877665
 -0.441250000 -0.328750000 -0.711250000       2
       1       5   12.984905686    5.933031744
       1       6   15.789824056    8.717293849
 -0.441250000 -0.328750000 -0.586250000       2
       1       5   13.686270611    6.567212819
       1       6   14.055601058    6.838686395
 -0.441250000 -0.328750000 -0.461250000       2
       1       5   12.817212466    5.608200712
       1       6   14.223767297    6.994824245
 -0.441250000 -0.328750000 -0.336250000       2
       1       5   12.941154254    5.572708507
       1       6   14.395114036    7.312268621
 -0.441250000 -0.328750000 -0.211250000       2
       1       5   13.427193008    6.237455752
       1       6   14.454161937    7.129291163
 -0.441250000 -0.328750000 -0.086250000       2
       1       5   12.229417995    5.140376834
       1       6   13.326141130    6.323731966
 -0.441250000 -0.203750000  0.038750000       2
       1       5   12.426070629    5.311856236
       1       6   15.241287008    8.225643431
 -0.441250000 -0.203750000  0.163750000       2
       1       5   13.767253721    6.607419737
       1       6   14.922185203    7.829028867
 -0.441250000 -0.203750000 -0.711250000       2
       1       5   14.491236421    7.362448720
       1       6   15.236776143    8.095266467
 -0.441250000 -0.203750000 -0.586250000       2
       1       5   13.287684843    6.122177729
       1       6   14.326627060    7.236474345
 -0.441250000 -0.203750000 -0.461250000       2
       1       5   12.170515023    5.060229054
       1       6   14.520790314    7.519489949
 -0.441250000 -0.203750000 -0.336250000       2
       1       5   13.254553056    6.087890197
       1       6   14.686804801    7.354126266
 -0.441250000 -0.203750000 -0.211250000       2
       1       5   13.401480770    6.124479681
       1       6   15.188153385    7.872781883
 -0.441250000 -0.203750000 -0.086250000       2
       1       5   13.204824518    6.070450306
       1       6   14.448798154    7.082932133
 -0.441250000 -0.078750000  0.038750000       2
       1       5   12.778871193    5.413651740
       1       6   14.019402244    6.996432628
 -0.441250000 -0.078750000  0.163750000       2
       1       5   13.174832892    6.086866159
       1       6   14.544475118    7.288165908
  0.558750000 -0.078750000  0.288750000       2
       1       5   12.460761244    5.514724361
       1       6   15.435944738    8.322267774
 -0.441250000 -0.078750000 -0.586250000       2
       1       5   12.037436183    5.101376371
       1       6   12.916126254    5.802808635
 -0.441250000 -0.078750000 -0.461250000       2
       1       5   11.461355930    4.492751964
       1       6   12.217371672    5.365914274
 -0.441250000 -0.078750000 -0.336250000       2
       1       5   12.088046938    5.025794565
       1       6   13.148258951    6.193054564
 -0.441250000 -0.078750000 -0.211250000       2
       1       5   13.060257836    5.938819689
       1       6   14.674190201    7.294125588
 -0.441250000 -0.078750000 -0.086250000       2
       1       5   12.657148347    5.236040129
       1       6   14.288789631    7.233388018
 -0.316250000  0.046250000  0.038750000       2
       1       5   12.395451619    4.957010136
       1       6   14.157304263    7.047435679
 -0.316250000  0.046250000  0.163750000       2
       1       5   13.216456214    6.037289317
       1       6   14.198049185    6.992200395
 -0.316250000  0.046250000  0.288750000       2
       1       5   12.744669309    5.652461739
       1       6   15.937351253    8.710905159
 -0.316250000  0.046250000 -0.586250000       2
       1       5   12.132576372    5.206937025
       1       6   15.403299889    8.285610388
 -0.316250000  0.046250000 -0.461250000       2
       1       5   11.832647498    4.851186674
       1       6   13.095655391    6.068910846
 -0.316250000  0.046250000 -0.336250000       2
       1       5   11.431425106    4.442403374
       1       6   12.608459819    5.762898688
 -0.316250000  0.046250000 -0.211250000       2
       1       5   12.139108838    5.041264485
       1       6   13.784153325    6.768736902
 -0.316250000  0.046250000 -0.086250000       2
       1       5   13.060577400    5.855089628
       1       6   14.189581415    6.852045012
 -0.316250000  0.171250000  0.038750000       2
       1       5   13.207018128    6.064501295
       1       6   14.355392083    7.112912756
 -0.316250000  0.171250000  0.163750000       2
       1       5   12.671254534    5.571836925
       1       6   14.891698933    7.490249747
 -0.316250000  0.171250000  0.288750000       2
       1       5   13.387037894    6.267958669
       1       6   14.619085751    7.410459752
  0.683750000  0.171250000  0.413750000       2
       1       5   13.903209389    6.759757226
       1       6   15.363062185    8.255535637
 -0.316250000  0.171250000 -0.461250000       2
       1       5   13.080189387    5.972845354
       1       6   13.511088737    6.402610138
 -0.316250000  0.171250000 -0.336250000       2
       1       5   11.777968522    4.798662701
       1       6   13.531994039    6.450084250
 -0.316250000  0.171250000 -0.211250000       2
       1       5   12.763352193    5.608315785
       1       6   14.060883688    7.022066506
 -0.316250000  0.171250000 -0.086250000       2
       1       5   13.764791337    6.513247688
       1       6   14.373681484    7.084800391
 -0.316250000  0.296250000  0.038750000       2
       1       5   12.645320635    5.555654718
       1       6   16.233538359    9.026779057
 -0.316250000  0.296250000  0.163750000       2
       1       5   13.621904563    6.491561229
       1       6   14.426998238    7.230824802
  0.683750000  0.296250000  0.288750000       2
       1       5   12.198394053    5.176356719
       1       6   16.411654673    9.358116795
  0.683750000  0.296250000  0.413750000       2
       1       5   13.170770792    6.073522694
       1       6   15.996116930    8.863049266
 -0.316250000 -0.703750000 -0.461250000       2
       1       5   13.547994978    6.407232097
       1       6   15.540849197    8.400445613
 -0.316250000 -0.703750000 -0.336250000       2
       1       5   12.101059249    5.143526401
       1       6   15.976795342    8.891467473
 -0.316250000  0.296250000 -0.211250000       2
       1       5   13.035625477    5.915623063
       1       6   15.324311295    8.133857986
 -0.316250000  0.296250000 -0.086250000       2
       1       5   13.107051673    5.975137174
       1       6   15.488969536    8.281264253
 -0.316250000 -0.578750000  0.038750000       2
       1       5   12.058926280    5.129850499
       1       6   15.244763914    8.132000565
  0.683750000  0.421250000  0.163750000       2
       1       5   13.729309896    6.591180716
       1       6   15.330845728    8.250958984
  0.683750000  0.421250000  0.288750000       2
       1       5   13.407984185    6.290753285
       1       6   15.833522391    8.680889789
 -0.316250000 -0.578750000 -0.586250000       2
       1       5   12.261491123    5.206603350
       1       6   16.370946481    9.250587241
 -0.316250000 -0.578750000 -0.461250000       2
       1       5   13.488870104    6.333871776
       1       6   14.281732230    7.103012113
 -0.316250000 -0.578750000 -0.336250000       2
       1       5   12.739887663    5.655538185
       1       6   16.058116178    8.834471867
 -0.316250000 -0.578750000 -0.211250000       2
       1       5   13.532621289    6.377033370
       1       6   14.980064313    7.780887866
 -0.316250000 -0.578750000 -0.086250000       2
       1       5   12.669051827    5.539459070
       1       6   15.401352091    8.331908274
 -0.316250000 -0.453750000  0.038750000       2
       1       5   11.778880554    4.799647775
       1       6   13.011670249    6.039440346
 -0.316250000 -0.453750000  0.163750000       2
       1       5   12.933994716    5.838916086
       1       6   13.372949930    6.274264451
 -0.316250000 -0.453750000 -0.711250000       2
       1       5   13.380132344    6.271298923
       1       6   15.693875574    8.599647797
 -0.316250000 -0.453750000 -0.586250000       2
       1       5   13.720832639    6.543603825
       1       6   14.103069691    6.947654853
 -0.316250000 -0.453750000 -0.461250000       2
       1       5   12.770936163    5.634958156
       1       6   14.488554036    7.141160876
 -0.316250000 -0.453750000 -0.336250000       2
       1       5   13.094311926    5.800658567
       1       6   14.383785430    7.239199007
 -0.316250000 -0.453750000 -0.211250000       2
       1       5   13.757771075    6.493978627
       1       6   14.225159019    6.944794193
 -0.316250000 -0.453750000 -0.086250000       2
       1       5   12.394456172    5.270734742
       1       6   13.595503278    6.580340763
 -0.316250000 -0.328750000  0.038750000       2
       1       5   11.410635443    4.423549578
       1       6   12.660422358    5.820361079
 -0.316250000 -0.328750000  0.163750000       2
       1       5   11.758612670    4.756508563
       1       6   13.433138216    6.371408473
 -0.316250000 -0.328750000 -0.711250000       2
       1       5   12.056365860    5.092502868
       1       6   15.819559300    8.741729900
 -0.316250000 -0.328750000 -0.586250000       2
       1       5   12.672797633    5.587471334
       1       6   16.351711085    9.171505070
 -0.316250000 -0.328750000 -0.461250000       2
       1       5   13.130874963    5.877071186
       1       6   14.531577329    7.319506850
 -0.316250000 -0.328750000 -0.336250000       2
       1       5   12.296160771    4.856302779
       1       6   14.275726365    7.107616034
 -0.316250000 -0.328750000 -0.211250000       2
       1       5   12.961855577    5.733544244
       1       6   14.253745454    6.872912024
 -0.316250000 -0.328750000 -0.086250000       2
       1       5   11.940987170    4.826659971
       1       6   13.697715354    6.686350567
 -0.316250000 -0.203750000  0.038750000       2
       1       5   12.194718966    5.091371913
       1       6   13.933082690    6.921513818
 -0.316250000 -0.203750000  0.163750000       2
       1       5   12.847289657    5.695796044
       1       6   14.039237993    7.006831917
 -0.316250000 -0.203750000  0.288750000       2
       1       5   13.136296869    6.010790164
       1       6   15.194297690    8.008741031
 -0.316250000 -0.203750000 -0.586250000       2
       1       5   13.607641406    6.456474526
       1       6   14.850555193    7.654189128
 -0.316250000 -0.203750000 -0.461250000       2
       1       5   13.791632036    6.517477858
       1       6   14.285928112    7.025989354
 -0.316250000 -0.203750000 -0.336250000       2
       1       5   12.944218515    5.752869302
       1       6   14.385267483    6.989043233
 -0.316250000 -0.203750000 -0.211250000       2
       1       5   13.359609127    5.998221157
       1       6   14.278686307    6.958841637
 -0.316250000 -0.203750000 -0.086250000       2
       1       5   12.908697042    5.644897001
       1       6   14.595520448    7.383202948
 -0.316250000 -0.078750000  0.038750000       2
       1       5   13.004100216    5.758566958
       1       6   14.129305948    6.826259521
 -0.316250000 -0.078750000  0.163750000       2
       1       5   13.701950948    6.436510482
       1       6   14.351417576    7.065228857
 -0.316250000 -0.078750000  0.288750000       2
       1       5   13.049522104    5.922550585
       1       6   15.623882209    8.417385990
 -0.316250000 -0.078750000 -0.586250000       2
       1       5   12.583915423    5.468744457
       1       6   15.523049566    8.462147747
 -0.316250000 -0.078750000 -0.461250000       2
       1       5   12.331875070    5.202053795
       1       6   13.601275936    6.586114751
 -0.316250000 -0.078750000 -0.336250000       2
       1       5   11.866537077    4.758353404
       1       6   13.554106903    6.546451301
 -0.316250000 -0.078750000 -0.211250000       2
       1       5   12.740902506    5.511591280
       1       6   14.616128317    7.533712194
 -0.316250000 -0.078750000 -0.086250000       2
       1       5   13.035817094    5.649116513
       1       6   14.263739878    6.937004252
 -0.191250000  0.046250000  0.038750000       2
       1       5   12.845770731    5.419721704
       1       6   14.018178452    6.596491513
 -0.191250000  0.046250000  0.163750000       2
       1       5   13.619227114    6.290321868
       1       6   14.115408634    6.806587721
 -0.191250000  0.046250000  0.288750000       2
       1       5   13.395658980    6.135217519
       1       6   14.899437113    7.570192472
 -0.191250000  0.046250000  0.413750000       2
       1       5   12.837415978    5.754268260
       1       6   15.139640533    7.869296158
 -0.191250000  0.046250000 -0.461250000       2
       1       5   12.555539741    5.449373547
       1       6   15.430870452    8.119693541
 -0.191250000  0.046250000 -0.336250000       2
       1       5   12.395248755    5.286850299
       1       6   14.201063223    7.197436066
 -0.191250000  0.046250000 -0.211250000       2
       1       5   12.073655875    4.926008509
       1       6   14.333122163    7.333925660
 -0.191250000  0.046250000 -0.086250000       2
       1       5   12.993097797    5.745509098
       1       6   14.187203509    6.759846323
 -0.191250000  0.171250000  0.038750000       2
       1       5   13.668189260    6.362673234
       1       6   14.194225019    6.858957834
 -0.191250000  0.171250000  0.163750000       2
       1       5   12.649093185    5.533176228
       1       6   15.040006693    7.865431451
 -0.191250000  0.171250000  0.288750000       2
       1       5   13.140902801    5.987962277
       1       6   14.634860449    7.600863755
 -0.191250000  0.171250000  0.413750000       2
       1       5   14.309636117    7.167483140
       1       6   14.507454083    7.315162741
 -0.191250000  0.171250000 -0.461250000       2
       1       5   14.008430046    6.864239812
       1       6   14.755054520    7.583823052
 -0.191250000  0.171250000 -0.336250000       2
       1       5   13.292991100    6.099026735
       1       6   14.226569768    7.181048299
 -0.191250000  0.171250000 -0.211250000       2
       1       5   12.418785694    5.305009173
       1       6   14.544470866    7.545571510
 -0.191250000  0.171250000 -0.086250000       2
       1       5   13.447007488    6.125053721
       1       6   14.255653275    6.965320059
 -0.191250000  0.296250000  0.038750000       2
       1       5   13.304327750    6.066247828
       1       6   14.996254210    7.694087792
 -0.191250000  0.296250000  0.163750000       2
       1       5   13.350815375    6.177483903
       1       6   14.678440933    7.639315399
 -0.191250000  0.296250000  0.288750000       2
       1       5   11.906537707    4.862309573
       1       6   14.024737634    6.982349881
 -0.191250000  0.296250000  0.413750000       2
       1       5   12.720588789    5.655410273
       1       6   13.884986401    6.768997866
 -0.191250000 -0.703750000 -0.461250000       2
       1       5   14.154884133    7.021871643
       1       6   15.005500945    7.895302562
 -0.191250000  0.296250000 -0.336250000       2
       1       5   13.660518111    6.523837987
       1       6   14.806210494    7.625694106
 -0.191250000  0.296250000 -0.211250000       2
       1       5   12.516926327    5.419880518
       1       6   15.435420456    8.064943808
 -0.191250000  0.296250000 -0.086250000       2
       1       5   13.428505539    6.211116429
       1       6   14.000912835    6.795415068
 -0.191250000  0.421250000  0.038750000       2
       1       5   12.769018102    5.686744164
       1       6   15.194298337    7.914019176
 -0.191250000  0.421250000  0.163750000       2
       1       5   14.273987656    7.149403705
       1       6   14.457113329    7.244366149
 -0.191250000  0.421250000  0.288750000       2
       1       5   12.956374355    5.855680622
       1       6   13.915976876    6.804700177
 -0.191250000 -0.578750000 -0.586250000       2
       1       5   11.665322612    4.746961941
       1       6   13.713640075    6.589265925
 -0.191250000 -0.578750000 -0.461250000       2
       1       5   12.771773501    5.650218635
       1       6   13.972271083    6.867348217
 -0.191250000 -0.578750000 -0.336250000       2
       1       5   14.156436115    7.002835927
       1       6   14.434535098    7.234939576
 -0.191250000 -0.578750000 -0.211250000       2
       1       5   12.815120298    5.733132681
       1       6   15.246296092    7.943699764
 -0.191250000 -0.578750000 -0.086250000       2
       1       5   13.286699890    6.104013609
       1       6   13.925542019    6.743351561
 -0.191250000 -0.453750000  0.038750000       2
       1       5   12.519608625    5.410969397
       1       6   15.468988590    8.159458054
 -0.191250000 -0.453750000  0.163750000       2
       1       5   13.867535708    6.717938231
       1       6   14.816503332    7.654909387
 -0.191250000 -0.453750000 -0.711250000       2
       1       5   14.208120944    7.072808102
       1       6   15.265210424    8.175383826
 -0.191250000 -0.453750000 -0.586250000       2
       1       5   13.003379319    5.859654259
       1       6   14.006091925    6.907719682
 -0.191250000 -0.453750000 -0.461250000       2
       1       5   12.029447482    4.934729265
       1       6   14.192068165    7.181662548
 -0.191250000 -0.453750000 -0.336250000       2
       1       5   13.278662361    6.110825400
       1       6   14.840785590    7.560340883
 -0.191250000 -0.453750000 -0.211250000       2
       1       5   13.368980437    6.098139419
       1       6   15.053339874    7.720962915
 -0.191250000 -0.453750000 -0.086250000       2
       1       5   13.263357655    6.109309879
       1       6   14.242985704    6.914624608
 -0.191250000 -0.328750000  0.038750000       2
       1       5   12.355596987    5.247382671
       1       6   14.190651769    7.185960193
 -0.191250000 -0.328750000  0.163750000       2
       1       5   13.164755585    5.985358458
       1       6   14.154510366    7.113063441
 -0.191250000 -0.328750000  0.288750000       2
       1       5   13.527080456    6.390950128
       1       6   14.874171558    7.693754137
 -0.191250000 -0.328750000 -0.586250000       2
       1       5   14.000328692    6.845617088
       1       6   14.508753383    7.316560391
 -0.191250000 -0.328750000 -0.461250000       2
       1       5   13.481252688    6.272104205
       1       6   14.677734944    7.414779779
 -0.191250000 -0.328750000 -0.336250000       2
       1       5   12.820699772    5.669256913
       1       6   14.681610104    7.282020524
 -0.191250000 -0.328750000 -0.211250000       2
       1       5   13.529441394    6.198288137
       1       6   14.235381055    6.908064758
 -0.191250000 -0.328750000 -0.086250000       2
       1       5   13.098483503    5.799596748
       1       6   14.486208502    7.204947889
 -0.191250000 -0.203750000  0.038750000       2
       1       5   12.081774988    4.933190195
       1       6   14.421588102    7.424105410
 -0.191250000 -0.203750000  0.163750000       2
       1       5   12.414085677    5.301120154
       1       6   14.514020210    7.513296271
 -0.191250000 -0.203750000  0.288750000       2
       1       5   12.509843005    5.408896715
       1       6   15.440896740    8.045506331
 -0.191250000 -0.203750000 -0.586250000       2
       1       5   12.775035463    5.692972693
       1       6   15.274412422    7.943376168
 -0.191250000 -0.203750000 -0.461250000       2
       1       5   13.308612196    6.055069904
       1       6   15.154608137    7.848823816
 -0.191250000 -0.203750000 -0.336250000       2
       1       5   13.588121804    6.278544551
       1       6   14.345855953    7.023194106
 -0.191250000 -0.203750000 -0.211250000       2
       1       5   12.785264362    5.358444782
       1       6   14.101661105    6.679012975
 -0.191250000 -0.203750000 -0.086250000       2
       1       5   12.821451191    5.572915273
       1       6   14.289742839    6.863944786
 -0.191250000 -0.078750000  0.038750000       2
       1       5   13.056778498    5.759682961
       1       6   14.052333222    6.620147831
 -0.191250000 -0.078750000  0.163750000       2
       1       5   13.527892009    6.172489283
       1       6   14.180868836    6.899811887
 -0.191250000 -0.078750000  0.288750000       2
       1       5   13.466450243    6.242200474
       1       6   14.023323493    6.823718646
 -0.191250000 -0.078750000 -0.586250000       2
       1       5   13.235187124    6.073705928
       1       6   13.992053336    6.789448832
 -0.191250000 -0.078750000 -0.461250000       2
       1       5   13.171469982    6.018168083
       1       6   14.307550200    6.984912104
 -0.191250000 -0.078750000 -0.336250000       2
       1       5   13.036198089    5.767701940
       1       6   14.565218892    7.293003726
 -0.191250000 -0.078750000 -0.211250000       2
       1       5   12.729623206    5.518961979
       1       6   14.450315246    7.043197147
 -0.191250000 -0.078750000 -0.086250000       2
       1       5   13.529634943    6.105273670
       1       6   13.687737634    6.301049980
 -0.066250000  0.046250000  0.038750000       2
       1       5   13.241172644    5.844944338
       1       6   13.537797508    6.097690185
 -0.066250000  0.046250000  0.163750000       2
       1       5   13.338750774    5.947963137
       1       6   13.829967105    6.412838300
 -0.066250000  0.046250000  0.288750000       2
       1       5   13.062006878    5.704602739
       1       6   14.139874829    6.906120528
 -0.066250000  0.046250000  0.413750000       2
       1       5   12.767232277    5.408041207
       1       6   14.044027242    6.999245766
 -0.066250000  0.046250000 -0.461250000       2
       1       5   12.721333758    5.370093166
       1       6   13.990947008    6.946676493
 -0.066250000  0.046250000 -0.336250000       2
       1       5   12.931633941    5.603399211
       1       6   14.096563983    6.942278045
 -0.066250000  0.046250000 -0.211250000       2
       1       5   13.182887041    5.803443782
       1       6   13.961433226    6.555032196
 -0.066250000  0.046250000 -0.086250000       2
       1       5   13.033127178    5.747419158
       1       6   13.885008306    6.412042410
 -0.066250000  0.171250000  0.038750000       2
       1       5   13.362400593    5.948878605
       1       6   13.819169560    6.411826998
 -0.066250000  0.171250000  0.163750000       2
       1       5   12.335888414    5.186879641
       1       6   14.678663846    7.633951570
 -0.066250000  0.171250000  0.288750000       2
       1       5   12.492052977    5.388160779
       1       6   14.252684539    7.237288304
 -0.066250000  0.171250000  0.413750000       2
       1       5   12.752197008    5.636003993
       1       6   15.168020405    7.842294132
 -0.066250000  0.171250000 -0.461250000       2
       1       5   12.953761625    5.870343896
       1       6   14.781170814    7.513003572
 -0.066250000  0.171250000 -0.336250000       2
       1       5   13.436879458    6.270889970
       1       6   14.588195510    7.335853137
 -0.066250000  0.171250000 -0.211250000       2
       1       5   13.873281905    6.530195315
       1       6   14.028939423    6.715566831
 -0.066250000  0.171250000 -0.086250000       2
       1       5   13.062976580    5.643402045
       1       6   13.941164513    6.522571513
 -0.066250000  0.296250000  0.038750000       2
       1       5   12.975876086    5.600065001
       1       6   14.172989686    6.999197601
 -0.066250000  0.296250000  0.163750000       2
       1       5   12.598053838    5.486079359
       1       6   14.390764041    7.379451797
 -0.066250000  0.296250000  0.288750000       2
       1       5   11.591455037    4.571532077
       1       6   12.968705569    6.072547084
 -0.066250000  0.296250000  0.413750000       2
       1       5   11.947523563    4.897286823
       1       6   12.884348335    5.956868143
 -0.066250000  0.296250000  0.538750000       2
       1       5   12.237566365    5.263120559
       1       6   14.860520712    7.742934740
 -0.066250000  0.296250000 -0.336250000       2
       1       5   12.759829362    5.633482574
       1       6   16.239246429    9.055943204
 -0.066250000  0.296250000 -0.211250000       2
       1       5   13.414009992    6.275119183
       1       6   14.291056784    7.062657743
 -0.066250000  0.296250000 -0.086250000       2
       1       5   12.699139373    5.323576443
       1       6   14.074016784    6.966908487
 -0.066250000  0.421250000  0.038750000       2
       1       5   12.690140921    5.322828305
       1       6   14.061415946    7.012219474
 -0.066250000  0.421250000  0.163750000       2
       1       5   12.806766611    5.689448829
       1       6   15.016662402    7.664112809
 -0.066250000  0.421250000  0.288750000       2
       1       5   12.016771019    4.942706489
       1       6   13.081504007    6.115139328
 -0.066250000  0.421250000  0.413750000       2
       1       5   11.381113726    4.421336394
       1       6   11.860947207    4.958257244
 -0.066250000 -0.578750000 -0.461250000       2
       1       5   11.834416926    4.877470872
       1       6   12.434982495    5.349216692
 -0.066250000 -0.578750000 -0.336250000       2
       1       5   12.301784226    5.272342028
       1       6   14.932117649    7.827447706
 -0.066250000 -0.578750000 -0.211250000       2
       1       5   13.032668992    5.924867583
       1       6   14.431514111    7.178794914
 -0.066250000  0.421250000 -0.086250000       2
       1       5   12.505200586    5.138918382
       1       6   14.031256951    6.955721791
 -0.066250000 -0.453750000  0.038750000       2
       1       5   12.666362456    5.285684821
       1       6   14.005848865    6.972370912
 -0.066250000 -0.453750000  0.163750000       2
       1       5   13.016777857    5.931630906
       1       6   14.645003831    7.377470142
 -0.066250000  0.546250000  0.288750000       2
       1       5   12.295473974    5.324310609
       1       6   15.180735919    8.073174246
 -0.066250000 -0.453750000 -0.586250000       2
       1       5   11.865440114    4.923306489
       1       6   12.674323254    5.573691228
 -0.066250000 -0.453750000 -0.461250000       2
       1       5   11.379632988    4.408557386
       1       6   12.018808662    5.156096505
 -0.066250000 -0.453750000 -0.336250000       2
       1       5   12.022066385    4.960161114
       1       6   13.107608129    6.166654954
 -0.066250000 -0.453750000 -0.211250000       2
       1       5   12.907096345    5.786146305
       1       6   14.823569601    7.448083579
 -0.066250000 -0.453750000 -0.086250000       2
       1       5   12.584524721    5.174177609
       1       6   14.180308356    7.117523898
 -0.066250000 -0.328750000  0.038750000       2
       1       5   12.900105673    5.579742944
       1       6   14.095749218    6.923615179
 -0.066250000 -0.328750000  0.163750000       2
       1       5   13.502346424    6.298116006
       1       6   14.479335018    7.222655071
 -0.066250000 -0.328750000  0.288750000       2
       1       5   12.838290887    5.715587214
       1       6   16.082865494    8.904885181
 -0.066250000 -0.328750000 -0.586250000       2
       1       5   12.359895061    5.305475162
       1       6   15.246682221    8.172898899
 -0.066250000 -0.328750000 -0.461250000       2
       1       5   12.102420536    5.012057543
       1       6   13.290870662    6.315608452
 -0.066250000 -0.328750000 -0.336250000       2
       1       5   11.708129584    4.631900778
       1       6   13.304065379    6.344923696
 -0.066250000 -0.328750000 -0.211250000       2
       1       5   12.660155763    5.481406928
       1       6   14.564429831    7.532118282
 -0.066250000 -0.328750000 -0.086250000       2
       1       5   12.927810762    5.534717659
       1       6   14.230541698    6.924129797
 -0.066250000 -0.203750000  0.038750000       2
       1       5   13.159112069    5.790986324
       1       6   13.922619848    6.504569516
 -0.066250000 -0.203750000  0.163750000       2
       1       5   13.802247127    6.434343424
       1       6   14.033791274    6.745502861
 -0.066250000 -0.203750000  0.288750000       2
       1       5   13.453749251    6.275907752
       1       6   14.215362919    7.002741180
 -0.066250000 -0.203750000 -0.586250000       2
       1       5   13.080226213    5.961949796
       1       6   14.312368486    7.069011374
 -0.066250000 -0.203750000 -0.461250000       2
       1       5   12.955033846    5.821067646
       1       6   14.669598855    7.318382167
 -0.066250000 -0.203750000 -0.336250000       2
       1       5   12.768434222    5.575429305
       1       6   14.652458781    7.578842183
 -0.066250000 -0.203750000 -0.211250000       2
       1       5   12.537322558    5.361153279
       1       6   14.707376187    7.411556596
 -0.066250000 -0.203750000 -0.086250000       2
       1       5   13.407250125    5.984616079
       1       6   13.721427951    6.321479618
 -0.066250000 -0.078750000  0.038750000       2
       1       5   13.044038010    5.739138708
       1       6   13.855548804    6.383655676
 -0.066250000 -0.078750000  0.163750000       2
       1       5   13.061940457    5.640057470
       1       6   13.902457730    6.481543780
 -0.066250000 -0.078750000  0.288750000       2
       1       5   12.680949121    5.306518374
       1       6   14.079790971    6.963571347
 -0.066250000 -0.078750000  0.413750000       2
       1       5   12.462121240    5.080275186
       1       6   14.033781429    6.958414761
 -0.066250000 -0.078750000 -0.461250000       2
       1       5   12.517315491    5.114455523
       1       6   14.198046779    7.123823498
 -0.066250000 -0.078750000 -0.336250000       2
       1       5   12.843710095    5.446946190
       1       6   14.274791137    7.027442126
 -0.066250000 -0.078750000 -0.211250000       2
       1       5   13.344639187    5.918463583
       1       6   13.797604463    6.398552824
 -0.066250000 -0.078750000 -0.086250000       2
       1       5   13.305178225    5.859099103
       1       6   13.464187811    6.070634968
