  0.058750000  0.046250000  0.040000000       3
       1       2    9.670221127    0.151801350
       1       3    9.933642923    0.407988008
       1       4   10.005251489    0.479317058
  0.058750000  0.046250000  0.165000000       3
       1       2    8.187451274   -0.889888459
       1       3    9.320191195   -0.009411866
       1       4    9.850974837    0.479720590
  0.058750000  0.046250000  0.290000000       3
       1       2    5.788826082   -3.230684094
       1       3    8.783045407   -0.538810197
       1       4    9.371961886    0.004797767
  0.058750000  0.046250000  0.415000000       3
       1       2    3.727573925   -4.885126296
       1       3    8.493685594   -0.824253695
       1       4    8.932390733   -0.393496562
  0.058750000  0.046250000 -0.460000000       3
       1       2    2.772598719   -5.804658331
       1       3    8.482655978   -0.780820012
       1       4    8.702563323   -0.606679358
  0.058750000  0.046250000 -0.335000000       3
       1       2    3.866339538   -4.759418549
       1       3    8.655902370   -0.650553174
       1       4    8.801550675   -0.502350976
  0.058750000  0.046250000 -0.210000000       3
       1       2    5.975329831   -3.047485674
       1       3    8.971541526   -0.377849042
       1       4    9.240111168   -0.097497615
  0.058750000  0.046250000 -0.085000000       3
       1       2    8.394132724   -0.757239454
       1       3    9.480619444    0.109222731
       1       4    9.723529834    0.348277347
  0.058750000  0.171250000  0.040000000       3
       1       2    8.035740735   -1.017051787
       1       3    9.305916600   -0.037912367
       1       4    9.806028127    0.438366835
  0.058750000  0.171250000  0.165000000       3
       1       2    8.004472545   -1.218900012
       1       3    9.091653682   -0.075273658
       1       4    9.219830687    0.026887999
  0.058750000  0.171250000  0.290000000       3
       1       2    6.387228303   -2.791487132
       1       3    8.134045707   -0.882781224
       1       4    8.910524373   -0.308506474
  0.058750000  0.171250000  0.415000000       3
       1       2    4.356930104   -4.559853364
       1       3    7.609154520   -1.329616514
       1       4    8.449912723   -0.568175833
  0.058750000  0.171250000  0.540000000       3
       1       2    2.940303360   -5.728456777
       1       3    7.308976814   -1.492358751
       1       4    8.275294835   -0.798821017
  0.058750000  0.171250000 -0.335000000       3
       1       2    3.391005330   -5.324148914
       1       3    7.221294428   -1.545048415
       1       4    8.512512000   -0.613389617
  0.058750000  0.171250000 -0.210000000       3
       1       2    5.168270895   -3.816023868
       1       3    7.469523800   -1.304393261
       1       4    9.019305936   -0.271356396
  0.058750000  0.171250000 -0.085000000       3
       1       2    7.006008736   -2.119650066
       1       3    8.375656824   -0.644770491
       1       4    9.476398464    0.174284746
  0.058750000  0.296250000  0.040000000       3
       1       2    5.635583716   -3.376235366
       1       3    8.791037872   -0.551461026
       1       4    9.319664087   -0.046276486
  0.058750000  0.296250000  0.165000000       3
       1       2    6.271126085   -2.863124993
       1       3    8.124835593   -0.862031197
       1       4    8.936271812   -0.297682369
  0.058750000  0.296250000  0.290000000       3
       1       2    5.822107450   -3.392443169
       1       3    7.911207792   -1.169711968
       1       4    7.999315593   -1.112763147
  0.058750000  0.296250000  0.415000000       3
       1       2    4.464740853   -4.448380197
       1       3    7.110146842   -1.812479281
       1       4    7.637781626   -1.384751342
  0.058750000  0.296250000  0.540000000       3
       1       2    3.102076146   -5.745613526
       1       3    6.275550903   -2.463771083
       1       4    7.542826203   -1.386404798
  0.058750000  0.296250000 -0.335000000       3
       1       2    2.946719366   -5.772044956
       1       3    5.855714080   -2.818078168
       1       4    7.852992520   -1.243466764
  0.058750000  0.296250000 -0.210000000       3
       1       2    4.046584952   -4.951947422
       1       3    6.250048073   -2.398443782
       1       4    8.443300455   -0.784152109
  0.058750000  0.296250000 -0.085000000       3
       1       2    4.896062552   -4.043806797
       1       3    7.777422409   -1.062700045
       1       4    8.977416723   -0.278964323
  0.058750000  0.421250000  0.040000000       3
       1       2    3.614125630   -4.996397764
       1       3    8.515725043   -0.806767217
       1       4    8.895209512   -0.430126608
  0.058750000  0.421250000  0.165000000       3
       1       2    4.235203176   -4.673261433
       1       3    7.638646576   -1.312447864
       1       4    8.475365926   -0.538784442
  0.058750000  0.421250000  0.290000000       3
       1       2    4.413751901   -4.499787346
       1       3    7.063258134   -1.846848809
       1       4    7.656366257   -1.377818449
  0.058750000  0.421250000  0.415000000       3
       1       2    3.549068574   -5.394232582
       1       3    7.110996261   -1.868504375
       1       4    7.283170272   -1.702090345
  0.058750000  0.421250000  0.540000000       3
       1       2    2.462239337   -6.339336630
       1       3    6.556450494   -2.100182643
       1       4    7.033012150   -1.953410882
  0.058750000 -0.578750000 -0.335000000       3
       1       2    2.265252238   -6.516264046
       1       3    5.757710801   -2.745452809
       1       4    7.309397592   -1.700190648
  0.058750000  0.421250000 -0.210000000       3
       1       2    2.896195870   -5.791215848
       1       3    6.097869320   -2.608881661
       1       4    7.904532086   -1.255641175
  0.058750000  0.421250000 -0.085000000       3
       1       2    3.181433823   -5.494140941
       1       3    7.589629196   -1.269225210
       1       4    8.545240331   -0.630623960
  0.058750000 -0.453750000  0.040000000       3
       1       2    2.783457290   -5.793421860
       1       3    8.502954896   -0.795702599
       1       4    8.703927019   -0.612807971
  0.058750000  0.546250000  0.165000000       3
       1       2    2.895895666   -5.770568442
       1       3    7.370100189   -1.437217421
       1       4    8.312817743   -0.771954662
  0.058750000  0.546250000  0.290000000       3
       1       2    3.057656253   -5.733224882
       1       3    6.265982438   -2.457298724
       1       4    7.582645341   -1.375609046
  0.058750000  0.546250000  0.415000000       3
       1       2    2.460772437   -6.322460534
       1       3    6.467859196   -2.131958317
       1       4    7.054592841   -1.921171814
  0.058750000 -0.453750000 -0.460000000       3
       1       2    1.895420752   -6.899815226
       1       3    6.885172402   -1.983216198
       1       4    7.075478057   -1.915801754
  0.058750000 -0.453750000 -0.335000000       3
       1       2    2.895852416   -6.002800414
       1       3    6.626587767   -2.186916398
       1       4    7.105237663   -1.814216600
  0.058750000 -0.453750000 -0.210000000       3
       1       2    3.372512871   -5.506907432
       1       3    6.538578625   -2.268298461
       1       4    7.677661662   -1.311873210
  0.058750000 -0.453750000 -0.085000000       3
       1       2    3.047851994   -5.609625617
       1       3    7.652694067   -1.314105644
       1       4    8.438486956   -0.701255979
  0.058750000 -0.328750000  0.040000000       3
       1       2    3.987663026   -4.629141209
       1       3    8.648017890   -0.667157837
       1       4    8.867343558   -0.447007030
  0.058750000 -0.328750000  0.165000000       3
       1       2    3.482334944   -5.241006462
       1       3    7.311420044   -1.478314049
       1       4    8.559261094   -0.561654169
  0.058750000 -0.328750000  0.290000000       3
       1       2    3.020414782   -5.693309969
       1       3    5.894080582   -2.784778733
       1       4    7.910592543   -1.194501646
  0.058750000 -0.328750000 -0.585000000       3
       1       2    2.322041097   -6.463999127
       1       3    5.715968167   -2.788784037
       1       4    7.352740147   -1.649111767
  0.058750000 -0.328750000 -0.460000000       3
       1       2    2.885866782   -5.979761790
       1       3    6.544821832   -2.186914920
       1       4    7.127128173   -1.781854890
  0.058750000 -0.328750000 -0.335000000       3
       1       2    4.038899044   -4.899285904
       1       3    7.238576300   -1.728088861
       1       4    7.398396033   -1.599133437
  0.058750000 -0.328750000 -0.210000000       3
       1       2    4.900617927   -4.014785408
       1       3    7.302919709   -1.638090870
       1       4    7.868472230   -1.129110519
  0.058750000 -0.328750000 -0.085000000       3
       1       2    4.651401863   -4.253428774
       1       3    7.892623009   -1.060248133
       1       4    8.731779089   -0.347621784
  0.058750000 -0.203750000  0.040000000       3
       1       2    6.132507281   -2.894796945
       1       3    8.981279498   -0.377286991
       1       4    9.314615376   -0.040198763
  0.058750000 -0.203750000  0.165000000       3
       1       2    5.314268944   -3.668469049
       1       3    7.582929091   -1.203195321
       1       4    9.067189652   -0.216883582
  0.058750000 -0.203750000  0.290000000       3
       1       2    4.168179964   -4.845169784
       1       3    6.331881346   -2.324122629
       1       4    8.506655443   -0.750521111
  0.058750000 -0.203750000  0.415000000       3
       1       2    2.947025185   -5.743989361
       1       3    6.143788017   -2.559808088
       1       4    7.959647415   -1.190256824
  0.058750000 -0.203750000 -0.460000000       3
       1       2    3.305788324   -5.528729585
       1       3    6.541833817   -2.246089171
       1       4    7.715724540   -1.285216635
  0.058750000 -0.203750000 -0.335000000       3
       1       2    4.835110642   -4.081545286
       1       3    7.267472270   -1.666952921
       1       4    7.887801621   -1.115033881
  0.058750000 -0.203750000 -0.210000000       3
       1       2    6.319320656   -2.913496666
       1       3    8.157154117   -0.943195203
       1       4    8.221514203   -0.892903848
  0.058750000 -0.203750000 -0.085000000       3
       1       2    6.791753173   -2.362578870
       1       3    8.399106895   -0.670204360
       1       4    9.222358572   -0.032127173
  0.058750000 -0.078750000  0.040000000       3
       1       2    8.550045375   -0.660418873
       1       3    9.507138880    0.105438737
       1       4    9.782809440    0.375230136
  0.058750000 -0.078750000  0.165000000       3
       1       2    7.178027343   -1.967683739
       1       3    8.493213085   -0.659418229
       1       4    9.507298801    0.208069232
  0.058750000 -0.078750000  0.290000000       3
       1       2    5.036962188   -3.909270124
       1       3    7.888087225   -0.961724380
       1       4    9.014619283   -0.224864661
  0.058750000 -0.078750000  0.415000000       3
       1       2    3.259830132   -5.419811992
       1       3    7.677661591   -1.254761832
       1       4    8.581953865   -0.604671549
  0.058750000 -0.078750000 -0.460000000       3
       1       2    2.982259795   -5.664734563
       1       3    7.711860761   -1.283228922
       1       4    8.467276546   -0.687739291
  0.058750000 -0.078750000 -0.335000000       3
       1       2    4.518425326   -4.340364312
       1       3    7.921602830   -1.083166978
       1       4    8.750442939   -0.380817454
  0.058750000 -0.078750000 -0.210000000       3
       1       2    6.664513749   -2.450172357
       1       3    8.392345607   -0.695039169
       1       4    9.244872772   -0.044641299
  0.058750000 -0.078750000 -0.085000000       3
       1       2    8.441241795   -0.811752923
       1       3    9.353810378    0.096950075
       1       4    9.510667282    0.229132799
  0.183750000  0.046250000  0.040000000       3
       1       2    7.725727231   -1.315396196
       1       3    9.295440920   -0.057010385
       1       4    9.761443423    0.393824795
  0.183750000  0.046250000  0.165000000       3
       1       2    7.878287716   -1.378956602
       1       3    8.921075732   -0.213796409
       1       4    9.098907128   -0.061923599
  0.183750000  0.046250000  0.290000000       3
       1       2    6.330819480   -2.878731179
       1       3    8.117751568   -0.964105712
       1       4    8.681727743   -0.482575469
  0.183750000  0.046250000  0.415000000       3
       1       2    4.343416458   -4.572722210
       1       3    7.539061087   -1.376500693
       1       4    8.265484380   -0.764210615
  0.183750000  0.046250000  0.540000000       3
       1       2    2.946386318   -5.728826395
       1       3    7.128388843   -1.634413864
       1       4    8.193389620   -0.923742381
  0.183750000  0.046250000 -0.335000000       3
       1       2    3.399659141   -5.290227470
       1       3    6.976974273   -1.751042603
       1       4    8.503809791   -0.651841516
  0.183750000  0.046250000 -0.210000000       3
       1       2    5.133506003   -3.874416982
       1       3    7.241179643   -1.486753604
       1       4    9.049382849   -0.290378006
  0.183750000  0.046250000 -0.085000000       3
       1       2    6.771624981   -2.291110557
       1       3    8.328839336   -0.677938450
       1       4    9.505466134    0.158460756
  0.183750000  0.171250000  0.040000000       3
       1       2    7.822908183   -1.449172838
       1       3    8.884961178   -0.241998197
       1       4    8.992124900   -0.152865643
  0.183750000  0.171250000  0.165000000       3
       1       2    7.381359918   -1.646691480
       1       3    9.459781204    0.092658016
       1       4    9.613027542    0.245434864
  0.183750000  0.171250000  0.290000000       3
       1       2    6.451808578   -2.581078012
       1       3    8.175320071   -0.816253266
       1       4    9.564905603    0.198241801
  0.183750000  0.171250000  0.415000000       3
       1       2    4.945130759   -4.073941021
       1       3    7.002944458   -1.701194233
       1       4    9.067507135   -0.298370404
  0.183750000  0.171250000  0.540000000       3
       1       2    3.301651039   -5.375500067
       1       3    6.764073958   -1.940566168
       1       4    8.496224768   -0.684240514
  0.183750000  0.171250000 -0.335000000       3
       1       2    3.006182872   -5.688343151
       1       3    7.006605475   -1.731922255
       1       4    8.134170224   -1.023675152
  0.183750000  0.171250000 -0.210000000       3
       1       2    4.472833268   -4.442644963
       1       3    7.581945259   -1.281612912
       1       4    8.097166526   -0.985940972
  0.183750000  0.171250000 -0.085000000       3
       1       2    6.440341355   -2.770308952
       1       3    8.277366840   -0.831990621
       1       4    8.414855268   -0.702008632
  0.183750000  0.296250000  0.040000000       3
       1       2    6.193234770   -2.971846479
       1       3    8.096885283   -0.984235205
       1       4    8.594559631   -0.528705482
  0.183750000  0.296250000  0.165000000       3
       1       2    6.417223001   -2.616737226
       1       3    8.066527338   -0.813695638
       1       4    9.541087675    0.174949947
  0.183750000  0.296250000  0.290000000       3
       1       2    5.735135205   -3.239379651
       1       3    8.603548756   -0.589901782
       1       4    8.711447668   -0.423636794
  0.183750000  0.296250000  0.415000000       3
       1       2    4.861683365   -4.121241589
       1       3    7.056244794   -1.773794301
       1       4    8.497022507   -0.662351763
  0.183750000  0.296250000  0.540000000       3
       1       2    3.630272701   -5.269229952
       1       3    6.168248892   -2.389011335
       1       4    7.917993199   -0.912111585
  0.183750000  0.296250000 -0.335000000       3
       1       2    2.799425474   -5.921378744
       1       3    6.117985735   -2.592436367
       1       4    7.534534468   -1.449758243
  0.183750000  0.296250000 -0.210000000       3
       1       2    3.708273194   -5.198952324
       1       3    6.508940155   -2.213024371
       1       4    7.616347985   -1.240752000
  0.183750000  0.296250000 -0.085000000       3
       1       2    5.133914673   -3.787954997
       1       3    7.309656800   -1.658311587
       1       4    8.067085593   -0.890186328
  0.183750000  0.421250000  0.040000000       3
       1       2    4.218033232   -4.697036350
       1       3    7.515573158   -1.385485970
       1       4    8.210052025   -0.834046985
  0.183750000  0.421250000  0.165000000       3
       1       2    4.831264076   -4.180417945
       1       3    7.001075940   -1.710208457
       1       4    9.024985767   -0.340489423
  0.183750000  0.421250000  0.290000000       3
       1       2    4.834951399   -4.170202540
       1       3    6.964903080   -1.815321077
       1       4    8.524488022   -0.702498188
  0.183750000  0.421250000  0.415000000       3
       1       2    4.145910265   -4.769032066
       1       3    7.033741458   -1.824389135
       1       4    7.771957463   -1.317193599
  0.183750000  0.421250000  0.540000000       3
       1       2    3.263795135   -5.648708110
       1       3    6.338088532   -2.231231636
       1       4    7.167277262   -1.585066546
  0.183750000  0.421250000  0.665000000       3
       1       2    2.376174082   -6.519680422
       1       3    5.942416149   -2.609816512
       1       4    6.631072988   -2.093831597
  0.183750000  0.421250000 -0.210000000       3
       1       2    2.780282581   -6.139116983
       1       3    5.889255131   -2.632862074
       1       4    6.967998682   -1.784835846
  0.183750000  0.421250000 -0.085000000       3
       1       2    3.565981622   -5.333126583
       1       3    6.615758025   -2.183820111
       1       4    7.713619425   -1.219505161
  0.183750000  0.546250000  0.040000000       3
       1       2    2.905890857   -5.761016490
       1       3    7.084641434   -1.650730025
       1       4    8.199492351   -0.945684299
  0.183750000  0.546250000  0.165000000       3
       1       2    3.218906548   -5.457895025
       1       3    6.807756364   -1.897271204
       1       4    8.466700101   -0.711261199
  0.183750000  0.546250000  0.290000000       3
       1       2    3.560837999   -5.292697826
       1       3    6.161773450   -2.419942550
       1       4    7.939442606   -0.926632105
  0.183750000  0.546250000  0.415000000       3
       1       2    3.249645296   -5.665760543
       1       3    6.305849714   -2.239448862
       1       4    7.138461971   -1.609594520
  0.183750000  0.546250000  0.540000000       3
       1       2    2.466414496   -6.277870906
       1       3    6.106216594   -2.404887119
       1       4    7.329572570   -1.689083572
  0.183750000 -0.453750000 -0.335000000       3
       1       2    2.004632884   -6.785051109
       1       3    6.133805090   -2.413003763
       1       4    6.733764360   -2.148780015
  0.183750000 -0.453750000 -0.210000000       3
       1       2    2.650124927   -6.257059800
       1       3    5.936901508   -2.602018564
       1       4    6.843359663   -1.895896162
  0.183750000 -0.453750000 -0.085000000       3
       1       2    2.851424238   -5.837645739
       1       3    6.231102476   -2.490737974
       1       4    7.789617948   -1.340324257
  0.183750000 -0.328750000  0.040000000       3
       1       2    3.494968504   -5.188497921
       1       3    6.940160686   -1.777106119
       1       4    8.549082402   -0.619141702
  0.183750000 -0.328750000  0.165000000       3
       1       2    3.065389335   -5.656012870
       1       3    7.068484123   -1.691903989
       1       4    8.132471834   -1.011270328
  0.183750000 -0.328750000  0.290000000       3
       1       2    2.817399031   -5.904171640
       1       3    6.165014768   -2.545147475
       1       4    7.573225160   -1.402272703
  0.183750000  0.671250000  0.415000000       3
       1       2    2.384801278   -6.493194504
       1       3    5.910874682   -2.647861303
       1       4    6.665503647   -2.054030696
  0.183750000 -0.328750000 -0.460000000       3
       1       2    1.991934559   -6.804266354
       1       3    6.156724524   -2.418406723
       1       4    6.643720649   -2.158147953
  0.183750000 -0.328750000 -0.335000000       3
       1       2    2.836936647   -5.927954867
       1       3    6.222394036   -2.358481505
       1       4    7.385524803   -1.646428687
  0.183750000 -0.328750000 -0.210000000       3
       1       2    3.623128252   -5.290920133
       1       3    6.453346069   -2.188376519
       1       4    7.401540849   -1.408657796
  0.183750000 -0.328750000 -0.085000000       3
       1       2    3.910975477   -5.033077322
       1       3    6.305649667   -2.317683524
       1       4    8.252950792   -0.820880610
  0.183750000 -0.203750000  0.040000000       3
       1       2    5.251963005   -3.765567729
       1       3    7.245019767   -1.466802577
       1       4    9.110141763   -0.244145212
  0.183750000 -0.203750000  0.165000000       3
       1       2    4.603929198   -4.311584651
       1       3    7.640100777   -1.233554997
       1       4    8.136284820   -0.936413407
  0.183750000 -0.203750000  0.290000000       3
       1       2    3.821791452   -5.087341370
       1       3    6.588539475   -2.166411943
       1       4    7.667210573   -1.214153414
  0.183750000 -0.203750000  0.415000000       3
       1       2    2.870036823   -6.049619381
       1       3    5.920488709   -2.601632201
       1       4    7.024653752   -1.728250031
  0.183750000 -0.203750000 -0.460000000       3
       1       2    2.636508152   -6.260516078
       1       3    5.913566708   -2.632319880
       1       4    6.873176304   -1.861437723
  0.183750000 -0.203750000 -0.335000000       3
       1       2    3.605385741   -5.311069497
       1       3    6.403983361   -2.203601077
       1       4    7.391292689   -1.400070929
  0.183750000 -0.203750000 -0.210000000       3
       1       2    4.500873915   -4.414579450
       1       3    7.360192975   -1.497823502
       1       4    7.931724828   -1.156871272
  0.183750000 -0.203750000 -0.085000000       3
       1       2    5.206000487   -3.793529912
       1       3    7.275995193   -1.500476675
       1       4    8.825980828   -0.424987064
  0.183750000 -0.078750000  0.040000000       3
       1       2    6.809060916   -2.242545507
       1       3    8.436957671   -0.696195386
       1       4    9.544573663    0.185828433
  0.183750000 -0.078750000  0.165000000       3
       1       2    6.584058974   -2.665885243
       1       3    8.306213664   -0.818247724
       1       4    8.499602867   -0.635105181
  0.183750000 -0.078750000  0.290000000       3
       1       2    5.277863197   -3.647851936
       1       3    7.407079530   -1.563132418
       1       4    8.108857198   -0.854147536
  0.183750000 -0.078750000  0.415000000       3
       1       2    3.671829466   -5.234045831
       1       3    6.697809171   -2.138397375
       1       4    7.755760060   -1.218814925
  0.183750000 -0.078750000 -0.460000000       3
       1       2    2.841695462   -5.845229344
       1       3    6.281138651   -2.440653384
       1       4    7.818453839   -1.303484812
  0.183750000 -0.078750000 -0.335000000       3
       1       2    3.829660249   -5.051568683
       1       3    6.301816124   -2.343081820
       1       4    8.267580441   -0.828246416
  0.183750000 -0.078750000 -0.210000000       3
       1       2    5.177638801   -3.835039782
       1       3    7.177904982   -1.571250074
       1       4    8.852623297   -0.430633754
  0.183750000 -0.078750000 -0.085000000       3
       1       2    6.089186907   -2.921775441
       1       3    8.844420749   -0.466852234
       1       4    9.039303615   -0.227017696
  0.308750000  0.046250000  0.040000000       3
       1       2    5.333768826   -3.579179396
       1       3    8.813634125   -0.520312790
       1       4    9.268090050   -0.088670743
  0.308750000  0.046250000  0.165000000       3
       1       2    5.988032234   -3.047091196
       1       3    8.104763387   -0.904890002
       1       4    8.754427801   -0.351007819
  0.308750000  0.046250000  0.290000000       3
       1       2    5.623025367   -3.607168305
       1       3    7.811908676   -1.280927777
       1       4    7.912066312   -1.193322465
  0.308750000  0.046250000  0.415000000       3
       1       2    4.317497160   -4.600848597
       1       3    7.114324404   -1.805988118
       1       4    7.537995527   -1.495887010
  0.308750000  0.046250000  0.540000000       3
       1       2    3.015069510   -5.796428456
       1       3    6.195110618   -2.486724878
       1       4    7.499722880   -1.494925961
  0.308750000  0.046250000 -0.335000000       3
       1       2    2.896577483   -5.811341897
       1       3    5.739023061   -2.932341822
       1       4    7.840691508   -1.282208568
  0.308750000  0.046250000 -0.210000000       3
       1       2    3.895243913   -5.011815132
       1       3    6.218711173   -2.458698551
       1       4    8.446460744   -0.803176439
  0.308750000  0.046250000 -0.085000000       3
       1       2    4.626872151   -4.232760768
       1       3    7.829014216   -1.105289964
       1       4    8.986617039   -0.327794796
  0.308750000  0.171250000  0.040000000       3
       1       2    5.967038804   -3.078943935
       1       3    8.092257398   -0.936788231
       1       4    8.640262122   -0.429238697
  0.308750000  0.171250000  0.165000000       3
       1       2    6.326409274   -2.717295004
       1       3    7.875265755   -0.897613164
       1       4    9.532843456    0.166585456
  0.308750000  0.171250000  0.290000000       3
       1       2    5.713317200   -3.238498126
       1       3    8.356920390   -0.720217547
       1       4    8.638198214   -0.446796704
  0.308750000  0.171250000  0.415000000       3
       1       2    4.820257853   -4.133224032
       1       3    7.070308062   -1.829152422
       1       4    8.294814441   -0.756137510
  0.308750000  0.171250000  0.540000000       3
       1       2    3.589216528   -5.317241897
       1       3    6.197771726   -2.342027706
       1       4    7.734291632   -1.031761432
  0.308750000  0.171250000 -0.335000000       3
       1       2    2.781195235   -5.977342516
       1       3    6.074129453   -2.606184483
       1       4    7.413650706   -1.450908570
  0.308750000  0.171250000 -0.210000000       3
       1       2    3.679813450   -5.229656153
       1       3    6.382567232   -2.239707336
       1       4    7.608930594   -1.184914639
  0.308750000  0.171250000 -0.085000000       3
       1       2    4.999244677   -3.924196754
       1       3    7.232946175   -1.724383751
       1       4    8.111949871   -0.855572752
  0.308750000  0.296250000  0.040000000       3
       1       2    5.524450451   -3.682094699
       1       3    7.788677061   -1.295622970
       1       4    7.854585634   -1.235516167
  0.308750000  0.296250000  0.165000000       3
       1       2    5.699636233   -3.244402334
       1       3    8.328816270   -0.687003611
       1       4    8.521386582   -0.548334313
  0.308750000  0.296250000  0.290000000       3
       1       2    5.007267342   -3.810407038
       1       3    9.004421370   -0.342587252
       1       4    9.134883004   -0.212370232
  0.308750000  0.296250000  0.415000000       3
       1       2    4.339446516   -4.461550768
       1       3    7.741288747   -1.265736474
       1       4    9.023148224   -0.324740009
  0.308750000  0.296250000  0.540000000       3
       1       2    3.687880438   -5.060591846
       1       3    6.121022681   -2.577532529
       1       4    8.443264340   -0.779137380
  0.308750000  0.296250000  0.665000000       3
       1       2    2.781851806   -5.921957504
       1       3    5.662917888   -2.988037411
       1       4    7.836208426   -1.298181193
  0.308750000  0.296250000 -0.210000000       3
       1       2    2.999910556   -5.792879160
       1       3    6.209287520   -2.443106069
       1       4    7.495070739   -1.550381159
  0.308750000  0.296250000 -0.085000000       3
       1       2    4.282669476   -4.644138591
       1       3    7.210957028   -1.720434382
       1       4    7.500982701   -1.527778901
  0.308750000  0.421250000  0.040000000       3
       1       2    4.200569569   -4.720635356
       1       3    7.056848107   -1.859118766
       1       4    7.513795499   -1.525268692
  0.308750000  0.421250000  0.165000000       3
       1       2    4.768274615   -4.182574304
       1       3    6.994709027   -1.915152252
       1       4    8.221475838   -0.807467910
  0.308750000  0.421250000  0.290000000       3
       1       2    4.341919855   -4.505091365
       1       3    7.604774247   -1.330086006
       1       4    8.994034061   -0.358311030
  0.308750000  0.421250000  0.415000000       3
       1       2    3.727791954   -5.042766149
       1       3    8.120943394   -0.954565242
       1       4    8.439114868   -0.760776768
  0.308750000  0.421250000  0.540000000       3
       1       2    3.269383745   -5.476953234
       1       3    6.704946940   -2.092122380
       1       4    8.044694015   -1.031699769
  0.308750000  0.421250000  0.665000000       3
       1       2    2.716632131   -6.154577810
       1       3    5.746058389   -2.798978616
       1       4    7.338263089   -1.471773254
  0.308750000  0.421250000 -0.210000000       3
       1       2    2.232529379   -6.577278703
       1       3    5.993074001   -2.562064195
       1       4    6.874038585   -1.979277992
  0.308750000  0.421250000 -0.085000000       3
       1       2    3.148002892   -5.779213611
       1       3    6.701152078   -2.061243261
       1       4    7.056197756   -1.808929288
  0.308750000  0.546250000  0.040000000       3
       1       2    2.934926058   -5.834695251
       1       3    6.134087958   -2.495738402
       1       4    7.519053045   -1.499438215
  0.308750000  0.546250000  0.165000000       3
       1       2    3.502849355   -5.393872239
       1       3    6.198758614   -2.355712180
       1       4    7.668964358   -1.098859543
  0.308750000  0.546250000  0.290000000       3
       1       2    3.658485219   -5.073535724
       1       3    6.048959990   -2.647864453
       1       4    8.397714935   -0.814680964
  0.308750000  0.546250000  0.415000000       3
       1       2    3.269769078   -5.456074503
       1       3    6.612511132   -2.152691670
       1       4    8.038537724   -1.053419437
  0.308750000  0.546250000  0.540000000       3
       1       2    2.902064888   -5.781295149
       1       3    6.336323072   -2.383707312
       1       4    7.888456625   -1.277775139
 -0.691250000 -0.453750000 -0.335000000       3
       1       2    2.614097680   -6.203786961
       1       3    5.803397994   -2.784894288
       1       4    7.222404040   -1.576339647
 -0.691250000 -0.453750000 -0.210000000       3
       1       2    2.167641147   -6.719273807
       1       3    5.992214168   -2.554256361
       1       4    6.424571782   -2.304271389
  0.308750000  0.546250000 -0.085000000       3
       1       2    2.319049705   -6.457642439
       1       3    5.837149876   -2.684736854
       1       4    7.146668841   -1.814916553
  0.308750000 -0.328750000  0.040000000       3
       1       2    2.945387585   -5.745487311
       1       3    5.717169072   -2.970167316
       1       4    7.889156920   -1.262863304
  0.308750000 -0.328750000  0.165000000       3
       1       2    2.793155152   -5.985920673
       1       3    6.085229047   -2.579788795
       1       4    7.406960849   -1.411031534
  0.308750000  0.671250000  0.290000000       3
       1       2    2.747970197   -5.963173982
       1       3    5.688110854   -2.949816953
       1       4    7.804779245   -1.317133979
  0.308750000  0.671250000  0.415000000       3
       1       2    2.684887889   -6.185026730
       1       3    5.711119061   -2.819192858
       1       4    7.346564374   -1.478149407
 -0.691250000 -0.328750000 -0.460000000       3
       1       2    2.597569728   -6.237704245
       1       3    5.813838226   -2.764073418
       1       4    7.140075924   -1.604125470
 -0.691250000 -0.328750000 -0.335000000       3
       1       2    2.618772466   -6.128163812
       1       3    5.602494763   -2.964760928
       1       4    7.720847786   -1.345248537
  0.308750000 -0.328750000 -0.210000000       3
       1       2    2.718223202   -6.049608245
       1       3    5.951663539   -2.713985149
       1       4    7.322991410   -1.545099496
  0.308750000 -0.328750000 -0.085000000       3
       1       2    2.913196268   -5.901612556
       1       3    5.761461644   -2.833386530
       1       4    7.647793704   -1.271752496
  0.308750000 -0.203750000  0.040000000       3
       1       2    3.926914865   -4.965742304
       1       3    6.294595444   -2.397912502
       1       4    8.507565502   -0.770624052
  0.308750000 -0.203750000  0.165000000       3
       1       2    3.774049907   -5.139476044
       1       3    6.391787831   -2.202571311
       1       4    7.668008339   -1.118809129
  0.308750000 -0.203750000  0.290000000       3
       1       2    3.093272572   -5.717505775
       1       3    6.276418308   -2.409868389
       1       4    7.488674506   -1.562921380
  0.308750000 -0.203750000  0.415000000       3
       1       2    2.297024880   -6.515202482
       1       3    6.028157444   -2.527680034
       1       4    6.911661600   -1.940134864
 -0.691250000 -0.203750000 -0.460000000       3
       1       2    2.107725221   -6.737524728
       1       3    6.026124098   -2.547893549
       1       4    6.389025102   -2.313737906
  0.308750000 -0.203750000 -0.335000000       3
       1       2    2.706296087   -6.083847976
       1       3    5.944824631   -2.700570748
       1       4    7.253961220   -1.557218387
  0.308750000 -0.203750000 -0.210000000       3
       1       2    3.043311783   -5.678769245
       1       3    6.691743705   -2.062323239
       1       4    7.982247515   -1.166231681
  0.308750000 -0.203750000 -0.085000000       3
       1       2    3.470445534   -5.289911675
       1       3    6.933550115   -1.876137779
       1       4    8.320766594   -0.761741558
  0.308750000 -0.078750000  0.040000000       3
       1       2    4.628879523   -4.182087732
       1       3    7.965788365   -1.035277563
       1       4    9.026895367   -0.302898322
  0.308750000 -0.078750000  0.165000000       3
       1       2    5.061114996   -3.862725787
       1       3    7.304157711   -1.644366390
       1       4    8.177441957   -0.805737967
  0.308750000 -0.078750000  0.290000000       3
       1       2    4.404812566   -4.522294604
       1       3    7.274563586   -1.660943252
       1       4    7.524884017   -1.500254668
  0.308750000 -0.078750000  0.415000000       3
       1       2    3.259048663   -5.671719961
       1       3    6.763648157   -2.042421713
       1       4    7.103359675   -1.785377882
  0.308750000 -0.078750000  0.540000000       3
       1       2    2.359697380   -6.417487017
       1       3    5.870987874   -2.658985619
       1       4    7.175257486   -1.767981946
  0.308750000 -0.078750000 -0.335000000       3
       1       2    2.883941562   -5.935523352
       1       3    5.715784132   -2.867655801
       1       4    7.653321241   -1.264188043
  0.308750000 -0.078750000 -0.210000000       3
       1       2    3.473871939   -5.260488795
       1       3    6.822990629   -1.956747962
       1       4    8.324109859   -0.782619602
  0.308750000 -0.078750000 -0.085000000       3
       1       2    3.974166582   -4.737377233
       1       3    8.485810743   -0.691280504
       1       4    8.603262069   -0.632881617
  0.433750000  0.046250000  0.040000000       3
       1       2    3.401168304   -5.209181866
       1       3    8.570267044   -0.747430922
       1       4    8.876996613   -0.447187972
  0.433750000  0.046250000  0.165000000       3
       1       2    3.990313052   -4.913184816
       1       3    7.627097962   -1.296822485
       1       4    8.349877506   -0.684648133
  0.433750000  0.046250000  0.290000000       3
       1       2    4.178325419   -4.735940646
       1       3    6.959945940   -1.923159011
       1       4    7.596407733   -1.459563610
  0.433750000  0.046250000  0.415000000       3
       1       2    3.334112438   -5.609920098
       1       3    7.117457391   -1.864635824
       1       4    7.217138679   -1.765889856
  0.433750000  0.046250000  0.540000000       3
       1       2    2.265939354   -6.515685168
       1       3    6.615256324   -2.015974891
       1       4    7.049166539   -1.947839199
 -0.566250000  0.046250000 -0.335000000       3
       1       2    2.293427869   -6.474864791
       1       3    5.818087873   -2.686831671
       1       4    7.337526284   -1.673850637
  0.433750000  0.046250000 -0.210000000       3
       1       2    2.848609070   -5.832956602
       1       3    6.191877610   -2.516713228
       1       4    7.934708829   -1.231623024
  0.433750000  0.046250000 -0.085000000       3
       1       2    3.030329390   -5.627907173
       1       3    7.701129041   -1.227760773
       1       4    8.575643916   -0.631488473
  0.433750000  0.171250000  0.040000000       3
       1       2    3.988022471   -4.921054154
       1       3    7.573475664   -1.329021763
       1       4    8.268723194   -0.776517260
  0.433750000  0.171250000  0.165000000       3
       1       2    4.600449740   -4.389928747
       1       3    7.015249907   -1.712063202
       1       4    8.980812717   -0.382729517
  0.433750000  0.171250000  0.290000000       3
       1       2    4.724439505   -4.296579219
       1       3    6.826319054   -1.921901188
       1       4    8.371841777   -0.866729804
  0.433750000  0.171250000  0.415000000       3
       1       2    4.052357559   -4.861704216
       1       3    6.917135892   -1.945320955
       1       4    7.673750236   -1.412022194
  0.433750000  0.171250000  0.540000000       3
       1       2    3.136104508   -5.772003342
       1       3    6.371465837   -2.193883563
       1       4    7.096417117   -1.638998602
  0.433750000  0.171250000  0.665000000       3
       1       2    2.259850077   -6.626247875
       1       3    5.981048480   -2.590985611
       1       4    6.582484187   -2.124995724
  0.433750000  0.171250000 -0.210000000       3
       1       2    2.730721076   -6.178564887
       1       3    5.850430650   -2.679322363
       1       4    7.015309411   -1.733978599
  0.433750000  0.171250000 -0.085000000       3
       1       2    3.413353449   -5.472407196
       1       3    6.632257234   -2.186791383
       1       4    7.785590629   -1.170422175
  0.433750000  0.296250000  0.040000000       3
       1       2    4.112794204   -4.804510894
       1       3    6.947867234   -1.942034236
       1       4    7.553751698   -1.498154226
  0.433750000  0.296250000  0.165000000       3
       1       2    4.699988332   -4.295888122
       1       3    6.840557822   -1.968233003
       1       4    8.269064762   -0.874050591
  0.433750000  0.296250000  0.290000000       3
       1       2    4.344057164   -4.564461572
       1       3    7.338460857   -1.495101246
       1       4    8.969328863   -0.387688462
  0.433750000  0.296250000  0.415000000       3
       1       2    3.735519846   -5.110947629
       1       3    7.864398173   -1.104388249
       1       4    8.354017876   -0.773749095
  0.433750000  0.296250000  0.540000000       3
       1       2    3.256587692   -5.536980579
       1       3    6.645163513   -2.174176549
       1       4    7.903784968   -1.106525091
  0.433750000  0.296250000  0.665000000       3
       1       2    2.678283360   -6.215403409
       1       3    5.778849958   -2.755937952
       1       4    7.162459810   -1.597241085
  0.433750000  0.296250000 -0.210000000       3
       1       2    2.209095936   -6.637282465
       1       3    6.028800792   -2.550122099
       1       4    6.704274278   -2.054806538
  0.433750000  0.296250000 -0.085000000       3
       1       2    3.117663850   -5.798211940
       1       3    6.555023239   -2.126636861
       1       4    7.086688085   -1.714417383
  0.433750000  0.421250000  0.040000000       3
       1       2    3.227181755   -5.716682780
       1       3    7.120449301   -1.861823987
       1       4    7.200669687   -1.782488296
  0.433750000  0.421250000  0.165000000       3
       1       2    3.998533588   -4.915037190
       1       3    6.877979264   -1.984846613
       1       4    7.631641656   -1.454717144
  0.433750000  0.421250000  0.290000000       3
       1       2    3.737422337   -5.132754096
       1       3    7.772448298   -1.151422619
       1       4    8.292182746   -0.824286156
  0.433750000  0.421250000  0.415000000       3
       1       2    3.191758453   -5.415121976
       1       3    8.764992599   -0.560415833
       1       4    8.830507051   -0.495089670
  0.433750000  0.421250000  0.540000000       3
       1       2    2.908356692   -5.757189005
       1       3    7.700294983   -1.128559630
       1       4    8.596182197   -0.611361905
 -0.566250000 -0.578750000 -0.335000000       3
       1       2    2.826033363   -5.848174915
       1       3    6.205444762   -2.497085265
       1       4    7.942388874   -1.235421120
 -0.566250000 -0.578750000 -0.210000000       3
       1       2    2.302441676   -6.455308785
       1       3    5.917416148   -2.585400677
       1       4    7.376170744   -1.640969753
  0.433750000  0.421250000 -0.085000000       3
       1       2    2.163065861   -6.661639565
       1       3    6.739718580   -1.982375964
       1       4    7.108756561   -1.892837775
  0.433750000  0.546250000  0.040000000       3
       1       2    2.171230932   -6.589024623
       1       3    6.558613921   -2.017217951
       1       4    7.076562666   -1.926933983
  0.433750000  0.546250000  0.165000000       3
       1       2    3.055573830   -5.855163889
       1       3    6.373297274   -2.186983696
       1       4    7.022836110   -1.717684758
  0.433750000  0.546250000  0.290000000       3
       1       2    3.246480741   -5.561286158
       1       3    6.540904760   -2.214907320
       1       4    7.822377285   -1.103360460
  0.433750000  0.546250000  0.415000000       3
       1       2    2.916044704   -5.755861222
       1       3    7.564397157   -1.218073111
       1       4    8.555094611   -0.638792970
 -0.566250000 -0.453750000 -0.460000000       3
       1       2    2.811086834   -5.848740752
       1       3    7.783239219   -1.013709136
       1       4    8.547498670   -0.653478917
 -0.566250000 -0.453750000 -0.335000000       3
       1       2    3.030580808   -5.659300557
       1       3    6.693759572   -2.096251605
       1       4    7.973101561   -1.085135717
 -0.566250000 -0.453750000 -0.210000000       3
       1       2    2.997568545   -5.896045426
       1       3    6.189064403   -2.389893408
       1       4    7.134681213   -1.595149922
 -0.566250000 -0.453750000 -0.085000000       3
       1       2    2.206903823   -6.529457164
       1       3    6.594111279   -2.043215464
       1       4    6.844039746   -2.038757893
 -0.566250000 -0.328750000  0.040000000       3
       1       2    2.360419326   -6.402847810
       1       3    5.806014649   -2.702404618
       1       4    7.390035834   -1.622929261
  0.433750000  0.671250000  0.165000000       3
       1       2    2.220490244   -6.641334791
       1       3    5.950243246   -2.635543452
       1       4    6.610467127   -2.089565454
  0.433750000  0.671250000  0.290000000       3
       1       2    2.624526700   -6.275895346
       1       3    5.767493728   -2.760613745
       1       4    7.080144551   -1.679373943
 -0.566250000 -0.328750000 -0.585000000       3
       1       2    2.810207066   -5.865614118
       1       3    6.119540462   -2.580245085
       1       4    7.893059647   -1.281361667
 -0.566250000 -0.328750000 -0.460000000       3
       1       2    3.027217129   -5.662855671
       1       3    6.649771868   -2.146939801
       1       4    7.914988485   -1.112659584
 -0.566250000 -0.328750000 -0.335000000       3
       1       2    3.393562137   -5.281628396
       1       3    6.106355725   -2.596546703
       1       4    8.328722684   -0.852841765
 -0.566250000 -0.328750000 -0.210000000       3
       1       2    3.436163370   -5.474196685
       1       3    5.985900013   -2.542793420
       1       4    7.731194149   -1.046240647
 -0.566250000 -0.328750000 -0.085000000       3
       1       2    2.946971201   -5.909883018
       1       3    6.137661810   -2.480605867
       1       4    7.339319098   -1.402252665
  0.433750000 -0.203750000  0.040000000       3
       1       2    2.858774835   -5.821707537
       1       3    6.287589081   -2.420757954
       1       4    7.999290165   -1.168995566
  0.433750000 -0.203750000  0.165000000       3
       1       2    2.786302626   -6.116003671
       1       3    5.864493437   -2.671580998
       1       4    7.098551586   -1.653003072
  0.433750000 -0.203750000  0.290000000       3
       1       2    2.266996227   -6.605607990
       1       3    6.072783184   -2.504400892
       1       4    6.665725113   -2.068530364
 -0.566250000 -0.203750000 -0.585000000       3
       1       2    2.227061239   -6.534823019
       1       3    5.936956852   -2.564838441
       1       4    7.342115059   -1.674800511
 -0.566250000 -0.203750000 -0.460000000       3
       1       2    2.938422981   -5.934815595
       1       3    6.191046955   -2.389195745
       1       4    7.110545072   -1.643667520
 -0.566250000 -0.203750000 -0.335000000       3
       1       2    3.415110400   -5.500958677
       1       3    6.006589683   -2.518278837
       1       4    7.638442324   -1.128266291
 -0.566250000 -0.203750000 -0.210000000       3
       1       2    3.238436555   -5.439655875
       1       3    6.398108788   -2.306242721
       1       4    8.358731976   -0.822282306
 -0.566250000 -0.203750000 -0.085000000       3
       1       2    2.921207537   -5.758545357
       1       3    6.959302096   -1.851779258
       1       4    8.110334289   -0.935791742
  0.433750000 -0.078750000  0.040000000       3
       1       2    3.022051132   -5.622606582
       1       3    7.840680735   -1.194032878
       1       4    8.623305421   -0.617531621
  0.433750000 -0.078750000  0.165000000       3
       1       2    3.429172041   -5.460596989
       1       3    6.730722282   -2.137236009
       1       4    7.860860289   -1.157446543
  0.433750000 -0.078750000  0.290000000       3
       1       2    3.206759198   -5.705618383
       1       3    6.546763275   -2.127184748
       1       4    7.153624761   -1.638138804
  0.433750000 -0.078750000  0.415000000       3
       1       2    2.263880089   -6.583887519
       1       3    6.790450522   -1.983462603
       1       4    7.099238825   -1.898293215
 -0.566250000 -0.078750000 -0.460000000       3
       1       2    2.109642681   -6.621061435
       1       3    6.627822353   -2.026491869
       1       4    6.862727414   -2.008459259
 -0.566250000 -0.078750000 -0.335000000       3
       1       2    2.897465354   -5.937977922
       1       3    6.114443968   -2.486813206
       1       4    7.323512329   -1.459852575
 -0.566250000 -0.078750000 -0.210000000       3
       1       2    2.921823465   -5.753967979
       1       3    6.887240176   -1.911596982
       1       4    8.067622227   -0.992866422
  0.433750000 -0.078750000 -0.085000000       3
       1       2    2.798686511   -5.824274073
       1       3    8.174697643   -0.848153614
       1       4    8.614373098   -0.639666923
 -0.441250000  0.046250000  0.040000000       3
       1       2    2.836605409   -5.753653728
       1       3    8.600633815   -0.704422097
       1       4    8.712069245   -0.608409542
  0.558750000  0.046250000  0.165000000       3
       1       2    2.845420417   -5.824327910
       1       3    7.310992568   -1.449583830
       1       4    8.320115336   -0.812557701
  0.558750000  0.046250000  0.290000000       3
       1       2    2.916684408   -5.791307590
       1       3    6.152019447   -2.540291562
       1       4    7.622321924   -1.448145624
  0.558750000  0.046250000  0.415000000       3
       1       2    2.276700427   -6.472427869
       1       3    6.347266668   -2.179090633
       1       4    7.116629591   -1.892179058
 -0.441250000  0.046250000 -0.460000000       3
       1       2    2.096226352   -6.793864884
       1       3    6.956434712   -1.979564702
       1       4    7.059238859   -1.926777561
 -0.441250000  0.046250000 -0.335000000       3
       1       2    3.112396071   -5.816172412
       1       3    6.750343036   -2.166478109
       1       4    7.176573784   -1.780383606
 -0.441250000  0.046250000 -0.210000000       3
       1       2    3.573872194   -5.332769060
       1       3    6.696858975   -2.153978750
       1       4    7.737802122   -1.310994973
 -0.441250000  0.046250000 -0.085000000       3
       1       2    3.187214958   -5.480129608
       1       3    7.823680131   -1.306884966
       1       4    8.483594232   -0.734763850
  0.558750000  0.171250000  0.040000000       3
       1       2    2.850164580   -5.819958716
       1       3    7.205893122   -1.527502008
       1       4    8.287998138   -0.861849054
  0.558750000  0.171250000  0.165000000       3
       1       2    3.072253341   -5.606796351
       1       3    6.906664127   -1.799436058
       1       4    8.445916139   -0.733702637
  0.558750000  0.171250000  0.290000000       3
       1       2    3.389966993   -5.426516509
       1       3    6.184536839   -2.427369708
       1       4    7.809073788   -1.083353649
  0.558750000  0.171250000  0.415000000       3
       1       2    3.095636094   -5.823118793
       1       3    6.288526657   -2.238736246
       1       4    6.994213792   -1.757808917
  0.558750000  0.171250000  0.540000000       3
       1       2    2.294323695   -6.452211070
       1       3    6.149556325   -2.354926107
       1       4    7.265106564   -1.751567588
 -0.441250000  0.171250000 -0.335000000       3
       1       2    2.140288040   -6.646459564
       1       3    6.203800075   -2.334097276
       1       4    6.807777044   -2.105070604
 -0.441250000  0.171250000 -0.210000000       3
       1       2    2.818107541   -6.094138235
       1       3    6.000352597   -2.537039094
       1       4    6.951456813   -1.790051172
 -0.441250000  0.171250000 -0.085000000       3
       1       2    2.921927772   -5.773324013
       1       3    6.329279855   -2.388959614
       1       4    7.893647062   -1.227459996
  0.558750000  0.296250000  0.040000000       3
       1       2    2.880431411   -5.829693077
       1       3    6.100471177   -2.550212229
       1       4    7.601588868   -1.471245071
  0.558750000  0.296250000  0.165000000       3
       1       2    3.373457869   -5.468491689
       1       3    6.190965588   -2.410705428
       1       4    7.722188517   -1.125727865
  0.558750000  0.296250000  0.290000000       3
       1       2    3.587020765   -5.098355580
       1       3    5.929461825   -2.765973142
       1       4    8.346289126   -0.842500795
  0.558750000  0.296250000  0.415000000       3
       1       2    3.251795215   -5.498941559
       1       3    6.403956285   -2.298571122
       1       4    7.873672652   -1.130037004
  0.558750000  0.296250000  0.540000000       3
       1       2    2.863248881   -5.811139981
       1       3    6.172511169   -2.526759443
       1       4    7.792600299   -1.369868151
 -0.441250000 -0.703750000 -0.335000000       3
       1       2    2.539425406   -6.283044414
       1       3    5.745365998   -2.791562604
       1       4    7.228832708   -1.636872784
 -0.441250000 -0.703750000 -0.210000000       3
       1       2    2.201679648   -6.666105752
       1       3    5.934442145   -2.620733097
       1       4    6.484419763   -2.235655425
  0.558750000  0.296250000 -0.085000000       3
       1       2    2.399562836   -6.382179838
       1       3    5.757161529   -2.759316004
       1       4    7.232798260   -1.738197122
  0.558750000  0.421250000  0.040000000       3
       1       2    2.181976443   -6.565853500
       1       3    6.377278784   -2.145636560
       1       4    7.121187094   -1.892722700
  0.558750000  0.421250000  0.165000000       3
       1       2    3.029975971   -5.887935007
       1       3    6.320598520   -2.214230340
       1       4    6.949623456   -1.804770981
  0.558750000  0.421250000  0.290000000       3
       1       2    3.241266475   -5.545832686
       1       3    6.391353142   -2.289209184
       1       4    7.796496437   -1.123202716
  0.558750000  0.421250000  0.415000000       3
       1       2    2.931667731   -5.746779602
       1       3    7.308341604   -1.414967414
       1       4    8.497398136   -0.686328444
 -0.441250000 -0.578750000 -0.460000000       3
       1       2    2.827354749   -5.844755699
       1       3    7.517198229   -1.216606434
       1       4    8.464975087   -0.715083654
 -0.441250000 -0.578750000 -0.335000000       3
       1       2    3.031803080   -5.664985727
       1       3    6.529669017   -2.215090476
       1       4    7.938771243   -1.145078408
 -0.441250000 -0.578750000 -0.210000000       3
       1       2    2.975612688   -5.933352176
       1       3    6.149192147   -2.402230801
       1       4    7.043594087   -1.688609471
 -0.441250000 -0.578750000 -0.085000000       3
       1       2    2.212767197   -6.537263173
       1       3    6.416990028   -2.131176394
       1       4    6.886522012   -2.059822581
 -0.441250000 -0.453750000  0.040000000       3
       1       2    2.199202797   -6.711322060
       1       3    6.988180361   -1.977865775
       1       4    7.072375284   -1.911856711
  0.558750000  0.546250000  0.165000000       3
       1       2    2.206455223   -6.544499263
       1       3    6.176284843   -2.333026592
       1       4    7.253249352   -1.763341185
  0.558750000  0.546250000  0.290000000       3
       1       2    2.836469587   -5.846616761
       1       3    6.102734032   -2.570860274
       1       4    7.759974843   -1.379113585
 -0.441250000 -0.453750000 -0.585000000       3
       1       2    2.834171476   -5.838648434
       1       3    7.393810359   -1.332287929
       1       4    8.432450024   -0.749865362
 -0.441250000 -0.453750000 -0.460000000       3
       1       2    2.938132395   -5.658154680
       1       3    8.755094204   -0.570379380
       1       4    8.782429339   -0.543107714
 -0.441250000 -0.453750000 -0.335000000       3
       1       2    3.377674485   -5.328926483
       1       3    7.972354473   -1.165888941
       1       4    8.424155858   -0.816691752
 -0.441250000 -0.453750000 -0.210000000       3
       1       2    3.778142577   -5.134877405
       1       3    6.819650219   -2.036764654
       1       4    7.750091347   -1.338009176
 -0.441250000 -0.453750000 -0.085000000       3
       1       2    3.243649734   -5.690722761
       1       3    6.904775654   -2.053310807
       1       4    7.248428494   -1.737352953
 -0.441250000 -0.328750000  0.040000000       3
       1       2    3.209982966   -5.717188128
       1       3    6.735227125   -2.190505114
       1       4    7.228084171   -1.743557776
 -0.441250000 -0.328750000  0.165000000       3
       1       2    2.216163480   -6.583813409
       1       3    6.258220066   -2.298914916
       1       4    6.762908889   -2.105254935
 -0.441250000 -0.328750000 -0.710000000       3
       1       2    2.483759187   -6.348124434
       1       3    5.740053079   -2.787136261
       1       4    7.149780349   -1.714451232
 -0.441250000 -0.328750000 -0.585000000       3
       1       2    3.025594211   -5.694221383
       1       3    6.423099099   -2.298554102
       1       4    7.855503873   -1.168729902
 -0.441250000 -0.328750000 -0.460000000       3
       1       2    3.382313545   -5.378866694
       1       3    7.841237255   -1.207560200
       1       4    8.380842343   -0.808222374
 -0.441250000 -0.328750000 -0.335000000       3
       1       2    3.920056528   -4.789829037
       1       3    7.748184177   -1.378558596
       1       4    8.921923445   -0.407607276
 -0.441250000 -0.328750000 -0.210000000       3
       1       2    4.464724126   -4.492036100
       1       3    6.966363129   -1.907472665
       1       4    8.337065110   -0.759032612
 -0.441250000 -0.328750000 -0.085000000       3
       1       2    4.188517771   -4.728013396
       1       3    6.952344103   -1.965188926
       1       4    7.493458488   -1.470454063
 -0.441250000 -0.203750000  0.040000000       3
       1       2    3.600370991   -5.302917406
       1       3    6.781045877   -2.075688456
       1       4    7.799701726   -1.269038903
 -0.441250000 -0.203750000  0.165000000       3
       1       2    2.880088940   -6.026186293
       1       3    6.011762088   -2.533407854
       1       4    7.034214874   -1.706206445
 -0.441250000 -0.203750000 -0.710000000       3
       1       2    2.190148234   -6.659404511
       1       3    5.925123213   -2.640166557
       1       4    6.492941494   -2.217383005
 -0.441250000 -0.203750000 -0.585000000       3
       1       2    2.905485397   -6.004328845
       1       3    6.142459100   -2.403139194
       1       4    6.963411122   -1.774385951
 -0.441250000 -0.203750000 -0.460000000       3
       1       2    3.740471855   -5.169093058
       1       3    6.752592041   -2.100460377
       1       4    7.699532285   -1.386211132
 -0.441250000 -0.203750000 -0.335000000       3
       1       2    4.448156854   -4.497981734
       1       3    6.966863294   -1.921635835
       1       4    8.240208780   -0.811815591
 -0.441250000 -0.203750000 -0.210000000       3
       1       2    4.732011679   -4.301945675
       1       3    6.696382360   -1.991065052
       1       4    8.949213005   -0.415972855
 -0.441250000 -0.203750000 -0.085000000       3
       1       2    4.242509652   -4.673173900
       1       3    7.216670168   -1.717630129
       1       4    8.336596615   -0.671014685
 -0.441250000 -0.078750000  0.040000000       3
       1       2    3.179878561   -5.453712787
       1       3    7.963841088   -1.267685996
       1       4    8.530055470   -0.748681910
 -0.441250000 -0.078750000  0.165000000       3
       1       2    2.928297857   -5.760229945
       1       3    6.434016806   -2.292157216
       1       4    7.973079537   -1.161798053
  0.558750000 -0.078750000  0.290000000       3
       1       2    2.460011001   -6.312105863
       1       3    5.755565816   -2.767614244
       1       4    7.304092198   -1.676287395
 -0.441250000 -0.078750000 -0.585000000       3
       1       2    2.126406383   -6.618785116
       1       3    6.358681525   -2.173613976
       1       4    6.928413326   -2.047792706
 -0.441250000 -0.078750000 -0.460000000       3
       1       2    3.140910489   -5.794711521
       1       3    6.918822677   -2.042689133
       1       4    7.213285064   -1.770927630
 -0.441250000 -0.078750000 -0.335000000       3
       1       2    4.114597643   -4.809292208
       1       3    6.971438084   -1.948349754
       1       4    7.441045706   -1.527824095
 -0.441250000 -0.078750000 -0.210000000       3
       1       2    4.232989160   -4.685028682
       1       3    7.197905872   -1.737190778
       1       4    8.244574817   -0.758932876
 -0.441250000 -0.078750000 -0.085000000       3
       1       2    3.650665476   -4.973829626
       1       3    8.118808277   -1.158635185
       1       4    8.900767620   -0.419680604
 -0.316250000  0.046250000  0.040000000       3
       1       2    4.238445765   -4.387505016
       1       3    8.783883024   -0.534612524
       1       4    8.898771923   -0.412552138
 -0.316250000  0.046250000  0.165000000       3
       1       2    3.689320244   -5.022149545
       1       3    7.247930663   -1.522115542
       1       4    8.659058532   -0.497367118
 -0.316250000  0.046250000  0.290000000       3
       1       2    3.141930314   -5.549219419
       1       3    5.845443734   -2.845516941
       1       4    8.014519615   -1.132158329
 -0.316250000  0.046250000 -0.585000000       3
       1       2    2.430894190   -6.340452844
       1       3    5.699023981   -2.813430261
       1       4    7.467831834   -1.548996982
 -0.316250000  0.046250000 -0.460000000       3
       1       2    3.068596195   -5.765636963
       1       3    6.513024616   -2.184215221
       1       4    7.241614810   -1.709748327
 -0.316250000  0.046250000 -0.335000000       3
       1       2    4.275812504   -4.665309216
       1       3    7.346563599   -1.629538028
       1       4    7.443540729   -1.545588125
 -0.316250000  0.046250000 -0.210000000       3
       1       2    5.183202357   -3.740149757
       1       3    7.489145230   -1.450214640
       1       4    7.941856264   -1.072207474
 -0.316250000  0.046250000 -0.085000000       3
       1       2    4.925926847   -3.993459798
       1       3    8.109905951   -0.868447534
       1       4    8.787640797   -0.241941420
 -0.316250000  0.171250000  0.040000000       3
       1       2    3.694589071   -5.012731481
       1       3    7.121478773   -1.609486465
       1       4    8.656943938   -0.524931073
 -0.316250000  0.171250000  0.165000000       3
       1       2    3.206257978   -5.560053227
       1       3    7.216488776   -1.571340739
       1       4    8.148933578   -0.983477605
 -0.316250000  0.171250000  0.290000000       3
       1       2    2.872494474   -5.878168627
       1       3    6.212785247   -2.484501992
       1       4    7.545001020   -1.343578572
  0.683750000  0.171250000  0.415000000       3
       1       2    2.334440978   -6.518756812
       1       3    5.871109255   -2.698282901
       1       4    6.700243585   -2.011224655
 -0.316250000  0.171250000 -0.460000000       3
       1       2    2.121702118   -6.741432032
       1       3    6.251495328   -2.317928426
       1       4    6.557299429   -2.202731992
 -0.316250000  0.171250000 -0.335000000       3
       1       2    3.029923611   -5.750990734
       1       3    6.355013487   -2.263774213
       1       4    7.374150998   -1.663063996
 -0.316250000  0.171250000 -0.210000000       3
       1       2    3.856010313   -5.059218208
       1       3    6.605373017   -2.118399499
       1       4    7.507141274   -1.358944158
 -0.316250000  0.171250000 -0.085000000       3
       1       2    4.148548451   -4.843473603
       1       3    6.471215755   -2.189218790
       1       4    8.375467747   -0.828601284
 -0.316250000  0.296250000  0.040000000       3
       1       2    3.115565163   -5.566147972
       1       3    5.785630956   -2.910170950
       1       4    8.005636207   -1.156975430
 -0.316250000  0.296250000  0.165000000       3
       1       2    2.866338735   -5.907636973
       1       3    6.175745047   -2.503279763
       1       4    7.498914117   -1.341017548
  0.683750000  0.296250000  0.290000000       3
       1       2    2.705257265   -6.005388195
       1       3    5.750343608   -2.881924909
       1       4    7.782593458   -1.333967249
  0.683750000  0.296250000  0.415000000       3
       1       2    2.582510956   -6.294836517
       1       3    5.698897838   -2.819783879
       1       4    7.190695046   -1.638318442
 -0.316250000 -0.703750000 -0.460000000       3
       1       2    2.484074489   -6.370190484
       1       3    5.792553976   -2.761459536
       1       4    6.970865474   -1.774262737
 -0.316250000 -0.703750000 -0.335000000       3
       1       2    2.566094726   -6.185872724
       1       3    5.645139710   -2.909034393
       1       4    7.661303565   -1.392801328
 -0.316250000  0.296250000 -0.210000000       3
       1       2    2.787285758   -5.978141314
       1       3    6.036474395   -2.636911308
       1       4    7.403038227   -1.480126227
 -0.316250000  0.296250000 -0.085000000       3
       1       2    3.081987831   -5.711700133
       1       3    5.830125405   -2.785323070
       1       4    7.763677118   -1.194381075
 -0.316250000 -0.578750000  0.040000000       3
       1       2    2.438128173   -6.323657986
       1       3    5.729173564   -2.790242490
       1       4    7.476570497   -1.548930074
  0.683750000  0.421250000  0.165000000       3
       1       2    2.287500010   -6.560448306
       1       3    5.872393319   -2.701012282
       1       4    6.692508002   -2.020159262
  0.683750000  0.421250000  0.290000000       3
       1       2    2.562231570   -6.327183391
       1       3    5.720850529   -2.798661976
       1       4    7.099904021   -1.706072851
 -0.316250000 -0.578750000 -0.585000000       3
       1       2    2.768094463   -5.917929625
       1       3    5.970577996   -2.700808038
       1       4    7.829333384   -1.319825198
 -0.316250000 -0.578750000 -0.460000000       3
       1       2    3.012908127   -5.721143153
       1       3    6.435835074   -2.297204688
       1       4    7.748871879   -1.166086162
 -0.316250000 -0.578750000 -0.335000000       3
       1       2    3.352901631   -5.318048820
       1       3    5.948116113   -2.753552457
       1       4    8.239793393   -0.938966156
 -0.316250000 -0.578750000 -0.210000000       3
       1       2    3.327215868   -5.530805901
       1       3    5.952277147   -2.614424179
       1       4    7.771259633   -1.074672616
 -0.316250000 -0.578750000 -0.085000000       3
       1       2    2.890924288   -5.909444576
       1       3    6.103526495   -2.548650659
       1       4    7.419709020   -1.402681797
 -0.316250000 -0.453750000  0.040000000       3
       1       2    3.175933498   -5.695609969
       1       3    6.579639863   -2.219309884
       1       4    7.271588503   -1.712015045
 -0.316250000 -0.453750000  0.165000000       3
       1       2    2.206096394   -6.646608904
       1       3    6.281938289   -2.288456975
       1       4    6.604209558   -2.174979062
 -0.316250000 -0.453750000 -0.710000000       3
       1       2    2.445548812   -6.406308950
       1       3    5.775871878   -2.764387295
       1       4    6.974215720   -1.815730307
 -0.316250000 -0.453750000 -0.585000000       3
       1       2    3.010525620   -5.743485528
       1       3    6.372723990   -2.334831793
       1       4    7.722506994   -1.174736968
 -0.316250000 -0.453750000 -0.460000000       3
       1       2    3.391231488   -5.410175279
       1       3    7.632335684   -1.281329887
       1       4    8.275950304   -0.871678634
 -0.316250000 -0.453750000 -0.335000000       3
       1       2    3.930140144   -4.830373289
       1       3    7.474340232   -1.479511179
       1       4    8.862002695   -0.446119216
 -0.316250000 -0.453750000 -0.210000000       3
       1       2    4.432281061   -4.557421226
       1       3    6.771904559   -2.001537987
       1       4    8.380604551   -0.812357147
 -0.316250000 -0.453750000 -0.085000000       3
       1       2    4.107650916   -4.807550654
       1       3    6.845132007   -2.003228917
       1       4    7.523176689   -1.433387864
 -0.316250000 -0.328750000  0.040000000       3
       1       2    4.398707112   -4.548039880
       1       3    7.402773925   -1.578307673
       1       4    7.475952980   -1.511637404
 -0.316250000 -0.328750000  0.165000000       3
       1       2    3.133716264   -5.671913912
       1       3    6.423613916   -2.245549065
       1       4    7.387333984   -1.658266964
 -0.316250000 -0.328750000 -0.710000000       3
       1       2    2.553796553   -6.191700764
       1       3    5.672556185   -2.888873739
       1       4    7.652072913   -1.408318567
 -0.316250000 -0.328750000 -0.585000000       3
       1       2    3.327510067   -5.341881158
       1       3    5.880526951   -2.819605534
       1       4    8.215156740   -0.963922186
 -0.316250000 -0.328750000 -0.460000000       3
       1       2    3.934132183   -4.858611829
       1       3    7.340493615   -1.516948422
       1       4    8.848170073   -0.451858907
 -0.316250000 -0.328750000 -0.335000000       3
       1       2    4.528107406   -4.155364734
       1       3    8.940806160   -0.392907880
       1       4    9.036132338   -0.297445505
 -0.316250000 -0.328750000 -0.210000000       3
       1       2    5.235612125   -3.712511486
       1       3    8.428222702   -0.646790950
       1       4    8.619260307   -0.478611273
 -0.316250000 -0.328750000 -0.085000000       3
       1       2    5.421502952   -3.626736840
       1       3    7.705110110   -1.268955973
       1       4    7.907670747   -1.184622155
 -0.316250000 -0.203750000  0.040000000       3
       1       2    5.257362897   -3.677900050
       1       3    7.551966888   -1.383580826
       1       4    7.992616623   -1.037393411
 -0.316250000 -0.203750000  0.165000000       3
       1       2    3.957513703   -4.960415919
       1       3    6.631077352   -2.117978766
       1       4    7.554015700   -1.320703433
 -0.316250000 -0.203750000  0.290000000       3
       1       2    2.827904505   -5.954312422
       1       3    6.070428297   -2.593682544
       1       4    7.381536221   -1.468254057
 -0.316250000 -0.203750000 -0.585000000       3
       1       2    3.253775583   -5.593414097
       1       3    5.961401094   -2.616237843
       1       4    7.703580763   -1.155178702
 -0.316250000 -0.203750000 -0.460000000       3
       1       2    4.392120580   -4.596660066
       1       3    6.690098341   -2.024167229
       1       4    8.303238070   -0.849335721
 -0.316250000 -0.203750000 -0.335000000       3
       1       2    5.229662574   -3.709083209
       1       3    8.297243374   -0.736315592
       1       4    8.585959357   -0.486401897
 -0.316250000 -0.203750000 -0.210000000       3
       1       2    5.963120041   -3.046387220
       1       3    8.076764607   -0.889830543
       1       4    9.458098374    0.091445819
 -0.316250000 -0.203750000 -0.085000000       3
       1       2    6.120200656   -3.029789910
       1       3    7.819073621   -1.088861825
       1       4    8.810404921   -0.444701320
 -0.316250000 -0.078750000  0.040000000       3
       1       2    4.927868559   -3.986267051
       1       3    8.243471456   -0.790584972
       1       4    8.829817770   -0.218982598
 -0.316250000 -0.078750000  0.165000000       3
       1       2    4.181966598   -4.809430241
       1       3    6.552848595   -2.149083035
       1       4    8.451212463   -0.832606323
 -0.316250000 -0.078750000  0.290000000       3
       1       2    3.145674771   -5.635238834
       1       3    5.816247597   -2.806757624
       1       4    7.827991602   -1.156577771
 -0.316250000 -0.078750000 -0.585000000       3
       1       2    2.829829436   -5.940679895
       1       3    6.054172666   -2.608085536
       1       4    7.445784248   -1.438259734
 -0.316250000 -0.078750000 -0.460000000       3
       1       2    3.999551836   -4.915005037
       1       3    6.806114622   -2.005001240
       1       4    7.487822897   -1.457461650
 -0.316250000 -0.078750000 -0.335000000       3
       1       2    5.335725761   -3.700799858
       1       3    7.655469168   -1.319657515
       1       4    7.863108245   -1.217589661
 -0.316250000 -0.078750000 -0.210000000       3
       1       2    6.090735338   -3.082591691
       1       3    7.820764935   -1.143522759
       1       4    8.699556521   -0.520353375
 -0.316250000 -0.078750000 -0.085000000       3
       1       2    5.660016516   -3.333240451
       1       3    8.381781243   -0.706447781
       1       4    9.386694373    0.020082953
 -0.191250000  0.046250000  0.040000000       3
       1       2    6.453535871   -2.575764234
       1       3    9.139816139   -0.226321961
       1       4    9.368277352    0.005250117
 -0.191250000  0.046250000  0.165000000       3
       1       2    5.575336101   -3.433625859
       1       3    7.579147405   -1.156053510
       1       4    9.203389001   -0.149029338
 -0.191250000  0.046250000  0.290000000       3
       1       2    4.254686769   -4.751091649
       1       3    6.468624840   -2.222033677
       1       4    8.636541181   -0.701574743
 -0.191250000  0.046250000  0.415000000       3
       1       2    2.964373736   -5.718814152
       1       3    6.339856622   -2.368745485
       1       4    8.097223149   -1.071484509
 -0.191250000  0.046250000 -0.460000000       3
       1       2    3.345477424   -5.489149762
       1       3    6.724287014   -2.101572034
       1       4    7.849689149   -1.232932197
 -0.191250000  0.046250000 -0.335000000       3
       1       2    4.958475495   -3.957226098
       1       3    7.407736378   -1.507606101
       1       4    7.999583788   -1.027219203
 -0.191250000  0.046250000 -0.210000000       3
       1       2    6.589633098   -2.689079826
       1       3    8.240084948   -0.879312325
       1       4    8.359436822   -0.767923336
 -0.191250000  0.046250000 -0.085000000       3
       1       2    7.128041689   -2.042182463
       1       3    8.625919320   -0.555740023
       1       4    9.274950600    0.028007477
 -0.191250000  0.171250000  0.040000000       3
       1       2    5.549031317   -3.468837874
       1       3    7.469816719   -1.241168907
       1       4    9.215759344   -0.145886008
 -0.191250000  0.171250000  0.165000000       3
       1       2    4.873710804   -4.041700635
       1       3    7.826461297   -1.035705330
       1       4    8.178848344   -0.908121092
 -0.191250000  0.171250000  0.290000000       3
       1       2    4.030904515   -4.884281330
       1       3    6.620569056   -2.128846287
       1       4    7.772316768   -1.097368948
 -0.191250000  0.171250000  0.415000000       3
       1       2    2.989452695   -5.922883754
       1       3    5.946208675   -2.583768970
       1       4    7.183696724   -1.568072289
 -0.191250000  0.171250000 -0.460000000       3
       1       2    2.752155610   -6.137758629
       1       3    5.937215384   -2.619866014
       1       4    7.044710228   -1.688299474
 -0.191250000  0.171250000 -0.335000000       3
       1       2    3.790145753   -5.130713644
       1       3    6.441069785   -2.145492461
       1       4    7.502307484   -1.280809870
 -0.191250000  0.171250000 -0.210000000       3
       1       2    4.763450761   -4.151783149
       1       3    7.496862743   -1.373150226
       1       4    7.997869912   -1.078241750
 -0.191250000  0.171250000 -0.085000000       3
       1       2    5.500371097   -3.506692036
       1       3    7.496805135   -1.261964861
       1       4    8.920733028   -0.362805557
 -0.191250000  0.296250000  0.040000000       3
       1       2    4.163893865   -4.793733884
       1       3    6.463216596   -2.235831005
       1       4    8.633826348   -0.693412576
 -0.191250000  0.296250000  0.165000000       3
       1       2    4.011264616   -4.906923868
       1       3    6.550493031   -2.124574722
       1       4    7.779775031   -1.055707537
 -0.191250000  0.296250000  0.290000000       3
       1       2    3.293567400   -5.545725845
       1       3    6.416692441   -2.320422536
       1       4    7.510432072   -1.552954533
 -0.191250000  0.296250000  0.415000000       3
       1       2    2.434696287   -6.407421284
       1       3    6.130330526   -2.434462573
       1       4    6.830840837   -1.970281263
 -0.191250000 -0.703750000 -0.460000000       3
       1       2    2.056333663   -6.720471487
       1       3    5.984678769   -2.628882113
       1       4    6.427506432   -2.236619864
 -0.191250000  0.296250000 -0.335000000       3
       1       2    2.757378952   -6.070521513
       1       3    5.987236089   -2.633035310
       1       4    7.223331389   -1.540595725
 -0.191250000  0.296250000 -0.210000000       3
       1       2    3.182334488   -5.587263296
       1       3    6.822805427   -1.963185276
       1       4    7.978560679   -1.149930640
 -0.191250000  0.296250000 -0.085000000       3
       1       2    3.669683638   -5.121630521
       1       3    7.113991266   -1.728339277
       1       4    8.418385378   -0.640864983
 -0.191250000  0.421250000  0.040000000       3
       1       2    2.923431297   -5.758154703
       1       3    6.389652214   -2.319215724
       1       4    8.106685972   -1.066394347
 -0.191250000  0.421250000  0.165000000       3
       1       2    2.953618390   -5.951018109
       1       3    5.929777122   -2.607126458
       1       4    7.210213713   -1.544902281
 -0.191250000  0.421250000  0.290000000       3
       1       2    2.426411543   -6.440936213
       1       3    6.138445682   -2.428423527
       1       4    6.755553263   -2.009668359
 -0.191250000 -0.578750000 -0.585000000       3
       1       2    2.085735875   -6.686057411
       1       3    5.987092193   -2.513674788
       1       4    7.315506753   -1.701734566
 -0.191250000 -0.578750000 -0.460000000       3
       1       2    2.791153161   -6.087244041
       1       3    6.194136179   -2.372193877
       1       4    6.953443344   -1.800096603
 -0.191250000 -0.578750000 -0.335000000       3
       1       2    3.265307917   -5.637104371
       1       3    6.004410077   -2.531622452
       1       4    7.499175234   -1.269611307
 -0.191250000 -0.578750000 -0.210000000       3
       1       2    3.095587085   -5.583198525
       1       3    6.484741646   -2.220355281
       1       4    8.304428439   -0.873774419
 -0.191250000 -0.578750000 -0.085000000       3
       1       2    2.861638100   -5.816637410
       1       3    7.079270651   -1.730441655
       1       4    8.186916798   -0.864079394
 -0.191250000 -0.453750000  0.040000000       3
       1       2    3.438216479   -5.430010684
       1       3    6.804651308   -2.040177180
       1       4    7.873606871   -1.212320206
 -0.191250000 -0.453750000  0.165000000       3
       1       2    2.827588639   -6.063050979
       1       3    5.974296379   -2.585755006
       1       4    7.097602753   -1.639617482
 -0.191250000 -0.453750000 -0.710000000       3
       1       2    2.105651367   -6.691755813
       1       3    5.943345172   -2.653827406
       1       4    6.469003349   -2.210548270
 -0.191250000 -0.453750000 -0.585000000       3
       1       2    2.780154795   -6.114203331
       1       3    6.184499933   -2.372653068
       1       4    6.896180118   -1.847571947
 -0.191250000 -0.453750000 -0.460000000       3
       1       2    3.651423828   -5.240161278
       1       3    6.655015673   -2.170421905
       1       4    7.618562809   -1.463530770
 -0.191250000 -0.453750000 -0.335000000       3
       1       2    4.371657953   -4.570474331
       1       3    6.795540577   -2.042340151
       1       4    8.086584499   -0.907495347
 -0.191250000 -0.453750000 -0.210000000       3
       1       2    4.545454579   -4.466043779
       1       3    6.664267554   -2.033029888
       1       4    8.869117907   -0.489579658
 -0.191250000 -0.453750000 -0.085000000       3
       1       2    4.016347738   -4.866546004
       1       3    7.267156847   -1.653015777
       1       4    8.390424148   -0.617432874
 -0.191250000 -0.328750000  0.040000000       3
       1       2    5.097969912   -3.820053940
       1       3    7.505712411   -1.408326913
       1       4    8.030472542   -1.002799488
 -0.191250000 -0.328750000  0.165000000       3
       1       2    3.908993990   -5.012404980
       1       3    6.516807273   -2.126539183
       1       4    7.558258926   -1.251273914
 -0.191250000 -0.328750000  0.290000000       3
       1       2    2.809750986   -6.013508148
       1       3    6.028358228   -2.601049842
       1       4    7.270567068   -1.510174764
 -0.191250000 -0.328750000 -0.585000000       3
       1       2    3.214639528   -5.663908001
       1       3    5.991707282   -2.564669823
       1       4    7.524072556   -1.278897257
 -0.191250000 -0.328750000 -0.460000000       3
       1       2    4.350123229   -4.606796084
       1       3    6.713008509   -2.042693894
       1       4    8.106509822   -0.906460977
 -0.191250000 -0.328750000 -0.335000000       3
       1       2    5.212796433   -3.715374032
       1       3    8.202160666   -0.723221275
       1       4    8.383488353   -0.722389605
 -0.191250000 -0.328750000 -0.210000000       3
       1       2    5.921843493   -3.093826487
       1       3    7.835625053   -0.991850959
       1       4    9.415392182    0.049399376
 -0.191250000 -0.328750000 -0.085000000       3
       1       2    5.928206140   -3.155782733
       1       3    7.762938089   -1.072710589
       1       4    8.867155872   -0.410673878
 -0.191250000 -0.203750000  0.040000000       3
       1       2    6.736786124   -2.550116535
       1       3    8.320254872   -0.801667355
       1       4    8.392782918   -0.733896596
 -0.191250000 -0.203750000  0.165000000       3
       1       2    4.898637582   -4.018651502
       1       3    7.588982260   -1.277994410
       1       4    8.021936375   -1.060050485
 -0.191250000 -0.203750000  0.290000000       3
       1       2    3.263030456   -5.540246774
       1       3    6.897960764   -1.905795568
       1       4    7.989532309   -1.129585919
 -0.191250000 -0.203750000 -0.585000000       3
       1       2    3.034046311   -5.645592066
       1       3    6.532794041   -2.171978465
       1       4    8.296030163   -0.882730054
 -0.191250000 -0.203750000 -0.460000000       3
       1       2    4.445035551   -4.528117490
       1       3    6.658839816   -2.043822312
       1       4    8.849008820   -0.493387910
 -0.191250000 -0.203750000 -0.335000000       3
       1       2    5.894111739   -3.126362977
       1       3    7.724058413   -1.047855951
       1       4    9.412345616    0.046278887
 -0.191250000 -0.203750000 -0.210000000       3
       1       2    6.817522180   -2.210442696
       1       3    9.354518479   -0.013049889
       1       4    9.485484706    0.118093778
 -0.191250000 -0.203750000 -0.085000000       3
       1       2    7.488177737   -1.687487589
       1       3    8.914859249   -0.296160984
       1       4    9.124290501   -0.109789241
 -0.191250000 -0.078750000  0.040000000       3
       1       2    7.166539748   -1.969847501
       1       3    8.733494185   -0.503416370
       1       4    9.323327790    0.044771613
 -0.191250000 -0.078750000  0.165000000       3
       1       2    5.623119390   -3.405210808
       1       3    7.508127379   -1.216922960
       1       4    8.998528980   -0.334619786
 -0.191250000 -0.078750000  0.290000000       3
       1       2    3.777140713   -5.015897017
       1       3    7.092323929   -1.748644533
       1       4    8.477002336   -0.585980984
 -0.191250000 -0.078750000 -0.585000000       3
       1       2    2.850010779   -5.828333347
       1       3    7.066280832   -1.733905981
       1       4    8.190100320   -0.872704099
 -0.191250000 -0.078750000 -0.460000000       3
       1       2    3.899825393   -4.970674532
       1       3    7.272995364   -1.633199859
       1       4    8.329290030   -0.688255393
 -0.191250000 -0.078750000 -0.335000000       3
       1       2    5.800593911   -3.244494060
       1       3    7.745677720   -1.107215057
       1       4    8.783205341   -0.440066075
 -0.191250000 -0.078750000 -0.210000000       3
       1       2    7.444130684   -1.763178814
       1       3    8.816970822   -0.359887642
       1       4    9.070771681   -0.135261823
 -0.191250000 -0.078750000 -0.085000000       3
       1       2    7.942995208   -1.185208358
       1       3    8.998263369   -0.250876735
       1       4    9.852700713    0.485039693
 -0.066250000  0.046250000  0.040000000       3
       1       2    8.877943978   -0.487473018
       1       3    9.660885618    0.197540730
       1       4    9.823572875    0.360726715
 -0.066250000  0.046250000  0.165000000       3
       1       2    7.283369618   -1.806522086
       1       3    8.684840538   -0.600155870
       1       4    9.598456667    0.251441897
 -0.066250000  0.046250000  0.290000000       3
       1       2    5.042443395   -3.874977000
       1       3    8.157061669   -0.797851533
       1       4    9.096617662   -0.194775550
 -0.066250000  0.046250000  0.415000000       3
       1       2    3.245112109   -5.394644930
       1       3    7.956970477   -1.165270349
       1       4    8.678213508   -0.587364237
 -0.066250000  0.046250000 -0.460000000       3
       1       2    2.966181704   -5.658733946
       1       3    7.993459966   -1.156556231
       1       4    8.564340608   -0.671262763
 -0.066250000  0.046250000 -0.335000000       3
       1       2    4.518524892   -4.253826447
       1       3    8.193478524   -0.928670581
       1       4    8.838658549   -0.339856407
 -0.066250000  0.046250000 -0.210000000       3
       1       2    6.719641720   -2.353246034
       1       3    8.624037107   -0.627715203
       1       4    9.334347565    0.002793578
 -0.066250000  0.046250000 -0.085000000       3
       1       2    8.732296305   -0.622758521
       1       3    9.427419079    0.096318185
       1       4    9.637464641    0.282792882
 -0.066250000  0.171250000  0.040000000       3
       1       2    7.148649374   -1.916291762
       1       3    8.674660407   -0.623399355
       1       4    9.605939766    0.247078442
 -0.066250000  0.171250000  0.165000000       3
       1       2    6.893128697   -2.374629571
       1       3    8.491697480   -0.639077538
       1       4    8.552249106   -0.585864459
 -0.066250000  0.171250000  0.290000000       3
       1       2    5.431814467   -3.520327522
       1       3    7.533012097   -1.438646693
       1       4    8.233429388   -0.762940295
 -0.066250000  0.171250000  0.415000000       3
       1       2    3.718014683   -5.193878762
       1       3    6.884435682   -2.001908671
       1       4    7.896876817   -1.141862998
 -0.066250000  0.171250000 -0.460000000       3
       1       2    2.856471603   -5.824007589
       1       3    6.486646789   -2.237529910
       1       4    7.971623053   -1.176140479
 -0.066250000  0.171250000 -0.335000000       3
       1       2    3.877269311   -4.940002899
       1       3    6.477478285   -2.227607189
       1       4    8.415127988   -0.811365878
 -0.066250000  0.171250000 -0.210000000       3
       1       2    5.391349314   -3.646307706
       1       3    7.218149539   -1.476464188
       1       4    8.997781498   -0.353905601
 -0.066250000  0.171250000 -0.085000000       3
       1       2    6.405336572   -2.627848737
       1       3    8.869420633   -0.484462304
       1       4    9.218292335   -0.130639146
 -0.066250000  0.296250000  0.040000000       3
       1       2    4.901997075   -3.930574725
       1       3    8.181272469   -0.826429177
       1       4    9.099432193   -0.223652864
 -0.066250000  0.296250000  0.165000000       3
       1       2    5.348841630   -3.585347281
       1       3    7.507512538   -1.445850287
       1       4    8.255681498   -0.741192727
 -0.066250000  0.296250000  0.290000000       3
       1       2    4.658830887   -4.283372435
       1       3    7.413116801   -1.537532194
       1       4    7.586963920   -1.432657659
 -0.066250000  0.296250000  0.415000000       3
       1       2    3.451372926   -5.479945847
       1       3    6.753313266   -2.079188111
       1       4    7.221608924   -1.674032380
 -0.066250000  0.296250000  0.540000000       3
       1       2    2.498534852   -6.273012903
       1       3    5.860232674   -2.683577204
       1       4    7.311424026   -1.626110708
 -0.066250000  0.296250000 -0.335000000       3
       1       2    2.988743945   -5.803001804
       1       3    5.692144935   -2.916303582
       1       4    7.778333354   -1.191460926
 -0.066250000  0.296250000 -0.210000000       3
       1       2    3.672710476   -5.049986929
       1       3    6.767846629   -1.988546812
       1       4    8.435750645   -0.698763846
 -0.066250000  0.296250000 -0.085000000       3
       1       2    4.221705541   -4.473912463
       1       3    8.497639140   -0.726143516
       1       4    8.745505291   -0.479922017
 -0.066250000  0.421250000  0.040000000       3
       1       2    3.157354499   -5.475248522
       1       3    8.007602837   -1.139156381
       1       4    8.689160995   -0.588019340
 -0.066250000  0.421250000  0.165000000       3
       1       2    3.627695820   -5.279165875
       1       3    6.900831767   -1.988301459
       1       4    7.930652148   -1.113637689
 -0.066250000  0.421250000  0.290000000       3
       1       2    3.429017420   -5.495820686
       1       3    6.682034408   -2.108906426
       1       4    7.240696065   -1.634116680
 -0.066250000  0.421250000  0.415000000       3
       1       2    2.469364249   -6.424703762
       1       3    6.883320542   -1.991797913
       1       4    7.120549232   -1.870250968
 -0.066250000 -0.578750000 -0.460000000       3
       1       2    1.929381487   -6.806804276
       1       3    6.517061573   -2.081067962
       1       4    6.944630701   -1.976500076
 -0.066250000 -0.578750000 -0.335000000       3
       1       2    2.755190069   -6.027167931
       1       3    6.005466656   -2.578041842
       1       4    7.380752146   -1.497428808
 -0.066250000 -0.578750000 -0.210000000       3
       1       2    2.866857306   -5.807287008
       1       3    6.830427571   -1.931321307
       1       4    8.083447875   -1.023384743
 -0.066250000  0.421250000 -0.085000000       3
       1       2    2.846959940   -5.766597730
       1       3    8.251680608   -0.894133393
       1       4    8.618076429   -0.654734711
 -0.066250000 -0.453750000  0.040000000       3
       1       2    3.024450862   -5.593873960
       1       3    8.073487512   -1.145383644
       1       4    8.582254538   -0.690961507
 -0.066250000 -0.453750000  0.165000000       3
       1       2    2.872378206   -5.809484875
       1       3    6.540795305   -2.186521262
       1       4    8.022025664   -1.126775521
 -0.066250000  0.546250000  0.290000000       3
       1       2    2.517378423   -6.244303250
       1       3    5.824498521   -2.724665028
       1       4    7.354129371   -1.611050458
 -0.066250000 -0.453750000 -0.585000000       3
       1       2    1.942752371   -6.801419450
       1       3    6.425687689   -2.135411010
       1       4    6.967340989   -1.989309978
 -0.066250000 -0.453750000 -0.460000000       3
       1       2    2.934313445   -5.988086284
       1       3    6.948840222   -1.986220376
       1       4    7.179139642   -1.807342803
 -0.066250000 -0.453750000 -0.335000000       3
       1       2    3.895819957   -5.030992525
       1       3    6.883240586   -1.986693811
       1       4    7.381614918   -1.573763822
 -0.066250000 -0.453750000 -0.210000000       3
       1       2    3.992808217   -4.914218998
       1       3    7.178265684   -1.732812838
       1       4    8.128663800   -0.896161102
 -0.066250000 -0.453750000 -0.085000000       3
       1       2    3.437901473   -5.183330368
       1       3    8.185651118   -1.057522219
       1       4    8.839653337   -0.467394419
 -0.066250000 -0.328750000  0.040000000       3
       1       2    4.652000879   -4.139294463
       1       3    8.296849973   -0.825505106
       1       4    8.862268555   -0.281078375
 -0.066250000 -0.328750000  0.165000000       3
       1       2    3.991214002   -4.879686353
       1       3    6.563116692   -2.157646812
       1       4    8.475180590   -0.787930349
 -0.066250000 -0.328750000  0.290000000       3
       1       2    3.080299775   -5.688148150
       1       3    5.724252147   -2.903716804
       1       4    7.837069866   -1.171897856
 -0.066250000 -0.328750000 -0.585000000       3
       1       2    2.744579276   -6.019824676
       1       3    5.980456601   -2.634965302
       1       4    7.422450772   -1.489821129
 -0.066250000 -0.328750000 -0.460000000       3
       1       2    3.862176816   -5.058810688
       1       3    6.822084669   -2.006177144
       1       4    7.399670720   -1.542156946
 -0.066250000 -0.328750000 -0.335000000       3
       1       2    5.155925697   -3.886327785
       1       3    7.608861996   -1.377736621
       1       4    7.755715601   -1.310048145
 -0.066250000 -0.328750000 -0.210000000       3
       1       2    5.848728952   -3.254730627
       1       3    7.762091697   -1.226435227
       1       4    8.537999363   -0.594982130
 -0.066250000 -0.328750000 -0.085000000       3
       1       2    5.363114682   -3.598721596
       1       3    8.411041002   -0.706427849
       1       4    9.289129444   -0.074257853
 -0.066250000 -0.203750000  0.040000000       3
       1       2    6.885381613   -2.199722489
       1       3    8.737022840   -0.540710273
       1       4    9.359489906    0.037505511
 -0.066250000 -0.203750000  0.165000000       3
       1       2    5.541037818   -3.499849449
       1       3    7.328499578   -1.365699622
       1       4    9.050081266   -0.306831501
 -0.066250000 -0.203750000  0.290000000       3
       1       2    3.777821659   -4.978928254
       1       3    6.856623985   -1.925826827
       1       4    8.491029086   -0.631489433
 -0.066250000 -0.203750000 -0.585000000       3
       1       2    2.854723085   -5.822551833
       1       3    6.889172758   -1.879668955
       1       4    8.128726790   -0.970073464
 -0.066250000 -0.203750000 -0.460000000       3
       1       2    3.887215973   -4.999465764
       1       3    7.202251887   -1.698063543
       1       4    8.158952298   -0.869170625
 -0.066250000 -0.203750000 -0.335000000       3
       1       2    5.752141808   -3.301736255
       1       3    7.742661328   -1.202115375
       1       4    8.563692811   -0.567333519
 -0.066250000 -0.203750000 -0.210000000       3
       1       2    7.360413805   -1.883269304
       1       3    8.755088248   -0.392841003
       1       4    8.845992233   -0.323800088
 -0.066250000 -0.203750000 -0.085000000       3
       1       2    7.678269213   -1.418182457
       1       3    8.950740251   -0.336670626
       1       4    9.780712490    0.413487502
 -0.066250000 -0.078750000  0.040000000       3
       1       2    8.895577623   -0.519772943
       1       3    9.508215456    0.125384730
       1       4    9.654576181    0.255827529
 -0.066250000 -0.078750000  0.165000000       3
       1       2    6.566882077   -2.471097480
       1       3    8.961402851   -0.397396252
       1       4    9.246929212   -0.107986626
 -0.066250000 -0.078750000  0.290000000       3
       1       2    4.352604440   -4.357260987
       1       3    8.588728190   -0.630673153
       1       4    8.757145239   -0.452379052
 -0.066250000 -0.078750000  0.415000000       3
       1       2    2.885613366   -5.726408371
       1       3    8.315290260   -0.862467651
       1       4    8.623476206   -0.662665081
 -0.066250000 -0.078750000 -0.460000000       3
       1       2    3.338307939   -5.284800464
       1       3    8.225650918   -0.991962474
       1       4    8.832122698   -0.468945111
 -0.066250000 -0.078750000 -0.335000000       3
       1       2    5.216562894   -3.670461068
       1       3    8.430483800   -0.690266750
       1       4    9.269921503   -0.086449457
 -0.066250000 -0.078750000 -0.210000000       3
       1       2    7.537008722   -1.540703229
       1       3    8.939494961   -0.369720010
       1       4    9.767149905    0.399645825
 -0.066250000 -0.078750000 -0.085000000       3
       1       2    9.240306790   -0.178903362
       1       3    9.854718426    0.361136700
       1       4    9.939862645    0.446465031
