# k =  0.00000000E+00  0.00000000E+00  0.00000000E+00 spin= 1
 # n1 <i|Sigma_ch|i> (eV), partial sum
 #      nbands   ch(vbm)          ch(cbm)           diff        converged
       1 -0.79020604E+00 -0.61529180E+00  0.17491424E+00  0.13540212E+00
       2 -0.18085568E+01 -0.10778716E+01  0.73068524E+00  0.13540212E+00
       3 -0.26515110E+01 -0.16334493E+01  0.10180617E+01  0.13540212E+00
       4 -0.50910583E+01 -0.25306907E+01  0.25603676E+01  0.13540212E+00
       5 -0.52610311E+01 -0.37247868E+01  0.15362444E+01  0.13540212E+00
       6 -0.55284798E+01 -0.42716642E+01  0.12568156E+01  0.13540212E+00
       7 -0.57805946E+01 -0.51070034E+01  0.67359126E+00  0.13540212E+00
       8 -0.60177386E+01 -0.56062391E+01  0.41149947E+00  0.13540212E+00
       9 -0.63388513E+01 -0.60107330E+01  0.32811824E+00  0.13540212E+00
      10 -0.65036583E+01 -0.61523085E+01  0.35134982E+00  0.13540212E+00
      11 -0.66646069E+01 -0.62439763E+01  0.42063060E+00  0.13540212E+00
      12 -0.67778945E+01 -0.64500048E+01  0.32788971E+00  0.13540212E+00
      13 -0.68735288E+01 -0.65112132E+01  0.36231557E+00  0.13540212E+00
      14 -0.69535185E+01 -0.65776817E+01  0.37583675E+00  0.13540212E+00
      15 -0.70127027E+01 -0.66576638E+01  0.35503890E+00  0.13540212E+00
      16 -0.70761516E+01 -0.67248663E+01  0.35128525E+00  0.13540212E+00
      17 -0.71444917E+01 -0.68212296E+01  0.32326208E+00  0.13540212E+00
      18 -0.71880482E+01 -0.68729814E+01  0.31506675E+00  0.13540212E+00
      19 -0.72406746E+01 -0.69112223E+01  0.32945230E+00  0.13540212E+00
      20 -0.72997874E+01 -0.69503223E+01  0.34946519E+00  0.13540212E+00
      21 -0.73330380E+01 -0.69891754E+01  0.34386255E+00  0.13540212E+00
      22 -0.73803947E+01 -0.70285719E+01  0.35182277E+00  0.13540212E+00
      23 -0.74086017E+01 -0.70668592E+01  0.34174251E+00  0.13540212E+00
      24 -0.74421761E+01 -0.70947606E+01  0.34741547E+00  0.13540212E+00
      25 -0.74794775E+01 -0.71184447E+01  0.36103276E+00  0.13540212E+00
      26 -0.75156383E+01 -0.71418909E+01  0.37374743E+00  0.13540212E+00
      27 -0.75468389E+01 -0.71678776E+01  0.37896133E+00  0.13540212E+00
      28 -0.75669443E+01 -0.71907461E+01  0.37619819E+00  0.13540212E+00
      29 -0.75895140E+01 -0.72168017E+01  0.37271234E+00  0.13540212E+00
      30 -0.76080918E+01 -0.72445064E+01  0.36358541E+00  0.13540212E+00
      31 -0.76243427E+01 -0.72714473E+01  0.35289535E+00  0.13540212E+00
# k =  0.00000000E+00  0.00000000E+00  0.20000000E+00 spin= 1
 # n1 <i|Sigma_ch|i> (eV), partial sum
 #      nbands   ch(vbm)          ch(cbm)           diff        converged
       1 -0.77247067E+00 -0.83961113E+00 -0.67140460E-01  0.15126798E+00
       2 -0.17617422E+01 -0.17329051E+01  0.28837123E-01  0.15126798E+00
       3 -0.29313522E+01 -0.22805124E+01  0.65083976E+00  0.15126798E+00
       4 -0.50195743E+01 -0.25819376E+01  0.24376367E+01  0.15126798E+00
       5 -0.52371213E+01 -0.42810937E+01  0.95602760E+00  0.15126798E+00
       6 -0.55304664E+01 -0.47169438E+01  0.81352262E+00  0.15126798E+00
       7 -0.58439962E+01 -0.52256860E+01  0.61831022E+00  0.15126798E+00
       8 -0.60893524E+01 -0.56635822E+01  0.42577029E+00  0.15126798E+00
       9 -0.62972384E+01 -0.58703619E+01  0.42687640E+00  0.15126798E+00
      10 -0.64603705E+01 -0.60820084E+01  0.37836211E+00  0.15126798E+00
      11 -0.65714933E+01 -0.62871219E+01  0.28437145E+00  0.15126798E+00
      12 -0.66730800E+01 -0.64011463E+01  0.27193370E+00  0.15126798E+00
      13 -0.67721012E+01 -0.65047015E+01  0.26739971E+00  0.15126798E+00
      14 -0.68637164E+01 -0.66266364E+01  0.23708002E+00  0.15126798E+00
      15 -0.69393589E+01 -0.67087978E+01  0.23056116E+00  0.15126798E+00
      16 -0.70026353E+01 -0.67713514E+01  0.23128390E+00  0.15126798E+00
      17 -0.70682975E+01 -0.68311173E+01  0.23718015E+00  0.15126798E+00
      18 -0.71288056E+01 -0.68926754E+01  0.23613022E+00  0.15126798E+00
      19 -0.71825829E+01 -0.69452028E+01  0.23738007E+00  0.15126798E+00
      20 -0.72279516E+01 -0.69991126E+01  0.22883905E+00  0.15126798E+00
      21 -0.72652325E+01 -0.70363922E+01  0.22884031E+00  0.15126798E+00
      22 -0.73064096E+01 -0.70785607E+01  0.22784893E+00  0.15126798E+00
      23 -0.73365781E+01 -0.71108845E+01  0.22569355E+00  0.15126798E+00
      24 -0.73676974E+01 -0.71493547E+01  0.21834267E+00  0.15126798E+00
      25 -0.73955753E+01 -0.71770345E+01  0.21854073E+00  0.15126798E+00
      26 -0.74237442E+01 -0.72117180E+01  0.21202614E+00  0.15126798E+00
      27 -0.74500238E+01 -0.72411205E+01  0.20890331E+00  0.15126798E+00
      28 -0.74709962E+01 -0.72623433E+01  0.20865291E+00  0.15126798E+00
      29 -0.74915533E+01 -0.72828768E+01  0.20867645E+00  0.15126798E+00
      30 -0.75070992E+01 -0.73016534E+01  0.20544573E+00  0.15126798E+00
      31 -0.75224993E+01 -0.73193998E+01  0.20309953E+00  0.15126798E+00
# k =  0.00000000E+00  0.00000000E+00  0.40000000E+00 spin= 1
 # n1 <i|Sigma_ch|i> (eV), partial sum
 #      nbands   ch(vbm)          ch(cbm)           diff        converged
       1 -0.87581661E+00 -0.86089922E+00  0.14917384E-01  0.24488182E+00
       2 -0.18273878E+01 -0.17384805E+01  0.88907330E-01  0.24488182E+00
       3 -0.29735120E+01 -0.23522654E+01  0.62124667E+00  0.24488182E+00
       4 -0.51444354E+01 -0.25951924E+01  0.25492430E+01  0.24488182E+00
       5 -0.53260746E+01 -0.44571106E+01  0.86896402E+00  0.24488182E+00
       6 -0.55937611E+01 -0.48958769E+01  0.69788427E+00  0.24488182E+00
       7 -0.59217147E+01 -0.54080378E+01  0.51367682E+00  0.24488182E+00
       8 -0.61493071E+01 -0.57077401E+01  0.44156701E+00  0.24488182E+00
       9 -0.63661066E+01 -0.58736732E+01  0.49243337E+00  0.24488182E+00
      10 -0.65397138E+01 -0.60873035E+01  0.45241034E+00  0.24488182E+00
      11 -0.66398054E+01 -0.62655088E+01  0.37429667E+00  0.24488182E+00
      12 -0.67360453E+01 -0.63695571E+01  0.36648818E+00  0.24488182E+00
      13 -0.68206787E+01 -0.64724931E+01  0.34818564E+00  0.24488182E+00
      14 -0.68912504E+01 -0.65889615E+01  0.30228885E+00  0.24488182E+00
      15 -0.69628077E+01 -0.66672338E+01  0.29557384E+00  0.24488182E+00
      16 -0.70279273E+01 -0.67252773E+01  0.30264994E+00  0.24488182E+00
      17 -0.70958894E+01 -0.67819973E+01  0.31389210E+00  0.24488182E+00
      18 -0.71431386E+01 -0.68409271E+01  0.30221151E+00  0.24488182E+00
      19 -0.71886128E+01 -0.68931057E+01  0.29550711E+00  0.24488182E+00
      20 -0.72362434E+01 -0.69461915E+01  0.29005187E+00  0.24488182E+00
      21 -0.72771535E+01 -0.69824102E+01  0.29474329E+00  0.24488182E+00
      22 -0.73174685E+01 -0.70222162E+01  0.29525230E+00  0.24488182E+00
      23 -0.73478908E+01 -0.70526890E+01  0.29520185E+00  0.24488182E+00
      24 -0.73790993E+01 -0.70870267E+01  0.29207266E+00  0.24488182E+00
      25 -0.74078147E+01 -0.71136869E+01  0.29412775E+00  0.24488182E+00
      26 -0.74429971E+01 -0.71483572E+01  0.29463994E+00  0.24488182E+00
      27 -0.74694324E+01 -0.71763158E+01  0.29311655E+00  0.24488182E+00
      28 -0.74889798E+01 -0.71968731E+01  0.29210671E+00  0.24488182E+00
      29 -0.75079255E+01 -0.72155154E+01  0.29241016E+00  0.24488182E+00
      30 -0.75231206E+01 -0.72336333E+01  0.28948736E+00  0.24488182E+00
      31 -0.75380951E+01 -0.72505585E+01  0.28753656E+00  0.24488182E+00
# k =  0.00000000E+00  0.20000000E+00  0.20000000E+00 spin= 1
 # n1 <i|Sigma_ch|i> (eV), partial sum
 #      nbands   ch(vbm)          ch(cbm)           diff        converged
       1 -0.80428050E+00 -0.70323386E+00  0.10104664E+00  0.30951439E+00
       2 -0.19867896E+01 -0.12653594E+01  0.72143019E+00  0.30951439E+00
       3 -0.27553516E+01 -0.19973636E+01  0.75798798E+00  0.30951439E+00
       4 -0.49327455E+01 -0.23518479E+01  0.25808976E+01  0.30951439E+00
       5 -0.52221426E+01 -0.41529715E+01  0.10691711E+01  0.30951439E+00
       6 -0.55151192E+01 -0.47797568E+01  0.73536234E+00  0.30951439E+00
       7 -0.58026098E+01 -0.52136842E+01  0.58892560E+00  0.30951439E+00
       8 -0.60147213E+01 -0.54725560E+01  0.54216527E+00  0.30951439E+00
       9 -0.62369752E+01 -0.56650214E+01  0.57195379E+00  0.30951439E+00
      10 -0.64015924E+01 -0.58444373E+01  0.55715512E+00  0.30951439E+00
      11 -0.65062497E+01 -0.60224346E+01  0.48381502E+00  0.30951439E+00
      12 -0.66040465E+01 -0.61386831E+01  0.46536346E+00  0.30951439E+00
      13 -0.66931769E+01 -0.62467582E+01  0.44641873E+00  0.30951439E+00
      14 -0.67626617E+01 -0.63468414E+01  0.41582023E+00  0.30951439E+00
      15 -0.68186768E+01 -0.64150914E+01  0.40358533E+00  0.30951439E+00
      16 -0.68788070E+01 -0.64836293E+01  0.39517768E+00  0.30951439E+00
      17 -0.69408816E+01 -0.65438476E+01  0.39703406E+00  0.30951439E+00
      18 -0.69942580E+01 -0.65996742E+01  0.39458375E+00  0.30951439E+00
      19 -0.70384118E+01 -0.66446813E+01  0.39373043E+00  0.30951439E+00
      20 -0.70797835E+01 -0.66888552E+01  0.39092833E+00  0.30951439E+00
      21 -0.71137921E+01 -0.67215032E+01  0.39228890E+00  0.30951439E+00
      22 -0.71546258E+01 -0.67579084E+01  0.39671733E+00  0.30951439E+00
      23 -0.71857298E+01 -0.67932473E+01  0.39248251E+00  0.30951439E+00
      24 -0.72172197E+01 -0.68261799E+01  0.39103980E+00  0.30951439E+00
      25 -0.72444063E+01 -0.68504042E+01  0.39400209E+00  0.30951439E+00
      26 -0.72733037E+01 -0.68758437E+01  0.39746004E+00  0.30951439E+00
      27 -0.72981527E+01 -0.69003918E+01  0.39776093E+00  0.30951439E+00
      28 -0.73172722E+01 -0.69207377E+01  0.39653459E+00  0.30951439E+00
      29 -0.73351326E+01 -0.69421157E+01  0.39301696E+00  0.30951439E+00
      30 -0.73504043E+01 -0.69604073E+01  0.38999699E+00  0.30951439E+00
      31 -0.73654484E+01 -0.69773351E+01  0.38811328E+00  0.30951439E+00
# k =  0.00000000E+00  0.20000000E+00  0.40000000E+00 spin= 1
 # n1 <i|Sigma_ch|i> (eV), partial sum
 #      nbands   ch(vbm)          ch(cbm)           diff        converged
       1 -0.88025650E+00 -0.66453356E+00  0.21572294E+00  0.29170905E+00
       2 -0.18086929E+01 -0.12368844E+01  0.57180846E+00  0.29170905E+00
       3 -0.29043606E+01 -0.18811597E+01  0.10232009E+01  0.29170905E+00
       4 -0.49695700E+01 -0.23122479E+01  0.26573221E+01  0.29170905E+00
       5 -0.52345301E+01 -0.40705323E+01  0.11639977E+01  0.29170905E+00
       6 -0.55263105E+01 -0.47181231E+01  0.80818736E+00  0.29170905E+00
       7 -0.58052638E+01 -0.51269242E+01  0.67833958E+00  0.29170905E+00
       8 -0.60168925E+01 -0.54137756E+01  0.60311696E+00  0.29170905E+00
       9 -0.62178678E+01 -0.56366772E+01  0.58119056E+00  0.29170905E+00
      10 -0.63669376E+01 -0.58281890E+01  0.53874867E+00  0.29170905E+00
      11 -0.64728064E+01 -0.59938568E+01  0.47894958E+00  0.29170905E+00
      12 -0.65695993E+01 -0.61133774E+01  0.45622190E+00  0.29170905E+00
      13 -0.66567475E+01 -0.62242693E+01  0.43247825E+00  0.29170905E+00
      14 -0.67325498E+01 -0.63219418E+01  0.41060799E+00  0.29170905E+00
      15 -0.67941299E+01 -0.63995125E+01  0.39461740E+00  0.29170905E+00
      16 -0.68515280E+01 -0.64645533E+01  0.38697476E+00  0.29170905E+00
      17 -0.69083496E+01 -0.65271486E+01  0.38120104E+00  0.29170905E+00
      18 -0.69564741E+01 -0.65813114E+01  0.37516271E+00  0.29170905E+00
      19 -0.70010792E+01 -0.66290029E+01  0.37207627E+00  0.29170905E+00
      20 -0.70431103E+01 -0.66747555E+01  0.36835485E+00  0.29170905E+00
      21 -0.70774733E+01 -0.67128313E+01  0.36464202E+00  0.29170905E+00
      22 -0.71142532E+01 -0.67484731E+01  0.36578008E+00  0.29170905E+00
      23 -0.71439444E+01 -0.67820848E+01  0.36185959E+00  0.29170905E+00
      24 -0.71725368E+01 -0.68125717E+01  0.35996508E+00  0.29170905E+00
      25 -0.71977643E+01 -0.68384262E+01  0.35933813E+00  0.29170905E+00
      26 -0.72256190E+01 -0.68648705E+01  0.36074852E+00  0.29170905E+00
      27 -0.72495890E+01 -0.68900784E+01  0.35951052E+00  0.29170905E+00
      28 -0.72678481E+01 -0.69105678E+01  0.35728031E+00  0.29170905E+00
      29 -0.72859418E+01 -0.69313404E+01  0.35460142E+00  0.29170905E+00
      30 -0.73013458E+01 -0.69487481E+01  0.35259768E+00  0.29170905E+00
      31 -0.73164362E+01 -0.69655015E+01  0.35093471E+00  0.29170905E+00
# k =  0.00000000E+00  0.20000000E+00  0.60000000E+00 spin= 1
 # n1 <i|Sigma_ch|i> (eV), partial sum
 #      nbands   ch(vbm)          ch(cbm)           diff        converged
       1 -0.86650535E+00 -0.68193806E+00  0.18456729E+00  0.31879433E+00
       2 -0.17564619E+01 -0.12619234E+01  0.49453848E+00  0.31879433E+00
       3 -0.27631880E+01 -0.18748832E+01  0.88830472E+00  0.31879433E+00
       4 -0.50070925E+01 -0.23050714E+01  0.27020211E+01  0.31879433E+00
       5 -0.52511411E+01 -0.40453945E+01  0.12057467E+01  0.31879433E+00
       6 -0.55255921E+01 -0.46089406E+01  0.91665150E+00  0.31879433E+00
       7 -0.58320193E+01 -0.51252370E+01  0.70678229E+00  0.31879433E+00
       8 -0.60602364E+01 -0.54313761E+01  0.62886031E+00  0.31879433E+00
       9 -0.62537700E+01 -0.56554149E+01  0.59835517E+00  0.31879433E+00
      10 -0.64109716E+01 -0.58571081E+01  0.55386350E+00  0.31879433E+00
      11 -0.65175549E+01 -0.60184066E+01  0.49914838E+00  0.31879433E+00
      12 -0.66165066E+01 -0.61372815E+01  0.47922511E+00  0.31879433E+00
      13 -0.67040096E+01 -0.62482363E+01  0.45577324E+00  0.31879433E+00
      14 -0.67809878E+01 -0.63497639E+01  0.43122386E+00  0.31879433E+00
      15 -0.68454150E+01 -0.64337770E+01  0.41163800E+00  0.31879433E+00
      16 -0.69035016E+01 -0.64974550E+01  0.40604659E+00  0.31879433E+00
      17 -0.69626160E+01 -0.65620290E+01  0.40058695E+00  0.31879433E+00
      18 -0.70117556E+01 -0.66160085E+01  0.39574711E+00  0.31879433E+00
      19 -0.70578551E+01 -0.66654155E+01  0.39243959E+00  0.31879433E+00
      20 -0.71012836E+01 -0.67137944E+01  0.38748920E+00  0.31879433E+00
      21 -0.71380706E+01 -0.67548253E+01  0.38324526E+00  0.31879433E+00
      22 -0.71756362E+01 -0.67901970E+01  0.38543921E+00  0.31879433E+00
      23 -0.72055413E+01 -0.68234959E+01  0.38204547E+00  0.31879433E+00
      24 -0.72344847E+01 -0.68533695E+01  0.38111521E+00  0.31879433E+00
      25 -0.72604499E+01 -0.68801000E+01  0.38034990E+00  0.31879433E+00
      26 -0.72895378E+01 -0.69078858E+01  0.38165200E+00  0.31879433E+00
      27 -0.73144439E+01 -0.69339365E+01  0.38050740E+00  0.31879433E+00
      28 -0.73333268E+01 -0.69550038E+01  0.37832305E+00  0.31879433E+00
      29 -0.73513838E+01 -0.69755263E+01  0.37585754E+00  0.31879433E+00
      30 -0.73672626E+01 -0.69930581E+01  0.37420457E+00  0.31879433E+00
      31 -0.73829337E+01 -0.70103715E+01  0.37256221E+00  0.31879433E+00
# k =  0.00000000E+00  0.20000000E+00  0.80000000E+00 spin= 1
 # n1 <i|Sigma_ch|i> (eV), partial sum
 #      nbands   ch(vbm)          ch(cbm)           diff        converged
       1 -0.80937324E+00 -0.76731862E+00  0.42054622E-01  0.14956947E+00
       2 -0.18178800E+01 -0.14382191E+01  0.37966094E+00  0.14956947E+00
       3 -0.28702196E+01 -0.20368283E+01  0.83339126E+00  0.14956947E+00
       4 -0.50638583E+01 -0.24744417E+01  0.25894166E+01  0.14956947E+00
       5 -0.52750988E+01 -0.41063783E+01  0.11687204E+01  0.14956947E+00
       6 -0.55252303E+01 -0.45976057E+01  0.92762459E+00  0.14956947E+00
       7 -0.58483535E+01 -0.51969495E+01  0.65140403E+00  0.14956947E+00
       8 -0.61126584E+01 -0.55618536E+01  0.55080486E+00  0.14956947E+00
       9 -0.63128552E+01 -0.58086449E+01  0.50421029E+00  0.14956947E+00
      10 -0.64922345E+01 -0.60429582E+01  0.44927635E+00  0.14956947E+00
      11 -0.66102939E+01 -0.62200905E+01  0.39020336E+00  0.14956947E+00
      12 -0.67161065E+01 -0.63418823E+01  0.37422415E+00  0.14956947E+00
      13 -0.68081678E+01 -0.64654797E+01  0.34268811E+00  0.14956947E+00
      14 -0.68921681E+01 -0.65813004E+01  0.31086763E+00  0.14956947E+00
      15 -0.69640088E+01 -0.66729968E+01  0.29101201E+00  0.14956947E+00
      16 -0.70257178E+01 -0.67405321E+01  0.28518569E+00  0.14956947E+00
      17 -0.70885515E+01 -0.68095565E+01  0.27899503E+00  0.14956947E+00
      18 -0.71402579E+01 -0.68699114E+01  0.27034651E+00  0.14956947E+00
      19 -0.71904248E+01 -0.69242767E+01  0.26614812E+00  0.14956947E+00
      20 -0.72362873E+01 -0.69795555E+01  0.25673184E+00  0.14956947E+00
      21 -0.72766643E+01 -0.70229441E+01  0.25372016E+00  0.14956947E+00
      22 -0.73183297E+01 -0.70631737E+01  0.25515607E+00  0.14956947E+00
      23 -0.73491024E+01 -0.70998028E+01  0.24929966E+00  0.14956947E+00
      24 -0.73800950E+01 -0.71345482E+01  0.24554681E+00  0.14956947E+00
      25 -0.74083458E+01 -0.71633002E+01  0.24504562E+00  0.14956947E+00
      26 -0.74406336E+01 -0.71960081E+01  0.24462548E+00  0.14956947E+00
      27 -0.74676484E+01 -0.72257619E+01  0.24188645E+00  0.14956947E+00
      28 -0.74877860E+01 -0.72487930E+01  0.23899299E+00  0.14956947E+00
      29 -0.75066898E+01 -0.72710049E+01  0.23568488E+00  0.14956947E+00
      30 -0.75237117E+01 -0.72905049E+01  0.23320675E+00  0.14956947E+00
      31 -0.75402040E+01 -0.73098649E+01  0.23033910E+00  0.14956947E+00
# k =  0.00000000E+00  0.40000000E+00  0.40000000E+00 spin= 1
 # n1 <i|Sigma_ch|i> (eV), partial sum
 #      nbands   ch(vbm)          ch(cbm)           diff        converged
       1 -0.99666989E+00 -0.66801262E+00  0.32865727E+00  0.45691445E+00
       2 -0.17497991E+01 -0.12142702E+01  0.53552885E+00  0.45691445E+00
       3 -0.27893031E+01 -0.19430386E+01  0.84626452E+00  0.45691445E+00
       4 -0.50301796E+01 -0.22303767E+01  0.27998029E+01  0.45691445E+00
       5 -0.52420990E+01 -0.41889148E+01  0.10531842E+01  0.45691445E+00
       6 -0.55350210E+01 -0.48535458E+01  0.68147527E+00  0.45691445E+00
       7 -0.57761011E+01 -0.51465725E+01  0.62952857E+00  0.45691445E+00
       8 -0.59807681E+01 -0.53982256E+01  0.58254249E+00  0.45691445E+00
       9 -0.61890185E+01 -0.55672363E+01  0.62178220E+00  0.45691445E+00
      10 -0.63210427E+01 -0.57370517E+01  0.58399108E+00  0.45691445E+00
      11 -0.64067081E+01 -0.58865393E+01  0.52016873E+00  0.45691445E+00
      12 -0.65132076E+01 -0.59915756E+01  0.52163192E+00  0.45691445E+00
      13 -0.65992335E+01 -0.60938045E+01  0.50542904E+00  0.45691445E+00
      14 -0.66744349E+01 -0.61815189E+01  0.49291604E+00  0.45691445E+00
      15 -0.67399151E+01 -0.62502236E+01  0.48969149E+00  0.45691445E+00
      16 -0.67962593E+01 -0.63088512E+01  0.48740809E+00  0.45691445E+00
      17 -0.68418130E+01 -0.63650981E+01  0.47671498E+00  0.45691445E+00
      18 -0.68847065E+01 -0.64142087E+01  0.47049786E+00  0.45691445E+00
      19 -0.69264976E+01 -0.64570211E+01  0.46947651E+00  0.45691445E+00
      20 -0.69667472E+01 -0.64974854E+01  0.46926187E+00  0.45691445E+00
      21 -0.70024738E+01 -0.65308571E+01  0.47161678E+00  0.45691445E+00
      22 -0.70389907E+01 -0.65620409E+01  0.47694987E+00  0.45691445E+00
      23 -0.70676001E+01 -0.65928232E+01  0.47477684E+00  0.45691445E+00
      24 -0.70949884E+01 -0.66198677E+01  0.47512074E+00  0.45691445E+00
      25 -0.71202765E+01 -0.66428610E+01  0.47741554E+00  0.45691445E+00
      26 -0.71458319E+01 -0.66660140E+01  0.47981785E+00  0.45691445E+00
      27 -0.71681287E+01 -0.66883231E+01  0.47980562E+00  0.45691445E+00
      28 -0.71846335E+01 -0.67065855E+01  0.47804799E+00  0.45691445E+00
      29 -0.72008815E+01 -0.67251776E+01  0.47570385E+00  0.45691445E+00
      30 -0.72167827E+01 -0.67410260E+01  0.47575676E+00  0.45691445E+00
      31 -0.72319707E+01 -0.67559679E+01  0.47600280E+00  0.45691445E+00
# k =  0.00000000E+00  0.40000000E+00  0.60000000E+00 spin= 1
 # n1 <i|Sigma_ch|i> (eV), partial sum
 #      nbands   ch(vbm)          ch(cbm)           diff        converged
       1 -0.94079114E+00 -0.63115235E+00  0.30963879E+00  0.46429377E+00
       2 -0.17644804E+01 -0.11716113E+01  0.59286907E+00  0.46429377E+00
       3 -0.27602150E+01 -0.18171014E+01  0.94311365E+00  0.46429377E+00
       4 -0.49787610E+01 -0.21661893E+01  0.28125717E+01  0.46429377E+00
       5 -0.52474989E+01 -0.39962575E+01  0.12512414E+01  0.46429377E+00
       6 -0.55235018E+01 -0.47306258E+01  0.79287609E+00  0.46429377E+00
       7 -0.58041768E+01 -0.50645007E+01  0.73967608E+00  0.46429377E+00
       8 -0.60109430E+01 -0.53325582E+01  0.67838474E+00  0.46429377E+00
       9 -0.61920478E+01 -0.55227606E+01  0.66928724E+00  0.46429377E+00
      10 -0.63347995E+01 -0.57064819E+01  0.62831763E+00  0.46429377E+00
      11 -0.64333695E+01 -0.58541857E+01  0.57918379E+00  0.46429377E+00
      12 -0.65265967E+01 -0.59663759E+01  0.56022077E+00  0.46429377E+00
      13 -0.66112030E+01 -0.60726926E+01  0.53851042E+00  0.46429377E+00
      14 -0.66826815E+01 -0.61572629E+01  0.52541866E+00  0.46429377E+00
      15 -0.67414899E+01 -0.62323758E+01  0.50911417E+00  0.46429377E+00
      16 -0.67974528E+01 -0.62916936E+01  0.50575916E+00  0.46429377E+00
      17 -0.68520008E+01 -0.63504172E+01  0.50158361E+00  0.46429377E+00
      18 -0.68985037E+01 -0.63988842E+01  0.49961950E+00  0.46429377E+00
      19 -0.69411191E+01 -0.64431109E+01  0.49800820E+00  0.46429377E+00
      20 -0.69819321E+01 -0.64852863E+01  0.49664581E+00  0.46429377E+00
      21 -0.70149306E+01 -0.65218521E+01  0.49307854E+00  0.46429377E+00
      22 -0.70491470E+01 -0.65530159E+01  0.49613117E+00  0.46429377E+00
      23 -0.70780297E+01 -0.65835781E+01  0.49445169E+00  0.46429377E+00
      24 -0.71051726E+01 -0.66097391E+01  0.49543348E+00  0.46429377E+00
      25 -0.71289175E+01 -0.66339230E+01  0.49499447E+00  0.46429377E+00
      26 -0.71555574E+01 -0.66577603E+01  0.49779717E+00  0.46429377E+00
      27 -0.71784296E+01 -0.66802545E+01  0.49817510E+00  0.46429377E+00
      28 -0.71961967E+01 -0.66992730E+01  0.49692366E+00  0.46429377E+00
      29 -0.72134348E+01 -0.67183324E+01  0.49510242E+00  0.46429377E+00
      30 -0.72283096E+01 -0.67337436E+01  0.49456591E+00  0.46429377E+00
      31 -0.72427845E+01 -0.67490186E+01  0.49376593E+00  0.46429377E+00
# k =  0.20000000E+00  0.40000000E+00  0.60000000E+00 spin= 1
 # n1 <i|Sigma_ch|i> (eV), partial sum
 #      nbands   ch(vbm)          ch(cbm)           diff        converged
       1 -0.91516977E+00 -0.63122104E+00  0.28394873E+00 -0.29332960E+00
       2 -0.17396042E+01 -0.11863467E+01  0.55325747E+00 -0.29332960E+00
       3 -0.28359660E+01 -0.18076040E+01  0.10283620E+01 -0.29332960E+00
       4 -0.48153862E+01 -0.23455558E+01  0.24698304E+01 -0.29332960E+00
       5 -0.51854511E+01 -0.39868359E+01  0.11986151E+01 -0.29332960E+00
       6 -0.54780984E+01 -0.46418191E+01  0.83627927E+00 -0.29332960E+00
       7 -0.57304658E+01 -0.50810802E+01  0.64938565E+00 -0.29332960E+00
       8 -0.59180221E+01 -0.54669577E+01  0.45106436E+00 -0.29332960E+00
       9 -0.60957668E+01 -0.57170888E+01  0.37867806E+00 -0.29332960E+00
      10 -0.62248737E+01 -0.59261740E+01  0.29869971E+00 -0.29332960E+00
      11 -0.63202538E+01 -0.60997955E+01  0.22045829E+00 -0.29332960E+00
      12 -0.64139266E+01 -0.62414079E+01  0.17251866E+00 -0.29332960E+00
      13 -0.64927573E+01 -0.63793192E+01  0.11343802E+00 -0.29332960E+00
      14 -0.65604265E+01 -0.64879357E+01  0.72490764E-01 -0.29332960E+00
      15 -0.66201279E+01 -0.65690934E+01  0.51034526E-01 -0.29332960E+00
      16 -0.66723440E+01 -0.66454814E+01  0.26862580E-01 -0.29332960E+00
      17 -0.67235868E+01 -0.67184912E+01  0.50955480E-02 -0.29332960E+00
      18 -0.67663779E+01 -0.67827838E+01 -0.16405917E-01 -0.29332960E+00
      19 -0.68063528E+01 -0.68386445E+01 -0.32291719E-01 -0.29332960E+00
      20 -0.68444995E+01 -0.68911483E+01 -0.46648795E-01 -0.29332960E+00
      21 -0.68769666E+01 -0.69323729E+01 -0.55406335E-01 -0.29332960E+00
      22 -0.69092886E+01 -0.69740393E+01 -0.64750683E-01 -0.29332960E+00
      23 -0.69353832E+01 -0.70130753E+01 -0.77692109E-01 -0.29332960E+00
      24 -0.69607614E+01 -0.70478358E+01 -0.87074358E-01 -0.29332960E+00
      25 -0.69833840E+01 -0.70773050E+01 -0.93921030E-01 -0.29332960E+00
      26 -0.70071254E+01 -0.71085036E+01 -0.10137819E+00 -0.29332960E+00
      27 -0.70289938E+01 -0.71366484E+01 -0.10765457E+00 -0.29332960E+00
      28 -0.70457911E+01 -0.71588935E+01 -0.11310245E+00 -0.29332960E+00
      29 -0.70621316E+01 -0.71821448E+01 -0.12001325E+00 -0.29332960E+00
      30 -0.70762596E+01 -0.72017674E+01 -0.12550774E+00 -0.29332960E+00
      31 -0.70901142E+01 -0.72206580E+01 -0.13054379E+00 -0.29332960E+00
