# k =   0.000000   0.000000   0.000000 spin = 1
# <ib|Sigma_CH[1..Nb]|ib> (eV), partial and symmetrized sum with up to Nb "inner" bands
# Reporting only VBM and CBM, use 'full_ch_conv_log 1' keyword for full report.
# 1/N extrap for CH(vbm) CH(cbm) diff =  -6.12051559E+00  -6.23865972E+00  -1.18144130E-01
# Error est. for CH(vbm) CH(cbm) diff =   5.97618350E-01   7.42345810E-01   1.44727460E-01
#    Nb          CH(vbm)          CH(cbm)             diff
      1  -2.51685250E-01  -2.10279827E-01   4.14054237E-02
      2  -8.18836970E-01  -5.67305579E-01   2.51531391E-01
      3  -9.26367535E-01  -1.30337125E+00  -3.77003714E-01
      4  -1.03389810E+00  -2.03943692E+00  -1.00553882E+00
      5  -3.01113442E+00  -2.54345134E+00   4.67683080E-01
      6  -3.40136726E+00  -3.14775474E+00   2.53612517E-01
      7  -3.79160009E+00  -3.75205814E+00   3.95419534E-02
      8  -3.85260963E+00  -3.75796897E+00   9.46406692E-02
      9  -3.87032668E+00  -3.76406704E+00   1.06259635E-01
     10  -3.87203354E+00  -3.77043756E+00   1.01595987E-01
     11  -3.88102687E+00  -3.79691627E+00   8.41105965E-02
     12  -3.89002019E+00  -3.82339499E+00   6.66252058E-02
     13  -3.89777099E+00  -3.82768889E+00   7.00821066E-02
     14  -3.96587217E+00  -3.83406511E+00   1.31807065E-01
     15  -3.97032734E+00  -3.85227043E+00   1.18056911E-01
     16  -3.99223388E+00  -3.86057604E+00   1.31657844E-01
     17  -3.99407362E+00  -3.88136245E+00   1.12711170E-01
     18  -3.99591336E+00  -3.90214886E+00   9.37644948E-02
     19  -3.99701664E+00  -3.90615847E+00   9.08581763E-02
     20  -3.99909199E+00  -3.90901325E+00   9.00787385E-02
     21  -4.00116734E+00  -3.91186805E+00   8.92992999E-02
     22  -4.00181854E+00  -3.91564844E+00   8.61701055E-02
     23  -4.01160856E+00  -3.92543531E+00   8.61732442E-02
     24  -4.02516503E+00  -3.96953838E+00   5.56266515E-02
     25  -4.03872150E+00  -4.01364144E+00   2.50800588E-02
     26  -4.11267536E+00  -4.01991634E+00   9.27590271E-02
     27  -4.11316518E+00  -4.02134486E+00   9.18203240E-02
     28  -4.11609714E+00  -4.03580541E+00   8.02917218E-02
     29  -4.11742384E+00  -4.04803357E+00   6.93902707E-02
     30  -4.11875054E+00  -4.06026172E+00   5.84888184E-02
     31  -4.14659049E+00  -4.07919022E+00   6.74002708E-02
     32  -4.15258293E+00  -4.09863108E+00   5.39518591E-02
     33  -4.15857538E+00  -4.11807193E+00   4.05034489E-02
     34  -4.18000771E+00  -4.12000964E+00   5.99980686E-02
     35  -4.18920417E+00  -4.15257429E+00   3.66298822E-02
     36  -4.22301535E+00  -4.16452314E+00   5.84922158E-02
     37  -4.25545600E+00  -4.17141849E+00   8.40375117E-02
     38  -4.25960536E+00  -4.17738177E+00   8.22235946E-02
     39  -4.26375473E+00  -4.18334505E+00   8.04096774E-02
     40  -4.29889598E+00  -4.18608963E+00   1.12806349E-01
     41  -4.30708179E+00  -4.21317815E+00   9.39036441E-02
     42  -4.35367088E+00  -4.23973669E+00   1.13934189E-01
     43  -4.35567982E+00  -4.24708643E+00   1.08593390E-01
     44  -4.37414362E+00  -4.26295987E+00   1.11183745E-01
     45  -4.39260742E+00  -4.27883332E+00   1.13774100E-01
     46  -4.39704539E+00  -4.29915239E+00   9.78929935E-02
     47  -4.39803804E+00  -4.30159268E+00   9.64453614E-02
     48  -4.39903070E+00  -4.30403297E+00   9.49977294E-02
     49  -4.41866500E+00  -4.30633158E+00   1.12333421E-01
     50  -4.41940572E+00  -4.30761989E+00   1.11785828E-01
     51  -4.42014644E+00  -4.30890821E+00   1.11238235E-01
     52  -4.42016996E+00  -4.30901099E+00   1.11158971E-01
     53  -4.42071634E+00  -4.30943526E+00   1.11281087E-01
     54  -4.42095730E+00  -4.31015531E+00   1.10801985E-01
     55  -4.42261112E+00  -4.32686184E+00   9.57492800E-02
     56  -4.42426494E+00  -4.34356837E+00   8.06965745E-02
     57  -4.42430298E+00  -4.34364238E+00   8.06605994E-02
     58  -4.42434102E+00  -4.34371639E+00   8.06246244E-02
     59  -4.42434960E+00  -4.34378702E+00   8.05625834E-02
     60  -4.42434684E+00  -4.34379234E+00   8.05544988E-02
     61  -4.42712776E+00  -4.35389046E+00   7.32373058E-02
     62  -4.42990869E+00  -4.36398858E+00   6.59201126E-02
     63  -4.43664996E+00  -4.36598578E+00   7.06641756E-02
     64  -4.44212096E+00  -4.38929884E+00   5.28221185E-02
     65  -4.51494976E+00  -4.41095214E+00   1.03997617E-01
     66  -4.51630714E+00  -4.41651129E+00   9.97958512E-02
     67  -4.52895441E+00  -4.42391487E+00   1.05039539E-01
     68  -4.53718469E+00  -4.43562411E+00   1.01560576E-01
     69  -4.54541497E+00  -4.44733336E+00   9.80816145E-02
     70  -4.54654088E+00  -4.45113269E+00   9.54081924E-02
     71  -4.54766679E+00  -4.45493202E+00   9.27347704E-02
     72  -4.54821493E+00  -4.45703911E+00   9.11758234E-02
     73  -4.54980270E+00  -4.46325747E+00   8.65452309E-02
     74  -4.55011040E+00  -4.46433175E+00   8.57786430E-02
     75  -4.55056468E+00  -4.46524435E+00   8.53203280E-02
     76  -4.55101896E+00  -4.46615695E+00   8.48620126E-02
     77  -4.55118128E+00  -4.46649305E+00   8.46882310E-02
     78  -4.55176150E+00  -4.46707546E+00   8.46860347E-02
     79  -4.55234171E+00  -4.46765788E+00   8.46838375E-02
     80  -4.55235184E+00  -4.46770220E+00   8.46496408E-02
     81  -4.55236663E+00  -4.46775625E+00   8.46103798E-02
     82  -4.56002746E+00  -4.46911677E+00   9.09106857E-02
     83  -4.56120613E+00  -4.48204305E+00   7.91630825E-02
     84  -4.56238481E+00  -4.49496933E+00   6.74154795E-02
     85  -4.59773765E+00  -4.50787827E+00   8.98593756E-02
     86  -4.60206855E+00  -4.52811607E+00   7.39524799E-02
     87  -4.60639945E+00  -4.54835387E+00   5.80455846E-02
     88  -4.65690013E+00  -4.55390751E+00   1.02992617E-01
     89  -4.68579153E+00  -4.55888069E+00   1.26910847E-01
     90  -4.69047944E+00  -4.57474380E+00   1.15735646E-01
     91  -4.72018253E+00  -4.59249904E+00   1.27683484E-01
     92  -4.74988561E+00  -4.61025429E+00   1.39631322E-01
     93  -4.75423390E+00  -4.62776483E+00   1.26469069E-01
     94  -4.75659457E+00  -4.63830827E+00   1.18286296E-01
     95  -4.76662351E+00  -4.64126727E+00   1.25356235E-01
     96  -4.76764193E+00  -4.64706865E+00   1.20573284E-01
     97  -4.76866035E+00  -4.65287002E+00   1.15790333E-01
     98  -4.76985037E+00  -4.65818206E+00   1.11668305E-01
     99  -4.77104038E+00  -4.66349411E+00   1.07546276E-01
    100  -4.77722637E+00  -4.68265498E+00   9.45713876E-02
    101  -4.77853888E+00  -4.68321269E+00   9.53261911E-02
    102  -4.79240153E+00  -4.68416782E+00   1.08233713E-01
    103  -4.79943734E+00  -4.71212891E+00   8.73084308E-02
    104  -4.80007606E+00  -4.71483704E+00   8.52390103E-02
    105  -4.81305741E+00  -4.72117383E+00   9.18835794E-02
    106  -4.82603876E+00  -4.72751061E+00   9.85281483E-02
    107  -4.83022154E+00  -4.73020958E+00   1.00011961E-01
    108  -4.83366698E+00  -4.73526128E+00   9.84056956E-02
    109  -4.83711242E+00  -4.74031299E+00   9.67994296E-02
    110  -4.83922159E+00  -4.74866371E+00   9.05578821E-02
    111  -4.83993766E+00  -4.75057423E+00   8.93634390E-02
    112  -4.84065374E+00  -4.75248474E+00   8.81689960E-02
    113  -4.84152600E+00  -4.75510965E+00   8.64163496E-02
    114  -4.84437126E+00  -4.75586859E+00   8.85026744E-02
    115  -4.84532974E+00  -4.75617719E+00   8.91525497E-02
    116  -4.84551951E+00  -4.75646676E+00   8.90527545E-02
    117  -4.84619782E+00  -4.75715034E+00   8.90474818E-02
    118  -4.84687614E+00  -4.75783393E+00   8.90422094E-02
    119  -4.84715799E+00  -4.75841783E+00   8.87401567E-02
    120  -4.84731006E+00  -4.75854862E+00   8.87614444E-02
    121  -4.84746213E+00  -4.75867940E+00   8.87827320E-02
    122  -4.84748027E+00  -4.75873583E+00   8.87444338E-02
    123  -4.84748236E+00  -4.75875000E+00   8.87323631E-02
    124  -4.85748668E+00  -4.76046887E+00   9.70178096E-02
    125  -4.85835708E+00  -4.76754739E+00   9.08096906E-02
    126  -4.85922748E+00  -4.77462591E+00   8.46015717E-02
    127  -4.87152708E+00  -4.77561277E+00   9.59143119E-02
    128  -4.87251159E+00  -4.78111413E+00   9.13974549E-02
    129  -4.87349610E+00  -4.78661550E+00   8.68805979E-02
    130  -4.87442034E+00  -4.78695793E+00   8.74624089E-02
    131  -4.87510132E+00  -4.79009109E+00   8.50102284E-02
    132  -4.88358033E+00  -4.79081848E+00   9.27618501E-02
    133  -4.88736252E+00  -4.80267188E+00   8.46906422E-02
    134  -4.89591788E+00  -4.80773442E+00   8.81834550E-02
    135  -4.90447324E+00  -4.81279697E+00   9.16762678E-02
    136  -4.90608690E+00  -4.81816204E+00   8.79248663E-02
    137  -4.91075272E+00  -4.82105675E+00   8.96959697E-02
    138  -4.91541853E+00  -4.82395145E+00   9.14670739E-02
    139  -4.91580073E+00  -4.82534521E+00   9.04555139E-02
    140  -4.91618293E+00  -4.82673897E+00   8.94439538E-02
    141  -4.91628617E+00  -4.82699604E+00   8.92901303E-02
    142  -4.92639715E+00  -4.82920983E+00   9.71873244E-02
    143  -4.92705376E+00  -4.83139409E+00   9.56596707E-02
    144  -4.92771037E+00  -4.83357835E+00   9.41320169E-02
    145  -4.92781324E+00  -4.83381725E+00   9.39959920E-02
    146  -4.93152810E+00  -4.83427591E+00   9.72521881E-02
    147  -4.93200858E+00  -4.83860876E+00   9.33998271E-02
    148  -4.93248907E+00  -4.84294161E+00   8.95474659E-02
    149  -4.93254468E+00  -4.84322472E+00   8.93199661E-02
    150  -4.93257803E+00  -4.84334624E+00   8.92317906E-02
    151  -4.95319862E+00  -4.84467846E+00   1.08520155E-01
    152  -4.95582290E+00  -4.84906359E+00   1.06759318E-01
    153  -4.95844719E+00  -4.85344871E+00   1.04998482E-01
    154  -4.96162699E+00  -4.85472950E+00   1.06897491E-01
    155  -4.96419462E+00  -4.86475733E+00   9.94372815E-02
    156  -4.97461695E+00  -4.87217010E+00   1.02446846E-01
    157  -4.98503928E+00  -4.87958287E+00   1.05456411E-01
    158  -4.98620762E+00  -4.88471690E+00   1.01490721E-01
    159  -4.98789980E+00  -4.89058550E+00   9.73143024E-02
    160  -4.99267294E+00  -4.89121408E+00   1.01458860E-01
    161  -4.99317068E+00  -4.89349373E+00   9.96769494E-02
    162  -4.99562821E+00  -4.89487814E+00   1.00750071E-01
    163  -4.99808574E+00  -4.89626255E+00   1.01823193E-01
    164  -4.99824181E+00  -4.89678136E+00   1.01460448E-01
    165  -4.99839788E+00  -4.89730017E+00   1.01097704E-01
    166  -4.99878094E+00  -4.89837539E+00   1.00405556E-01
    167  -4.99882005E+00  -4.89849344E+00   1.00326611E-01
    168  -4.99898347E+00  -4.89876572E+00   1.00217753E-01
    169  -4.99914089E+00  -4.89935977E+00   9.97811204E-02
    170  -4.99929830E+00  -4.89995382E+00   9.93444875E-02
    171  -4.99934333E+00  -4.90006989E+00   9.92734361E-02
    172  -5.00828238E+00  -4.90107452E+00   1.07207861E-01
    173  -5.00910262E+00  -4.90479181E+00   1.04310810E-01
    174  -5.00992286E+00  -4.90850910E+00   1.01413759E-01
    175  -5.01983591E+00  -4.90925522E+00   1.10580691E-01
    176  -5.02233467E+00  -4.91231099E+00   1.10023674E-01
    177  -5.02483342E+00  -4.91536676E+00   1.09466657E-01
    178  -5.02753146E+00  -4.91677367E+00   1.10757793E-01
    179  -5.03029021E+00  -4.92868808E+00   1.01602126E-01
    180  -5.04751779E+00  -4.94539853E+00   1.02119266E-01
    181  -5.06474538E+00  -4.96210897E+00   1.02636406E-01
    182  -5.06506197E+00  -4.96314886E+00   1.01913111E-01
    183  -5.07063388E+00  -4.96441228E+00   1.06221599E-01
    184  -5.07140996E+00  -4.96710779E+00   1.04302167E-01
    185  -5.07218604E+00  -4.96980330E+00   1.02382736E-01
    186  -5.07515656E+00  -4.97991472E+00   9.52418400E-02
    187  -5.08397240E+00  -4.98353781E+00   1.00434584E-01
    188  -5.09278823E+00  -4.98716090E+00   1.05627328E-01
    189  -5.09730382E+00  -4.98794113E+00   1.09362684E-01
    190  -5.10159137E+00  -5.00906164E+00   9.25297339E-02
    191  -5.11208632E+00  -5.01004647E+00   1.02039852E-01
    192  -5.11334193E+00  -5.01227463E+00   1.01067305E-01
    193  -5.11889514E+00  -5.01445835E+00   1.04436789E-01
    194  -5.11960667E+00  -5.01755843E+00   1.02048238E-01
    195  -5.12031820E+00  -5.02065851E+00   9.96596877E-02
    196  -5.12128024E+00  -5.02429207E+00   9.69881742E-02
    197  -5.12362152E+00  -5.02575405E+00   9.78674692E-02
    198  -5.12596281E+00  -5.02721604E+00   9.87467643E-02
    199  -5.12634459E+00  -5.02784675E+00   9.84978429E-02
    200  -5.12646053E+00  -5.02819251E+00   9.82680224E-02
    201  -5.12657647E+00  -5.02853827E+00   9.80382019E-02
    202  -5.12662924E+00  -5.02864883E+00   9.79804131E-02
    203  -5.12668681E+00  -5.02879468E+00   9.78921256E-02
    204  -5.13049985E+00  -5.02917757E+00   1.01322284E-01
    205  -5.13089124E+00  -5.03297859E+00   9.79126475E-02
    206  -5.13128263E+00  -5.03677962E+00   9.45030105E-02
    207  -5.13775814E+00  -5.03787675E+00   9.98813901E-02
    208  -5.14182311E+00  -5.05477000E+00   8.70531030E-02
    209  -5.14256356E+00  -5.05751867E+00   8.50448926E-02
    210  -5.14330401E+00  -5.06026733E+00   8.30366824E-02
    211  -5.14524438E+00  -5.06124027E+00   8.40041110E-02
    212  -5.14580348E+00  -5.06261503E+00   8.31884555E-02
    213  -5.15224088E+00  -5.06783223E+00   8.44086461E-02
    214  -5.15867828E+00  -5.07304944E+00   8.56288365E-02
    215  -5.16288361E+00  -5.07363136E+00   8.92522460E-02
    216  -5.16618805E+00  -5.07541416E+00   9.07738873E-02
    217  -5.16949248E+00  -5.07719695E+00   9.22955284E-02
    218  -5.17102083E+00  -5.08333081E+00   8.76900185E-02
    219  -5.17147128E+00  -5.08562325E+00   8.58480319E-02
    220  -5.17157568E+00  -5.08667541E+00   8.49002752E-02
    221  -5.17239584E+00  -5.08774863E+00   8.46472079E-02
    222  -5.17272565E+00  -5.08890935E+00   8.38163009E-02
    223  -5.17305547E+00  -5.09007008E+00   8.29853941E-02
    224  -5.17335817E+00  -5.09033610E+00   8.30220708E-02
    225  -5.17366086E+00  -5.09060211E+00   8.30587474E-02
    226  -5.17375209E+00  -5.09084876E+00   8.29033258E-02
    227  -5.17376138E+00  -5.09090646E+00   8.28549194E-02
    228  -5.17770230E+00  -5.09149297E+00   8.62093224E-02
    229  -5.18135796E+00  -5.09314658E+00   8.82113781E-02
    230  -5.18199355E+00  -5.09516051E+00   8.68330366E-02
    231  -5.18210290E+00  -5.09585807E+00   8.62448257E-02
    232  -5.18221224E+00  -5.09655563E+00   8.56566149E-02
    233  -5.18250832E+00  -5.09681867E+00   8.56896517E-02
    234  -5.18280440E+00  -5.09708171E+00   8.57226885E-02
    235  -5.18289194E+00  -5.09726126E+00   8.56306749E-02
    236  -5.18297947E+00  -5.09744081E+00   8.55386612E-02
    237  -5.18309456E+00  -5.09757544E+00   8.55191175E-02
    238  -5.18313083E+00  -5.09762849E+00   8.55023376E-02
    239  -5.18321393E+00  -5.09771535E+00   8.54985805E-02
    240  -5.18329703E+00  -5.09780221E+00   8.54948233E-02
    241  -5.18331006E+00  -5.09786676E+00   8.54432974E-02
    242  -5.18330766E+00  -5.09787122E+00   8.54364446E-02
    243  -5.18332611E+00  -5.09790673E+00   8.54193845E-02
    244  -5.18437679E+00  -5.09806768E+00   8.63091144E-02
    245  -5.18439710E+00  -5.09809105E+00   8.63060544E-02
    246  -5.18441265E+00  -5.09811152E+00   8.63011283E-02
    247  -5.18442820E+00  -5.09813200E+00   8.62962023E-02
    248  -5.18442866E+00  -5.09813352E+00   8.62951396E-02
    249  -5.18443424E+00  -5.09818107E+00   8.62531695E-02
    250  -5.18444119E+00  -5.09822115E+00   8.62200420E-02
    251  -5.18444814E+00  -5.09826122E+00   8.61869145E-02
    252  -5.18445106E+00  -5.09826567E+00   8.61853830E-02
    253  -5.19527874E+00  -5.10153077E+00   9.37479692E-02
    254  -5.19651784E+00  -5.10806836E+00   8.84494725E-02
    255  -5.19775693E+00  -5.11460596E+00   8.31509759E-02
    256  -5.19996266E+00  -5.12358444E+00   7.63782199E-02
    257  -5.20216839E+00  -5.13256293E+00   6.96054641E-02
    258  -5.20550948E+00  -5.14633860E+00   5.91708750E-02
    259  -5.21165131E+00  -5.14706640E+00   6.45849127E-02
    260  -5.21917308E+00  -5.15148372E+00   6.76893565E-02
    261  -5.23808245E+00  -5.15912685E+00   7.89556010E-02
    262  -5.25699183E+00  -5.16676998E+00   9.02218454E-02
    263  -5.26760341E+00  -5.16791262E+00   9.96907834E-02
    264  -5.26929135E+00  -5.17493868E+00   9.43526738E-02
    265  -5.27097929E+00  -5.18196473E+00   8.90145641E-02
    266  -5.27355589E+00  -5.18328771E+00   9.02681808E-02
    267  -5.27744073E+00  -5.20255435E+00   7.48863873E-02
    268  -5.27771153E+00  -5.20483697E+00   7.28745588E-02
    269  -5.28202290E+00  -5.22233668E+00   5.96862120E-02
    270  -5.28236422E+00  -5.22448708E+00   5.78771428E-02
    271  -5.28671484E+00  -5.22514634E+00   6.15685054E-02
    272  -5.29451272E+00  -5.22882848E+00   6.56842429E-02
    273  -5.30231060E+00  -5.23251062E+00   6.97999805E-02
    274  -5.30661009E+00  -5.23443950E+00   7.21705870E-02
    275  -5.30902375E+00  -5.24124644E+00   6.77773121E-02
    276  -5.30967655E+00  -5.24296090E+00   6.67156466E-02
    277  -5.31032934E+00  -5.24467536E+00   6.56539812E-02
    278  -5.31095878E+00  -5.24588431E+00   6.50744726E-02
    279  -5.31158823E+00  -5.24709326E+00   6.44949640E-02
    280  -5.31231497E+00  -5.24764785E+00   6.46671210E-02
    281  -5.31279147E+00  -5.24850054E+00   6.42909240E-02
    282  -5.31326796E+00  -5.24935324E+00   6.39147271E-02
    283  -5.31338096E+00  -5.24957064E+00   6.38103180E-02
    284  -5.31466952E+00  -5.24987596E+00   6.47935623E-02
    285  -5.31503094E+00  -5.25006280E+00   6.49681358E-02
    286  -5.31531049E+00  -5.25041495E+00   6.48955402E-02
    287  -5.31594896E+00  -5.25158700E+00   6.43619520E-02
    288  -5.31622941E+00  -5.25186274E+00   6.43666739E-02
    289  -5.31650988E+00  -5.25213848E+00   6.43713971E-02
    290  -5.31681869E+00  -5.25246333E+00   6.43553527E-02
    291  -5.31712750E+00  -5.25278819E+00   6.43393074E-02
    292  -5.31717421E+00  -5.25306520E+00   6.41090138E-02
    293  -5.31730921E+00  -5.25387709E+00   6.34321144E-02
    294  -5.31745574E+00  -5.25400643E+00   6.34493106E-02
    295  -5.31760228E+00  -5.25413577E+00   6.34665068E-02
    296  -5.31764223E+00  -5.25424217E+00   6.34000628E-02
    297  -5.31768883E+00  -5.25436025E+00   6.33285874E-02
    298  -5.31773544E+00  -5.25447833E+00   6.32571118E-02
    299  -5.31773789E+00  -5.25450512E+00   6.32327621E-02
    300  -5.31822753E+00  -5.25467363E+00   6.35538975E-02
    301  -5.31828214E+00  -5.25478049E+00   6.35016506E-02
    302  -5.31833674E+00  -5.25488734E+00   6.34494036E-02
    303  -5.31834783E+00  -5.25491525E+00   6.34325719E-02
    304  -5.31838477E+00  -5.25500717E+00   6.33776025E-02
    305  -5.31841554E+00  -5.25512520E+00   6.32903387E-02
    306  -5.32458577E+00  -5.25572136E+00   6.88644076E-02
    307  -5.32573124E+00  -5.25772311E+00   6.80081356E-02
    308  -5.32687672E+00  -5.25972486E+00   6.71518636E-02
    309  -5.32900565E+00  -5.26016316E+00   6.88424933E-02
    310  -5.32938304E+00  -5.26254454E+00   6.68385002E-02
    311  -5.32976044E+00  -5.26492593E+00   6.48345072E-02
    312  -5.33337641E+00  -5.26630947E+00   6.70669386E-02
    313  -5.33699238E+00  -5.26769301E+00   6.92993700E-02
    314  -5.33785044E+00  -5.27152880E+00   6.63216311E-02
    315  -5.33862553E+00  -5.27697052E+00   6.16550096E-02
    316  -5.34056641E+00  -5.27747505E+00   6.30913627E-02
    317  -5.34177901E+00  -5.27986866E+00   6.19103580E-02
    318  -5.34521852E+00  -5.28027412E+00   6.49443992E-02
    319  -5.34733702E+00  -5.28169986E+00   6.56371648E-02
    320  -5.34945553E+00  -5.28312560E+00   6.63299303E-02
    321  -5.34952134E+00  -5.28410731E+00   6.54140225E-02
    322  -5.35219927E+00  -5.28515722E+00   6.70420528E-02
    323  -5.35240234E+00  -5.28593887E+00   6.64634723E-02
    324  -5.35260541E+00  -5.28672052E+00   6.58848919E-02
    325  -5.35312199E+00  -5.28844218E+00   6.46798115E-02
    326  -5.35378615E+00  -5.28969554E+00   6.40906125E-02
    327  -5.35427920E+00  -5.28998342E+00   6.42957778E-02
    328  -5.35439325E+00  -5.29033658E+00   6.40566711E-02
    329  -5.35450729E+00  -5.29068973E+00   6.38175645E-02
    330  -5.35453845E+00  -5.29078021E+00   6.37582376E-02
    331  -5.35467667E+00  -5.29104103E+00   6.36356474E-02
    332  -5.35481490E+00  -5.29130184E+00   6.35130583E-02
    333  -5.35503412E+00  -5.29153815E+00   6.34959729E-02
    334  -5.35525334E+00  -5.29177445E+00   6.34788861E-02
    335  -5.35533427E+00  -5.29195822E+00   6.33760495E-02
    336  -5.35539176E+00  -5.29215645E+00   6.32353154E-02
    337  -5.35564246E+00  -5.29223369E+00   6.34087700E-02
    338  -5.35568845E+00  -5.29232787E+00   6.33605741E-02
    339  -5.35570852E+00  -5.29236901E+00   6.33395084E-02
    340  -5.35572859E+00  -5.29241014E+00   6.33184427E-02
    341  -5.35573687E+00  -5.29245498E+00   6.32818982E-02
    342  -5.36064075E+00  -5.29290828E+00   6.77324756E-02
    343  -5.36119000E+00  -5.29543095E+00   6.57590481E-02
    344  -5.36173925E+00  -5.29795363E+00   6.37856205E-02
    345  -5.36410381E+00  -5.29846248E+00   6.56413342E-02
    346  -5.36441865E+00  -5.30136508E+00   6.30535681E-02
    347  -5.36473348E+00  -5.30426768E+00   6.04658022E-02
    348  -5.36836062E+00  -5.30553143E+00   6.28291857E-02
    349  -5.37198775E+00  -5.30679518E+00   6.51925694E-02
    350  -5.37291789E+00  -5.31194934E+00   6.09685537E-02
    351  -5.37363773E+00  -5.31225018E+00   6.13875502E-02
    352  -5.37382800E+00  -5.31381121E+00   6.00167872E-02
    353  -5.37424587E+00  -5.31684409E+00   5.74017725E-02
    354  -5.37574045E+00  -5.31770431E+00   5.80361370E-02
    355  -5.37723503E+00  -5.31856452E+00   5.86705016E-02
    356  -5.37775718E+00  -5.31955071E+00   5.82064699E-02
    357  -5.37841664E+00  -5.32121411E+00   5.72025354E-02
    358  -5.38022249E+00  -5.32152246E+00   5.87000268E-02
    359  -5.38049730E+00  -5.32183787E+00   5.86594214E-02
    360  -5.38205843E+00  -5.32218300E+00   5.98754342E-02
    361  -5.38214938E+00  -5.32241179E+00   5.97375873E-02
    362  -5.38224033E+00  -5.32264059E+00   5.95997404E-02
    363  -5.38230917E+00  -5.32278013E+00   5.95290382E-02
    364  -5.38237801E+00  -5.32291968E+00   5.94583359E-02
    365  -5.38238504E+00  -5.32297703E+00   5.94080130E-02
    366  -5.38240456E+00  -5.32301744E+00   5.93871204E-02
    367  -5.38268164E+00  -5.32571477E+00   5.69668669E-02
    368  -5.38295872E+00  -5.32841211E+00   5.45466135E-02
    369  -5.38755098E+00  -5.32982262E+00   5.77283583E-02
    370  -5.38788938E+00  -5.33157973E+00   5.63096427E-02
    371  -5.38822777E+00  -5.33333685E+00   5.48909272E-02
    372  -5.38955872E+00  -5.33886417E+00   5.06945547E-02
    373  -5.38974085E+00  -5.34079911E+00   4.89417366E-02
    374  -5.39078690E+00  -5.34131148E+00   4.94754122E-02
    375  -5.39280632E+00  -5.34339631E+00   4.94100122E-02
    376  -5.39482574E+00  -5.34548113E+00   4.93446118E-02
    377  -5.39922298E+00  -5.34676721E+00   5.24557651E-02
    378  -5.40362021E+00  -5.34805329E+00   5.55669188E-02
    379  -5.40403485E+00  -5.35017442E+00   5.38604348E-02
    380  -5.40498486E+00  -5.35100714E+00   5.39777143E-02
    381  -5.40831399E+00  -5.35163176E+00   5.66822323E-02
    382  -5.40878122E+00  -5.35243153E+00   5.63496858E-02
    383  -5.40924845E+00  -5.35323131E+00   5.60171394E-02
    384  -5.40978774E+00  -5.35449104E+00   5.52967081E-02
    385  -5.41016241E+00  -5.35505972E+00   5.51026867E-02
    386  -5.41053707E+00  -5.35562841E+00   5.49086651E-02
    387  -5.41062694E+00  -5.35579402E+00   5.48329231E-02
    388  -5.41078125E+00  -5.35607207E+00   5.47091888E-02
    389  -5.41086093E+00  -5.35623736E+00   5.46235706E-02
    390  -5.41547723E+00  -5.35675965E+00   5.87175825E-02
    391  -5.41575565E+00  -5.35854474E+00   5.72109115E-02
    392  -5.41603406E+00  -5.36032982E+00   5.57042405E-02
    393  -5.41782997E+00  -5.37089571E+00   4.69342615E-02
    394  -5.41940123E+00  -5.37131496E+00   4.80862701E-02
    395  -5.42010798E+00  -5.37261661E+00   4.74913731E-02
    396  -5.42081473E+00  -5.37391825E+00   4.68964763E-02
    397  -5.42380295E+00  -5.37628453E+00   4.75184175E-02
    398  -5.42679117E+00  -5.37865081E+00   4.81403583E-02
    399  -5.42852284E+00  -5.37939467E+00   4.91281772E-02
    400  -5.42897822E+00  -5.38022858E+00   4.87496348E-02
    401  -5.43191919E+00  -5.38140792E+00   5.05112688E-02
    402  -5.43486016E+00  -5.38258726E+00   5.22729028E-02
    403  -5.43551072E+00  -5.38543277E+00   5.00779500E-02
    404  -5.43583305E+00  -5.38714119E+00   4.86918625E-02
    405  -5.43591194E+00  -5.38790816E+00   4.80037808E-02
    406  -5.43610434E+00  -5.38865139E+00   4.74529453E-02
    407  -5.43629674E+00  -5.38939463E+00   4.69021098E-02
    408  -5.43678627E+00  -5.39000510E+00   4.67811779E-02
    409  -5.43809750E+00  -5.39023707E+00   4.78604221E-02
    410  -5.43820055E+00  -5.39052808E+00   4.76724685E-02
    411  -5.43825555E+00  -5.39079025E+00   4.74652985E-02
    412  -5.43831055E+00  -5.39105242E+00   4.72581286E-02
    413  -5.43832485E+00  -5.39111113E+00   4.72137276E-02
    414  -5.44105514E+00  -5.39222268E+00   4.88324576E-02
    415  -5.44162270E+00  -5.39276377E+00   4.88589231E-02
    416  -5.44219025E+00  -5.39330486E+00   4.88853886E-02
    417  -5.44225582E+00  -5.39342568E+00   4.88301400E-02
    418  -5.44232138E+00  -5.39354649E+00   4.87748914E-02
    419  -5.44255096E+00  -5.39427548E+00   4.82754796E-02
    420  -5.44355331E+00  -5.39442554E+00   4.91277680E-02
    421  -5.44370692E+00  -5.39485543E+00   4.88514840E-02
    422  -5.44380489E+00  -5.39512129E+00   4.86836002E-02
    423  -5.44383512E+00  -5.39516884E+00   4.86662871E-02
    424  -5.44385135E+00  -5.39525570E+00   4.85956475E-02
    425  -5.44386758E+00  -5.39534257E+00   4.85250079E-02
    426  -5.44387157E+00  -5.39535176E+00   4.85198179E-02
    427  -5.44763705E+00  -5.39581576E+00   5.18212898E-02
    428  -5.44767843E+00  -5.39589576E+00   5.17826672E-02
    429  -5.44771981E+00  -5.39597576E+00   5.17440447E-02
    430  -5.44775587E+00  -5.39602645E+00   5.17294192E-02
    431  -5.44777188E+00  -5.39607189E+00   5.16999913E-02
    432  -5.44778071E+00  -5.39609352E+00   5.16871909E-02
    433  -5.44783317E+00  -5.39613293E+00   5.17002412E-02
    434  -5.44788562E+00  -5.39617233E+00   5.17132916E-02
    435  -5.44790564E+00  -5.39620380E+00   5.17018314E-02
    436  -5.44792565E+00  -5.39623528E+00   5.16903711E-02
    437  -5.44792606E+00  -5.39623781E+00   5.16882475E-02
    438  -5.44792626E+00  -5.39623894E+00   5.16873234E-02
    439  -5.44838138E+00  -5.39726830E+00   5.11130815E-02
    440  -5.44883649E+00  -5.39829765E+00   5.05388396E-02
    441  -5.44979102E+00  -5.39892331E+00   5.08677058E-02
    442  -5.45015405E+00  -5.40197119E+00   4.81828591E-02
    443  -5.45223273E+00  -5.40299060E+00   4.92421346E-02
    444  -5.45431142E+00  -5.40401001E+00   5.03014100E-02
    445  -5.45512696E+00  -5.40536089E+00   4.97660669E-02
    446  -5.45585766E+00  -5.40580150E+00   5.00561640E-02
    447  -5.45615711E+00  -5.41027557E+00   4.58815424E-02
    448  -5.45645656E+00  -5.41474963E+00   4.17069208E-02
    449  -5.45713990E+00  -5.41511517E+00   4.20247312E-02
    450  -5.45782325E+00  -5.41548070E+00   4.23425416E-02
    451  -5.45785747E+00  -5.41592061E+00   4.19368590E-02
    452  -5.45816883E+00  -5.41595906E+00   4.22097754E-02
    453  -5.45836569E+00  -5.41626364E+00   4.21020523E-02
    454  -5.45898256E+00  -5.41648897E+00   4.24935866E-02
    455  -5.45906874E+00  -5.41722659E+00   4.18421497E-02
    456  -5.45924539E+00  -5.41762417E+00   4.16212195E-02
    457  -5.45928141E+00  -5.41780811E+00   4.14733029E-02
    458  -5.45931743E+00  -5.41799204E+00   4.13253863E-02
    459  -5.45941549E+00  -5.41806997E+00   4.13455222E-02
    460  -5.45951355E+00  -5.41814790E+00   4.13656582E-02
    461  -5.45951703E+00  -5.41818086E+00   4.13361773E-02
    462  -5.45952796E+00  -5.41820454E+00   4.13234206E-02
    463  -5.45963130E+00  -5.42043700E+00   3.91942946E-02
    464  -5.45973463E+00  -5.42266946E+00   3.70651686E-02
    465  -5.46990071E+00  -5.42650337E+00   4.33973386E-02
    466  -5.47198630E+00  -5.42970959E+00   4.22767102E-02
    467  -5.47407189E+00  -5.43291581E+00   4.11560819E-02
    468  -5.47935450E+00  -5.43573688E+00   4.36176230E-02
    469  -5.48463711E+00  -5.43855795E+00   4.60791641E-02
    470  -5.48563089E+00  -5.44695063E+00   3.86802533E-02
    471  -5.49383854E+00  -5.45174061E+00   4.20979297E-02
    472  -5.49685105E+00  -5.45408490E+00   4.27661466E-02
    473  -5.49784623E+00  -5.46261934E+00   3.52268907E-02
    474  -5.49823864E+00  -5.46683465E+00   3.14039943E-02
    475  -5.49888594E+00  -5.47153219E+00   2.73537574E-02
    476  -5.50388045E+00  -5.47370276E+00   3.01776933E-02
    477  -5.50887496E+00  -5.47587333E+00   3.30016293E-02
    478  -5.51090304E+00  -5.47618905E+00   3.47139971E-02
    479  -5.51141067E+00  -5.47790062E+00   3.35100545E-02
    480  -5.51157027E+00  -5.47875806E+00   3.28122029E-02
    481  -5.51172986E+00  -5.47961551E+00   3.21143513E-02
    482  -5.51205825E+00  -5.48003415E+00   3.20240931E-02
    483  -5.51210460E+00  -5.48023303E+00   3.18715611E-02
    484  -5.51215094E+00  -5.48043192E+00   3.17190292E-02
    485  -5.51387623E+00  -5.48541169E+00   2.84645399E-02
    486  -5.51393355E+00  -5.48561130E+00   2.83222514E-02
    487  -5.51394026E+00  -5.48564004E+00   2.83002179E-02
    488  -5.51443039E+00  -5.48623463E+00   2.81957571E-02
    489  -5.51492052E+00  -5.48682923E+00   2.80912963E-02
    490  -5.51641937E+00  -5.48732764E+00   2.90917290E-02
    491  -5.51762828E+00  -5.48774220E+00   2.98860795E-02
    492  -5.51832175E+00  -5.49061784E+00   2.77039073E-02
    493  -5.51898740E+00  -5.49113231E+00   2.78550963E-02
    494  -5.51965306E+00  -5.49164677E+00   2.80062853E-02
    495  -5.52001781E+00  -5.49363448E+00   2.63833291E-02
    496  -5.52052729E+00  -5.49396308E+00   2.65642059E-02
    497  -5.52147610E+00  -5.49454772E+00   2.69283815E-02
    498  -5.52242491E+00  -5.49513236E+00   2.72925570E-02
    499  -5.52289724E+00  -5.49631391E+00   2.65833293E-02
