1 1 128
0.0 0.0 0.5
0.0 0.0 0.0

      25.980765000  15.000000000   0.000000000
       0.000000000  30.000000000   0.000000000
       0.000000000   0.000000000   4.618514866
20
   6   6.412934963   0.010727526  -2.309059641
   6   5.860088757   2.603973456  -2.309046518
   6   5.181323387   3.778295303   0.000062614
   6   3.209932498   5.551509434   0.000102849
   6   1.970634656   6.102764187  -2.309078202
   6  -0.666529911   6.378854774  -2.309105123
   6  -1.993272198   6.096205773   0.000121776
   6  -4.288707127   4.769476994   0.000115278
   6  -5.195737267   3.761317926  -2.309098437
   6  -6.272779263   1.338241688  -2.309082339
   6  -6.413899369  -0.010887296   0.000107356
   6  -5.860913865  -2.604050212   0.000055178
   6  -5.182293573  -3.778450693  -2.309048443
   6  -3.210932461  -5.551552567  -2.308972407
   6  -1.971447797  -6.102799013  -0.000004484
   6   0.665697975  -6.378913183   0.000033691
   6   1.992051541  -6.096333987  -2.309003121
   6   4.287751503  -4.769568919  -2.309075737
   6   5.195055898  -3.761177273   0.000089857
   6   6.271861595  -1.338286272   0.000074779
150 150 24
.false.
