# k =  0.00000000E+00  0.00000000E+00  0.00000000E+00 spin= 1
 # n1 <i|Sigma_ch|i> (eV), partial sum
 #      nbands   ch(vbm)          ch(cbm)           diff        converged
       1 -0.13211555E-01 -0.14713580E-01 -0.15020248E-02 -0.25160208E-01
       2 -0.28180158E-01 -0.29266536E-01 -0.10863779E-02 -0.25160208E-01
       3 -0.41484961E-01 -0.46552303E-01 -0.50673415E-02 -0.25160208E-01
       4 -0.58650705E-01 -0.64889334E-01 -0.62386288E-02 -0.25160208E-01
       5 -0.76169341E-01 -0.82920705E-01 -0.67513634E-02 -0.25160208E-01
       6 -0.93702295E-01 -0.10819516E+00 -0.14492863E-01 -0.25160208E-01
       7 -0.11201971E+00 -0.12793545E+00 -0.15915747E-01 -0.25160208E-01
       8 -0.12462988E+00 -0.16027228E+00 -0.35642393E-01 -0.25160208E-01
       9 -0.14268235E+00 -0.18255687E+00 -0.39874520E-01 -0.25160208E-01
      10 -0.15844057E+00 -0.20246326E+00 -0.44022696E-01 -0.25160208E-01
      11 -0.17323777E+00 -0.21890349E+00 -0.45665719E-01 -0.25160208E-01
      12 -0.18556938E+00 -0.23558233E+00 -0.50012948E-01 -0.25160208E-01
      13 -0.20631011E+00 -0.25750828E+00 -0.51198170E-01 -0.25160208E-01
      14 -0.22224145E+00 -0.27781744E+00 -0.55575996E-01 -0.25160208E-01
      15 -0.24500729E+00 -0.30990081E+00 -0.64893512E-01 -0.25160208E-01
      16 -0.27964485E+00 -0.34481879E+00 -0.65173942E-01 -0.25160208E-01
      17 -0.29637619E+00 -0.36979910E+00 -0.73422913E-01 -0.25160208E-01
      18 -0.30257834E+00 -0.39783107E+00 -0.95252725E-01 -0.25160208E-01
      19 -0.32713185E+00 -0.42637956E+00 -0.99247704E-01 -0.25160208E-01
      20 -0.33933370E+00 -0.45353354E+00 -0.11419984E+00 -0.25160208E-01
      21 -0.35377862E+00 -0.48125769E+00 -0.12747907E+00 -0.25160208E-01
      22 -0.36620706E+00 -0.50515328E+00 -0.13894623E+00 -0.25160208E-01
      23 -0.38068916E+00 -0.53539870E+00 -0.15470953E+00 -0.25160208E-01
      24 -0.39428679E+00 -0.56648578E+00 -0.17219899E+00 -0.25160208E-01
      25 -0.40543719E+00 -0.59118120E+00 -0.18574401E+00 -0.25160208E-01
      26 -0.41306811E+00 -0.60900028E+00 -0.19593217E+00 -0.25160208E-01
      27 -0.42530621E+00 -0.62681531E+00 -0.20150910E+00 -0.25160208E-01
      28 -0.43557392E+00 -0.65994337E+00 -0.22436945E+00 -0.25160208E-01
      29 -0.44720002E+00 -0.69302095E+00 -0.24582092E+00 -0.25160208E-01
      30 -0.45628947E+00 -0.70536480E+00 -0.24907532E+00 -0.25160208E-01
      31 -0.46207068E+00 -0.71742197E+00 -0.25535130E+00 -0.25160208E-01
      32 -0.48955440E+00 -0.74952396E+00 -0.25996956E+00 -0.25160208E-01
      33 -0.50001351E+00 -0.76248869E+00 -0.26247518E+00 -0.25160208E-01
      34 -0.55873332E+00 -0.82784795E+00 -0.26911463E+00 -0.25160208E-01
      35 -0.57919327E+00 -0.87410969E+00 -0.29491642E+00 -0.25160208E-01
      36 -0.59937873E+00 -0.92056904E+00 -0.32119031E+00 -0.25160208E-01
      37 -0.66237372E+00 -0.98012191E+00 -0.31774819E+00 -0.25160208E-01
      38 -0.72603088E+00 -0.10397933E+01 -0.31376238E+00 -0.25160208E-01
      39 -0.74991267E+00 -0.10652400E+01 -0.31532737E+00 -0.25160208E-01
      40 -0.77265336E+00 -0.10902894E+01 -0.31763604E+00 -0.25160208E-01
      41 -0.79749470E+00 -0.11053905E+01 -0.30789580E+00 -0.25160208E-01
      42 -0.82463289E+00 -0.11231179E+01 -0.29848502E+00 -0.25160208E-01
      43 -0.84027986E+00 -0.11330684E+01 -0.29278850E+00 -0.25160208E-01
      44 -0.89289378E+00 -0.11624222E+01 -0.26952846E+00 -0.25160208E-01
      45 -0.94531937E+00 -0.11921990E+01 -0.24687965E+00 -0.25160208E-01
      46 -0.96780022E+00 -0.12047634E+01 -0.23696323E+00 -0.25160208E-01
      47 -0.99053268E+00 -0.12258637E+01 -0.23533103E+00 -0.25160208E-01
      48 -0.11044963E+01 -0.12783154E+01 -0.17381908E+00 -0.25160208E-01
      49 -0.12223148E+01 -0.13741789E+01 -0.15186407E+00 -0.25160208E-01
      50 -0.12425153E+01 -0.13945200E+01 -0.15200461E+00 -0.25160208E-01
      51 -0.12574164E+01 -0.14145560E+01 -0.15713960E+00 -0.25160208E-01
      52 -0.12941813E+01 -0.14455138E+01 -0.15133245E+00 -0.25160208E-01
      53 -0.13376378E+01 -0.15388879E+01 -0.20125013E+00 -0.25160208E-01
      54 -0.14037332E+01 -0.15957135E+01 -0.19198025E+00 -0.25160208E-01
      55 -0.15033884E+01 -0.16628173E+01 -0.15942894E+00 -0.25160208E-01
      56 -0.16133021E+01 -0.17831911E+01 -0.16988899E+00 -0.25160208E-01
      57 -0.17769842E+01 -0.19184218E+01 -0.14143766E+00 -0.25160208E-01
      58 -0.18694007E+01 -0.20461219E+01 -0.17672119E+00 -0.25160208E-01
      59 -0.20694529E+01 -0.21361768E+01 -0.66723961E-01 -0.25160208E-01
      60 -0.22947962E+01 -0.22263599E+01  0.68436271E-01 -0.25160208E-01
      61 -0.24670037E+01 -0.23174228E+01  0.14958086E+00 -0.25160208E-01
      62 -0.27072868E+01 -0.24083948E+01  0.29889204E+00 -0.25160208E-01
      63 -0.32203828E+01 -0.25301968E+01  0.69018601E+00 -0.25160208E-01
      64 -0.37192989E+01 -0.26519399E+01  0.10673591E+01 -0.25160208E-01
      65 -0.39054132E+01 -0.33078849E+01  0.59752835E+00 -0.25160208E-01
      66 -0.40069569E+01 -0.36219047E+01  0.38505228E+00 -0.25160208E-01
      67 -0.41779406E+01 -0.40958024E+01  0.82138217E-01 -0.25160208E-01
      68 -0.44250721E+01 -0.42666824E+01  0.15838964E+00 -0.25160208E-01
      69 -0.45771286E+01 -0.45046122E+01  0.72516436E-01 -0.25160208E-01
      70 -0.47443747E+01 -0.46793697E+01  0.65005087E-01 -0.25160208E-01
      71 -0.49200494E+01 -0.48716685E+01  0.48380884E-01 -0.25160208E-01
      72 -0.49954018E+01 -0.49423111E+01  0.53090787E-01 -0.25160208E-01
      73 -0.50793417E+01 -0.50132180E+01  0.66123650E-01 -0.25160208E-01
      74 -0.51374287E+01 -0.50487210E+01  0.88707649E-01 -0.25160208E-01
      75 -0.51501888E+01 -0.50797490E+01  0.70439816E-01 -0.25160208E-01
      76 -0.51609904E+01 -0.51013594E+01  0.59630966E-01 -0.25160208E-01
      77 -0.52140644E+01 -0.51512114E+01  0.62852984E-01 -0.25160208E-01
      78 -0.52308013E+01 -0.51737638E+01  0.57037473E-01 -0.25160208E-01
      79 -0.52451100E+01 -0.51871239E+01  0.57986082E-01 -0.25160208E-01
      80 -0.52631408E+01 -0.52033995E+01  0.59741282E-01 -0.25160208E-01
      81 -0.52687978E+01 -0.52106434E+01  0.58154461E-01 -0.25160208E-01
      82 -0.52722970E+01 -0.52150922E+01  0.57204822E-01 -0.25160208E-01
      83 -0.53085002E+01 -0.52540220E+01  0.54478277E-01 -0.25160208E-01
      84 -0.53225656E+01 -0.52823063E+01  0.40259348E-01 -0.25160208E-01
      85 -0.53395280E+01 -0.52978946E+01  0.41633378E-01 -0.25160208E-01
      86 -0.53588889E+01 -0.53217061E+01  0.37182848E-01 -0.25160208E-01
      87 -0.53728597E+01 -0.53416651E+01  0.31194562E-01 -0.25160208E-01
      88 -0.53884567E+01 -0.53501607E+01  0.38296008E-01 -0.25160208E-01
      89 -0.53911538E+01 -0.53560850E+01  0.35068746E-01 -0.25160208E-01
      90 -0.53925331E+01 -0.53573158E+01  0.35217239E-01 -0.25160208E-01
      91 -0.53946160E+01 -0.53589044E+01  0.35711629E-01 -0.25160208E-01
      92 -0.53961489E+01 -0.53601342E+01  0.36014669E-01 -0.25160208E-01
      93 -0.53976271E+01 -0.53610023E+01  0.36624754E-01 -0.25160208E-01
      94 -0.54052218E+01 -0.53739505E+01  0.31271312E-01 -0.25160208E-01
      95 -0.54198248E+01 -0.54057836E+01  0.14041215E-01 -0.25160208E-01
      96 -0.54289957E+01 -0.54273719E+01  0.16238300E-02 -0.25160208E-01
      97 -0.54345891E+01 -0.54362327E+01 -0.16436325E-02 -0.25160208E-01
      98 -0.54519878E+01 -0.54526489E+01 -0.66110538E-03 -0.25160208E-01
      99 -0.54692960E+01 -0.54706780E+01 -0.13820038E-02 -0.25160208E-01
     100 -0.54750124E+01 -0.54805184E+01 -0.55059809E-02 -0.25160208E-01
     101 -0.54768962E+01 -0.54819926E+01 -0.50964458E-02 -0.25160208E-01
     102 -0.54856722E+01 -0.54963767E+01 -0.10704484E-01 -0.25160208E-01
     103 -0.54944526E+01 -0.55113388E+01 -0.16886173E-01 -0.25160208E-01
     104 -0.54974619E+01 -0.55133790E+01 -0.15917091E-01 -0.25160208E-01
     105 -0.54995143E+01 -0.55158379E+01 -0.16323629E-01 -0.25160208E-01
     106 -0.55165640E+01 -0.55330633E+01 -0.16499295E-01 -0.25160208E-01
     107 -0.55358707E+01 -0.55565884E+01 -0.20717704E-01 -0.25160208E-01
     108 -0.55406604E+01 -0.55652439E+01 -0.24583468E-01 -0.25160208E-01
     109 -0.55443280E+01 -0.55697283E+01 -0.25400233E-01 -0.25160208E-01
     110 -0.55480492E+01 -0.55749667E+01 -0.26917540E-01 -0.25160208E-01
     111 -0.55508401E+01 -0.55787023E+01 -0.27862262E-01 -0.25160208E-01
     112 -0.55543136E+01 -0.55820074E+01 -0.27693722E-01 -0.25160208E-01
     113 -0.55654368E+01 -0.55931240E+01 -0.27687147E-01 -0.25160208E-01
     114 -0.55748973E+01 -0.56034985E+01 -0.28601219E-01 -0.25160208E-01
     115 -0.55766454E+01 -0.56064599E+01 -0.29814532E-01 -0.25160208E-01
     116 -0.55805818E+01 -0.56109144E+01 -0.30332643E-01 -0.25160208E-01
     117 -0.55841195E+01 -0.56148402E+01 -0.30720755E-01 -0.25160208E-01
     118 -0.55875016E+01 -0.56184317E+01 -0.30930014E-01 -0.25160208E-01
     119 -0.55908049E+01 -0.56222448E+01 -0.31439908E-01 -0.25160208E-01
     120 -0.55936681E+01 -0.56253431E+01 -0.31675026E-01 -0.25160208E-01
     121 -0.55956126E+01 -0.56278130E+01 -0.32200404E-01 -0.25160208E-01
     122 -0.55977800E+01 -0.56302278E+01 -0.32447824E-01 -0.25160208E-01
     123 -0.55999781E+01 -0.56330375E+01 -0.33059454E-01 -0.25160208E-01
     124 -0.56029029E+01 -0.56368639E+01 -0.33960968E-01 -0.25160208E-01
     125 -0.56055713E+01 -0.56399701E+01 -0.34398776E-01 -0.25160208E-01
     126 -0.56091577E+01 -0.56440030E+01 -0.34845327E-01 -0.25160208E-01
     127 -0.56116532E+01 -0.56470069E+01 -0.35353760E-01 -0.25160208E-01
     128 -0.56155244E+01 -0.56498628E+01 -0.34338373E-01 -0.25160208E-01
     129 -0.56172112E+01 -0.56512832E+01 -0.34072027E-01 -0.25160208E-01
     130 -0.56196738E+01 -0.56541995E+01 -0.34525706E-01 -0.25160208E-01
     131 -0.56222388E+01 -0.56574129E+01 -0.35174072E-01 -0.25160208E-01
     132 -0.56253497E+01 -0.56613012E+01 -0.35951495E-01 -0.25160208E-01
# k =  0.00000000E+00  0.00000000E+00  0.12500000E+00 spin= 1
 # n1 <i|Sigma_ch|i> (eV), partial sum
 #      nbands   ch(vbm)          ch(cbm)           diff        converged
       1 -0.14054346E-01 -0.15544225E-01 -0.14898788E-02 -0.11010938E+00
       2 -0.29931194E-01 -0.30296707E-01 -0.36551342E-03 -0.11010938E+00
       3 -0.45586286E-01 -0.46763299E-01 -0.11770134E-02 -0.11010938E+00
       4 -0.63689090E-01 -0.64798572E-01 -0.11094820E-02 -0.11010938E+00
       5 -0.82096432E-01 -0.83158230E-01 -0.10617981E-02 -0.11010938E+00
       6 -0.10006150E+00 -0.10432784E+00 -0.42663336E-02 -0.11010938E+00
       7 -0.11984262E+00 -0.12584617E+00 -0.60035553E-02 -0.11010938E+00
       8 -0.13576451E+00 -0.15294730E+00 -0.17182788E-01 -0.11010938E+00
       9 -0.15472621E+00 -0.17642480E+00 -0.21698592E-01 -0.11010938E+00
      10 -0.17209184E+00 -0.20075237E+00 -0.28660530E-01 -0.11010938E+00
      11 -0.18797064E+00 -0.22012547E+00 -0.32154821E-01 -0.11010938E+00
      12 -0.20715713E+00 -0.23868552E+00 -0.31528394E-01 -0.11010938E+00
      13 -0.22119279E+00 -0.26289430E+00 -0.41701509E-01 -0.11010938E+00
      14 -0.24666537E+00 -0.28419946E+00 -0.37534086E-01 -0.11010938E+00
      15 -0.27305731E+00 -0.31640861E+00 -0.43351308E-01 -0.11010938E+00
      16 -0.29744924E+00 -0.34823557E+00 -0.50786326E-01 -0.11010938E+00
      17 -0.30606824E+00 -0.37557208E+00 -0.69503843E-01 -0.11010938E+00
      18 -0.33170542E+00 -0.40599644E+00 -0.74291026E-01 -0.11010938E+00
      19 -0.34117143E+00 -0.43636816E+00 -0.95196726E-01 -0.11010938E+00
      20 -0.35725824E+00 -0.46298554E+00 -0.10572731E+00 -0.11010938E+00
      21 -0.36933625E+00 -0.49003914E+00 -0.12070289E+00 -0.11010938E+00
      22 -0.38568618E+00 -0.51744505E+00 -0.13175886E+00 -0.11010938E+00
      23 -0.39907948E+00 -0.55212474E+00 -0.15304526E+00 -0.11010938E+00
      24 -0.41284727E+00 -0.58322937E+00 -0.17038209E+00 -0.11010938E+00
      25 -0.42533190E+00 -0.60828227E+00 -0.18295037E+00 -0.11010938E+00
      26 -0.43672346E+00 -0.62704242E+00 -0.19031896E+00 -0.11010938E+00
      27 -0.44613715E+00 -0.64515102E+00 -0.19901386E+00 -0.11010938E+00
      28 -0.45695106E+00 -0.67934237E+00 -0.22239131E+00 -0.11010938E+00
      29 -0.46693839E+00 -0.71356120E+00 -0.24662281E+00 -0.11010938E+00
      30 -0.47375689E+00 -0.72615366E+00 -0.25239677E+00 -0.11010938E+00
      31 -0.48386758E+00 -0.73846704E+00 -0.25459946E+00 -0.11010938E+00
      32 -0.51376852E+00 -0.76870967E+00 -0.25494114E+00 -0.11010938E+00
      33 -0.52375884E+00 -0.78167225E+00 -0.25791341E+00 -0.11010938E+00
      34 -0.58639864E+00 -0.84045879E+00 -0.25406015E+00 -0.11010938E+00
      35 -0.60809594E+00 -0.88240456E+00 -0.27430862E+00 -0.11010938E+00
      36 -0.62976459E+00 -0.92438413E+00 -0.29461954E+00 -0.11010938E+00
      37 -0.69568465E+00 -0.97824166E+00 -0.28255701E+00 -0.11010938E+00
      38 -0.76032237E+00 -0.10317329E+01 -0.27141053E+00 -0.11010938E+00
      39 -0.78167027E+00 -0.10572417E+01 -0.27557146E+00 -0.11010938E+00
      40 -0.80380308E+00 -0.10824635E+01 -0.27866037E+00 -0.11010938E+00
      41 -0.82516370E+00 -0.10960829E+01 -0.27091924E+00 -0.11010938E+00
      42 -0.84777092E+00 -0.11119562E+01 -0.26418524E+00 -0.11010938E+00
      43 -0.86485395E+00 -0.11217128E+01 -0.25685882E+00 -0.11010938E+00
      44 -0.91693276E+00 -0.11500828E+01 -0.23315008E+00 -0.11010938E+00
      45 -0.96910802E+00 -0.11799086E+01 -0.21080063E+00 -0.11010938E+00
      46 -0.99241437E+00 -0.11947525E+01 -0.20233812E+00 -0.11010938E+00
      47 -0.10165531E+01 -0.12147588E+01 -0.19820578E+00 -0.11010938E+00
      48 -0.11080417E+01 -0.12628788E+01 -0.15483708E+00 -0.11010938E+00
      49 -0.12386303E+01 -0.13449977E+01 -0.10636733E+00 -0.11010938E+00
      50 -0.12542148E+01 -0.13645934E+01 -0.11037868E+00 -0.11010938E+00
      51 -0.12746205E+01 -0.13836777E+01 -0.10905720E+00 -0.11010938E+00
      52 -0.13132977E+01 -0.14127106E+01 -0.99412903E-01 -0.11010938E+00
      53 -0.13658204E+01 -0.14876440E+01 -0.12182362E+00 -0.11010938E+00
      54 -0.14606658E+01 -0.15390462E+01 -0.78380395E-01 -0.11010938E+00
      55 -0.15429289E+01 -0.15994014E+01 -0.56472585E-01 -0.11010938E+00
      56 -0.16341145E+01 -0.16968822E+01 -0.62767736E-01 -0.11010938E+00
      57 -0.18037836E+01 -0.18290805E+01 -0.25296925E-01 -0.11010938E+00
      58 -0.19368768E+01 -0.19978127E+01 -0.60935921E-01 -0.11010938E+00
      59 -0.22134220E+01 -0.20976813E+01  0.11574064E+00 -0.11010938E+00
      60 -0.24472043E+01 -0.21975368E+01  0.24966749E+00 -0.11010938E+00
      61 -0.27524903E+01 -0.22940342E+01  0.45845604E+00 -0.11010938E+00
      62 -0.29368343E+01 -0.23905447E+01  0.54628967E+00 -0.11010938E+00
      63 -0.35142767E+01 -0.24982303E+01  0.10160464E+01 -0.11010938E+00
      64 -0.39181033E+01 -0.26059236E+01  0.13121797E+01 -0.11010938E+00
      65 -0.39977232E+01 -0.31469523E+01  0.85077093E+00 -0.11010938E+00
      66 -0.41549141E+01 -0.34285769E+01  0.72633719E+00 -0.11010938E+00
      67 -0.42611301E+01 -0.39504338E+01  0.31069635E+00 -0.11010938E+00
      68 -0.43980102E+01 -0.41400884E+01  0.25792189E+00 -0.11010938E+00
      69 -0.45759866E+01 -0.44258217E+01  0.15016495E+00 -0.11010938E+00
      70 -0.47819560E+01 -0.46171327E+01  0.16482322E+00 -0.11010938E+00
      71 -0.49169325E+01 -0.48298596E+01  0.87072924E-01 -0.11010938E+00
      72 -0.50076279E+01 -0.49176814E+01  0.89946432E-01 -0.11010938E+00
      73 -0.51160224E+01 -0.50050455E+01  0.11097684E+00 -0.11010938E+00
      74 -0.51493733E+01 -0.50481696E+01  0.10120369E+00 -0.11010938E+00
      75 -0.51925499E+01 -0.50850704E+01  0.10747956E+00 -0.11010938E+00
      76 -0.52025701E+01 -0.51102064E+01  0.92363752E-01 -0.11010938E+00
      77 -0.52321701E+01 -0.51689394E+01  0.63230735E-01 -0.11010938E+00
      78 -0.52742395E+01 -0.51951241E+01  0.79115414E-01 -0.11010938E+00
      79 -0.52868979E+01 -0.52100186E+01  0.76879317E-01 -0.11010938E+00
      80 -0.53024982E+01 -0.52281221E+01  0.74376065E-01 -0.11010938E+00
      81 -0.53122245E+01 -0.52357906E+01  0.76433904E-01 -0.11010938E+00
      82 -0.53150040E+01 -0.52411530E+01  0.73850941E-01 -0.11010938E+00
      83 -0.53370628E+01 -0.52862461E+01  0.50816706E-01 -0.11010938E+00
      84 -0.53518423E+01 -0.53187381E+01  0.33104162E-01 -0.11010938E+00
      85 -0.53675977E+01 -0.53367705E+01  0.30827196E-01 -0.11010938E+00
      86 -0.54084819E+01 -0.53651871E+01  0.43294738E-01 -0.11010938E+00
      87 -0.54183213E+01 -0.53893885E+01  0.28932780E-01 -0.11010938E+00
      88 -0.54257781E+01 -0.53988648E+01  0.26913358E-01 -0.11010938E+00
      89 -0.54416756E+01 -0.54064581E+01  0.35217510E-01 -0.11010938E+00
      90 -0.54440925E+01 -0.54077851E+01  0.36307364E-01 -0.11010938E+00
      91 -0.54464117E+01 -0.54094973E+01  0.36914391E-01 -0.11010938E+00
      92 -0.54478194E+01 -0.54109043E+01  0.36915008E-01 -0.11010938E+00
      93 -0.54488066E+01 -0.54118556E+01  0.36951035E-01 -0.11010938E+00
      94 -0.54560606E+01 -0.54263121E+01  0.29748507E-01 -0.11010938E+00
      95 -0.54704026E+01 -0.54620009E+01  0.84017626E-02 -0.11010938E+00
      96 -0.54802453E+01 -0.54846725E+01 -0.44272317E-02 -0.11010938E+00
      97 -0.54862145E+01 -0.54944363E+01 -0.82218089E-02 -0.11010938E+00
      98 -0.55041950E+01 -0.55131318E+01 -0.89368143E-02 -0.11010938E+00
      99 -0.55241086E+01 -0.55333012E+01 -0.91926501E-02 -0.11010938E+00
     100 -0.55272939E+01 -0.55422960E+01 -0.15002057E-01 -0.11010938E+00
     101 -0.55295859E+01 -0.55437596E+01 -0.14173724E-01 -0.11010938E+00
     102 -0.55382901E+01 -0.55597615E+01 -0.21471391E-01 -0.11010938E+00
     103 -0.55473942E+01 -0.55771960E+01 -0.29801720E-01 -0.11010938E+00
     104 -0.55484634E+01 -0.55791193E+01 -0.30655889E-01 -0.11010938E+00
     105 -0.55517915E+01 -0.55817159E+01 -0.29924398E-01 -0.11010938E+00
     106 -0.55689497E+01 -0.56010559E+01 -0.32106209E-01 -0.11010938E+00
     107 -0.55905905E+01 -0.56276617E+01 -0.37071220E-01 -0.11010938E+00
     108 -0.55959752E+01 -0.56373627E+01 -0.41387541E-01 -0.11010938E+00
     109 -0.56001807E+01 -0.56433768E+01 -0.43196091E-01 -0.11010938E+00
     110 -0.56043181E+01 -0.56492398E+01 -0.44921661E-01 -0.11010938E+00
     111 -0.56071640E+01 -0.56542436E+01 -0.47079529E-01 -0.11010938E+00
     112 -0.56105262E+01 -0.56582769E+01 -0.47750658E-01 -0.11010938E+00
     113 -0.56219756E+01 -0.56713660E+01 -0.49390407E-01 -0.11010938E+00
     114 -0.56323392E+01 -0.56835481E+01 -0.51208924E-01 -0.11010938E+00
     115 -0.56353961E+01 -0.56867449E+01 -0.51348723E-01 -0.11010938E+00
     116 -0.56390381E+01 -0.56915546E+01 -0.52516493E-01 -0.11010938E+00
     117 -0.56423832E+01 -0.56955337E+01 -0.53150444E-01 -0.11010938E+00
     118 -0.56459515E+01 -0.56999122E+01 -0.53960759E-01 -0.11010938E+00
     119 -0.56502048E+01 -0.57047353E+01 -0.54530521E-01 -0.11010938E+00
     120 -0.56528165E+01 -0.57080249E+01 -0.55208355E-01 -0.11010938E+00
     121 -0.56555184E+01 -0.57105837E+01 -0.55065353E-01 -0.11010938E+00
     122 -0.56575493E+01 -0.57130040E+01 -0.55454702E-01 -0.11010938E+00
     123 -0.56599090E+01 -0.57154328E+01 -0.55523782E-01 -0.11010938E+00
     124 -0.56629418E+01 -0.57186198E+01 -0.55678060E-01 -0.11010938E+00
     125 -0.56660875E+01 -0.57218400E+01 -0.55752487E-01 -0.11010938E+00
     126 -0.56699601E+01 -0.57255760E+01 -0.55615830E-01 -0.11010938E+00
     127 -0.56732401E+01 -0.57282445E+01 -0.55004450E-01 -0.11010938E+00
     128 -0.56745319E+01 -0.57308281E+01 -0.56296185E-01 -0.11010938E+00
     129 -0.56763675E+01 -0.57320539E+01 -0.55686378E-01 -0.11010938E+00
     130 -0.56785527E+01 -0.57348937E+01 -0.56340981E-01 -0.11010938E+00
     131 -0.56812616E+01 -0.57380908E+01 -0.56829245E-01 -0.11010938E+00
     132 -0.56842550E+01 -0.57418376E+01 -0.57582558E-01 -0.11010938E+00
# k =  0.00000000E+00  0.00000000E+00  0.25000000E+00 spin= 1
 # n1 <i|Sigma_ch|i> (eV), partial sum
 #      nbands   ch(vbm)          ch(cbm)           diff        converged
       1 -0.16387690E-01 -0.85714092E-02  0.78162804E-02  0.77565906E-01
       2 -0.33810714E-01 -0.17871641E-01  0.15939073E-01  0.77565906E-01
       3 -0.50237219E-01 -0.27485975E-01  0.22751244E-01  0.77565906E-01
       4 -0.69814180E-01 -0.38787739E-01  0.31026441E-01  0.77565906E-01
       5 -0.88929122E-01 -0.50441819E-01  0.38487302E-01  0.77565906E-01
       6 -0.10906787E+00 -0.65413818E-01  0.43654055E-01  0.77565906E-01
       7 -0.12712018E+00 -0.80151296E-01  0.46968887E-01  0.77565906E-01
       8 -0.14379700E+00 -0.93535515E-01  0.50261482E-01  0.77565906E-01
       9 -0.16279504E+00 -0.10956141E+00  0.53233635E-01  0.77565906E-01
      10 -0.18089635E+00 -0.12449829E+00  0.56398059E-01  0.77565906E-01
      11 -0.20210166E+00 -0.14120879E+00  0.60892863E-01  0.77565906E-01
      12 -0.21571816E+00 -0.15358945E+00  0.62128709E-01  0.77565906E-01
      13 -0.24775424E+00 -0.17253806E+00  0.75216178E-01  0.77565906E-01
      14 -0.26893543E+00 -0.18804946E+00  0.80885972E-01  0.77565906E-01
      15 -0.29547647E+00 -0.20479306E+00  0.90683412E-01  0.77565906E-01
      16 -0.32229210E+00 -0.22010419E+00  0.10218791E+00  0.77565906E-01
      17 -0.33626373E+00 -0.23814423E+00  0.98119502E-01  0.77565906E-01
      18 -0.34471073E+00 -0.24814056E+00  0.96570179E-01  0.77565906E-01
      19 -0.36654056E+00 -0.28083310E+00  0.85707457E-01  0.77565906E-01
      20 -0.38016585E+00 -0.29278605E+00  0.87379800E-01  0.77565906E-01
      21 -0.39312779E+00 -0.30270618E+00  0.90421607E-01  0.77565906E-01
      22 -0.40467207E+00 -0.31514988E+00  0.89522187E-01  0.77565906E-01
      23 -0.42020900E+00 -0.33327630E+00  0.86932692E-01  0.77565906E-01
      24 -0.43406167E+00 -0.34680672E+00  0.87254948E-01  0.77565906E-01
      25 -0.44556161E+00 -0.35864165E+00  0.86919955E-01  0.77565906E-01
      26 -0.45619135E+00 -0.36880278E+00  0.87388569E-01  0.77565906E-01
      27 -0.46817695E+00 -0.38153515E+00  0.86641799E-01  0.77565906E-01
      28 -0.47778665E+00 -0.39234471E+00  0.85441948E-01  0.77565906E-01
      29 -0.48826105E+00 -0.40340728E+00  0.84853778E-01  0.77565906E-01
      30 -0.49740192E+00 -0.41423746E+00  0.83164455E-01  0.77565906E-01
      31 -0.50399974E+00 -0.42053561E+00  0.83464133E-01  0.77565906E-01
      32 -0.53748123E+00 -0.44734714E+00  0.90134093E-01  0.77565906E-01
      33 -0.54729172E+00 -0.45765639E+00  0.89635324E-01  0.77565906E-01
      34 -0.61692739E+00 -0.50963476E+00  0.10729263E+00  0.77565906E-01
      35 -0.64069819E+00 -0.52887209E+00  0.11182610E+00  0.77565906E-01
      36 -0.66443957E+00 -0.54807491E+00  0.11636467E+00  0.77565906E-01
      37 -0.73520459E+00 -0.60167725E+00  0.13352735E+00  0.77565906E-01
      38 -0.80729619E+00 -0.65631042E+00  0.15098577E+00  0.77565906E-01
      39 -0.82754647E+00 -0.67437639E+00  0.15317008E+00  0.77565906E-01
      40 -0.84731166E+00 -0.69161946E+00  0.15569220E+00  0.77565906E-01
      41 -0.86647066E+00 -0.71021891E+00  0.15625175E+00  0.77565906E-01
      42 -0.88868219E+00 -0.73149028E+00  0.15719191E+00  0.77565906E-01
      43 -0.90442573E+00 -0.74592110E+00  0.15850463E+00  0.77565906E-01
      44 -0.96103058E+00 -0.79205037E+00  0.16898021E+00  0.77565906E-01
      45 -0.10180332E+01 -0.83778247E+00  0.18025077E+00  0.77565906E-01
      46 -0.10447391E+01 -0.85724286E+00  0.18749621E+00  0.77565906E-01
      47 -0.10720628E+01 -0.87736275E+00  0.19470001E+00  0.77565906E-01
      48 -0.11761739E+01 -0.95485513E+00  0.22131881E+00  0.77565906E-01
      49 -0.12834667E+01 -0.10419755E+01  0.24149122E+00  0.77565906E-01
      50 -0.13110685E+01 -0.10590446E+01  0.25202382E+00  0.77565906E-01
      51 -0.13330754E+01 -0.10750538E+01  0.25802164E+00  0.77565906E-01
      52 -0.13852019E+01 -0.11065423E+01  0.27865960E+00  0.77565906E-01
      53 -0.14492968E+01 -0.11521771E+01  0.29711971E+00  0.77565906E-01
      54 -0.15122307E+01 -0.12021224E+01  0.31010829E+00  0.77565906E-01
      55 -0.16500641E+01 -0.12839490E+01  0.36611505E+00  0.77565906E-01
      56 -0.17334876E+01 -0.13536926E+01  0.37979498E+00  0.77565906E-01
      57 -0.19239569E+01 -0.14839431E+01  0.44001380E+00  0.77565906E-01
      58 -0.20986906E+01 -0.16059059E+01  0.49278468E+00  0.77565906E-01
      59 -0.22850590E+01 -0.17407329E+01  0.54432607E+00  0.77565906E-01
      60 -0.25473644E+01 -0.18984899E+01  0.64887453E+00  0.77565906E-01
      61 -0.27956817E+01 -0.20486153E+01  0.74706642E+00  0.77565906E-01
      62 -0.33096099E+01 -0.22352963E+01  0.10743136E+01  0.77565906E-01
      63 -0.37008551E+01 -0.23836156E+01  0.13172395E+01  0.77565906E-01
      64 -0.41615699E+01 -0.25557964E+01  0.16057735E+01  0.77565906E-01
      65 -0.42744667E+01 -0.29256604E+01  0.13488064E+01  0.77565906E-01
      66 -0.43576662E+01 -0.30679772E+01  0.12896890E+01  0.77565906E-01
      67 -0.44623733E+01 -0.33730307E+01  0.10893426E+01  0.77565906E-01
      68 -0.46090977E+01 -0.37404969E+01  0.86860084E+00  0.77565906E-01
      69 -0.46943517E+01 -0.38730768E+01  0.82127488E+00  0.77565906E-01
      70 -0.47887165E+01 -0.40283507E+01  0.76036577E+00  0.77565906E-01
      71 -0.49325637E+01 -0.42463313E+01  0.68623246E+00  0.77565906E-01
      72 -0.50297927E+01 -0.44304009E+01  0.59939178E+00  0.77565906E-01
      73 -0.51450228E+01 -0.46392912E+01  0.50573160E+00  0.77565906E-01
      74 -0.52024652E+01 -0.47502728E+01  0.45219238E+00  0.77565906E-01
      75 -0.52234520E+01 -0.47795889E+01  0.44386307E+00  0.77565906E-01
      76 -0.52314703E+01 -0.47892388E+01  0.44223145E+00  0.77565906E-01
      77 -0.52775046E+01 -0.48712186E+01  0.40628605E+00  0.77565906E-01
      78 -0.53018581E+01 -0.49083870E+01  0.39347117E+00  0.77565906E-01
      79 -0.53129074E+01 -0.49286071E+01  0.38430027E+00  0.77565906E-01
      80 -0.53269965E+01 -0.49541356E+01  0.37286088E+00  0.77565906E-01
      81 -0.53335993E+01 -0.49638466E+01  0.36975270E+00  0.77565906E-01
      82 -0.53375576E+01 -0.49696644E+01  0.36789327E+00  0.77565906E-01
      83 -0.53722075E+01 -0.50233422E+01  0.34886529E+00  0.77565906E-01
      84 -0.53848423E+01 -0.50411084E+01  0.34373392E+00  0.77565906E-01
      85 -0.54000336E+01 -0.50654997E+01  0.33453392E+00  0.77565906E-01
      86 -0.54276080E+01 -0.51060279E+01  0.32158014E+00  0.77565906E-01
      87 -0.54422050E+01 -0.51286289E+01  0.31357604E+00  0.77565906E-01
      88 -0.54595642E+01 -0.51553292E+01  0.30423498E+00  0.77565906E-01
      89 -0.54683468E+01 -0.51663557E+01  0.30199105E+00  0.77565906E-01
      90 -0.54696847E+01 -0.51675559E+01  0.30212886E+00  0.77565906E-01
      91 -0.54717655E+01 -0.51700318E+01  0.30173369E+00  0.77565906E-01
      92 -0.54734292E+01 -0.51721913E+01  0.30123784E+00  0.77565906E-01
      93 -0.54754279E+01 -0.51743694E+01  0.30105855E+00  0.77565906E-01
      94 -0.54822876E+01 -0.51833153E+01  0.29897224E+00  0.77565906E-01
      95 -0.54960905E+01 -0.52019549E+01  0.29413568E+00  0.77565906E-01
      96 -0.55050143E+01 -0.52138446E+01  0.29116968E+00  0.77565906E-01
      97 -0.55101870E+01 -0.52202235E+01  0.28996348E+00  0.77565906E-01
      98 -0.55273923E+01 -0.52452898E+01  0.28210245E+00  0.77565906E-01
      99 -0.55444191E+01 -0.52705370E+01  0.27388211E+00  0.77565906E-01
     100 -0.55505084E+01 -0.52751839E+01  0.27532459E+00  0.77565906E-01
     101 -0.55523933E+01 -0.52771015E+01  0.27529177E+00  0.77565906E-01
     102 -0.55608366E+01 -0.52882083E+01  0.27262824E+00  0.77565906E-01
     103 -0.55699931E+01 -0.53001390E+01  0.26985410E+00  0.77565906E-01
     104 -0.55729948E+01 -0.53031982E+01  0.26979658E+00  0.77565906E-01
     105 -0.55755161E+01 -0.53056885E+01  0.26982761E+00  0.77565906E-01
     106 -0.55938844E+01 -0.53326078E+01  0.26127658E+00  0.77565906E-01
     107 -0.56142333E+01 -0.53626903E+01  0.25154302E+00  0.77565906E-01
     108 -0.56193284E+01 -0.53697489E+01  0.24957950E+00  0.77565906E-01
     109 -0.56233709E+01 -0.53743575E+01  0.24901344E+00  0.77565906E-01
     110 -0.56274550E+01 -0.53794057E+01  0.24804928E+00  0.77565906E-01
     111 -0.56303600E+01 -0.53827406E+01  0.24761943E+00  0.77565906E-01
     112 -0.56337888E+01 -0.53868675E+01  0.24692131E+00  0.77565906E-01
     113 -0.56456243E+01 -0.54034197E+01  0.24220458E+00  0.77565906E-01
     114 -0.56557616E+01 -0.54177956E+01  0.23796598E+00  0.77565906E-01
     115 -0.56576537E+01 -0.54200072E+01  0.23764658E+00  0.77565906E-01
     116 -0.56612617E+01 -0.54242741E+01  0.23698757E+00  0.77565906E-01
     117 -0.56647161E+01 -0.54283278E+01  0.23638830E+00  0.77565906E-01
     118 -0.56682476E+01 -0.54326157E+01  0.23563192E+00  0.77565906E-01
     119 -0.56723171E+01 -0.54376254E+01  0.23469171E+00  0.77565906E-01
     120 -0.56753384E+01 -0.54409410E+01  0.23439742E+00  0.77565906E-01
     121 -0.56775621E+01 -0.54432104E+01  0.23435169E+00  0.77565906E-01
     122 -0.56800127E+01 -0.54456268E+01  0.23438595E+00  0.77565906E-01
     123 -0.56825939E+01 -0.54478701E+01  0.23472380E+00  0.77565906E-01
     124 -0.56848981E+01 -0.54507940E+01  0.23410415E+00  0.77565906E-01
     125 -0.56879239E+01 -0.54539881E+01  0.23393573E+00  0.77565906E-01
     126 -0.56913826E+01 -0.54590855E+01  0.23229706E+00  0.77565906E-01
     127 -0.56947855E+01 -0.54623412E+01  0.23244428E+00  0.77565906E-01
     128 -0.56996501E+01 -0.54666814E+01  0.23296862E+00  0.77565906E-01
     129 -0.57008857E+01 -0.54698056E+01  0.23108011E+00  0.77565906E-01
     130 -0.57034197E+01 -0.54723717E+01  0.23104795E+00  0.77565906E-01
     131 -0.57060022E+01 -0.54751928E+01  0.23080935E+00  0.77565906E-01
     132 -0.57093582E+01 -0.54789164E+01  0.23044182E+00  0.77565906E-01
# k =  0.00000000E+00  0.00000000E+00  0.37500000E+00 spin= 1
 # n1 <i|Sigma_ch|i> (eV), partial sum
 #      nbands   ch(vbm)          ch(cbm)           diff        converged
       1 -0.17086340E-01 -0.98493009E-02  0.72370393E-02  0.19134851E+00
       2 -0.35265158E-01 -0.18594119E-01  0.16671039E-01  0.19134851E+00
       3 -0.52741810E-01 -0.27861727E-01  0.24880083E-01  0.19134851E+00
       4 -0.73732885E-01 -0.38649417E-01  0.35083468E-01  0.19134851E+00
       5 -0.95373173E-01 -0.48894313E-01  0.46478860E-01  0.19134851E+00
       6 -0.11820889E+00 -0.62326371E-01  0.55882515E-01  0.19134851E+00
       7 -0.14122047E+00 -0.75644771E-01  0.65575701E-01  0.19134851E+00
       8 -0.15136635E+00 -0.90510035E-01  0.60856311E-01  0.19134851E+00
       9 -0.18284829E+00 -0.98931050E-01  0.83917242E-01  0.19134851E+00
      10 -0.19524579E+00 -0.11919125E+00  0.76054534E-01  0.19134851E+00
      11 -0.21371771E+00 -0.13431757E+00  0.79400141E-01  0.19134851E+00
      12 -0.22934429E+00 -0.14888292E+00  0.80461376E-01  0.19134851E+00
      13 -0.24066913E+00 -0.16940085E+00  0.71268285E-01  0.19134851E+00
      14 -0.27306954E+00 -0.18169968E+00  0.91369859E-01  0.19134851E+00
      15 -0.28715604E+00 -0.20415107E+00  0.83004962E-01  0.19134851E+00
      16 -0.33252322E+00 -0.21107486E+00  0.12144835E+00  0.19134851E+00
      17 -0.33949073E+00 -0.25581653E+00  0.83674196E-01  0.19134851E+00
      18 -0.35702834E+00 -0.26634173E+00  0.90686608E-01  0.19134851E+00
      19 -0.37022843E+00 -0.29383236E+00  0.76396076E-01  0.19134851E+00
      20 -0.38592411E+00 -0.30096373E+00  0.84960385E-01  0.19134851E+00
      21 -0.39655837E+00 -0.30928934E+00  0.87269026E-01  0.19134851E+00
      22 -0.40978267E+00 -0.32261461E+00  0.87168056E-01  0.19134851E+00
      23 -0.42249514E+00 -0.33391832E+00  0.88576810E-01  0.19134851E+00
      24 -0.43073555E+00 -0.35207533E+00  0.78660223E-01  0.19134851E+00
      25 -0.44251377E+00 -0.35794759E+00  0.84566182E-01  0.19134851E+00
      26 -0.45356641E+00 -0.36745445E+00  0.86111960E-01  0.19134851E+00
      27 -0.46071837E+00 -0.37963482E+00  0.81083545E-01  0.19134851E+00
      28 -0.46994909E+00 -0.38862687E+00  0.81322217E-01  0.19134851E+00
      29 -0.48042971E+00 -0.39730650E+00  0.83123209E-01  0.19134851E+00
      30 -0.48728903E+00 -0.40613444E+00  0.81154586E-01  0.19134851E+00
      31 -0.49408298E+00 -0.41453337E+00  0.79549612E-01  0.19134851E+00
      32 -0.52751548E+00 -0.43919759E+00  0.88317888E-01  0.19134851E+00
      33 -0.53566753E+00 -0.45146456E+00  0.84202967E-01  0.19134851E+00
      34 -0.60545186E+00 -0.50369787E+00  0.10175400E+00  0.19134851E+00
      35 -0.62663978E+00 -0.52403022E+00  0.10260957E+00  0.19134851E+00
      36 -0.64894931E+00 -0.54114144E+00  0.10780787E+00  0.19134851E+00
      37 -0.72687042E+00 -0.59731511E+00  0.12955531E+00  0.19134851E+00
      38 -0.80461103E+00 -0.65193610E+00  0.15267493E+00  0.19134851E+00
      39 -0.82735323E+00 -0.66775119E+00  0.15960205E+00  0.19134851E+00
      40 -0.84910260E+00 -0.68695621E+00  0.16214639E+00  0.19134851E+00
      41 -0.86956473E+00 -0.70632018E+00  0.16324455E+00  0.19134851E+00
      42 -0.89185599E+00 -0.72682658E+00  0.16502941E+00  0.19134851E+00
      43 -0.90713441E+00 -0.74278718E+00  0.16434724E+00  0.19134851E+00
      44 -0.97067833E+00 -0.79092334E+00  0.17975499E+00  0.19134851E+00
      45 -0.10359490E+01 -0.83926256E+00  0.19668646E+00  0.19134851E+00
      46 -0.10681781E+01 -0.85938465E+00  0.20879344E+00  0.19134851E+00
      47 -0.11029933E+01 -0.87876013E+00  0.22423318E+00  0.19134851E+00
      48 -0.12265119E+01 -0.94208499E+00  0.28442693E+00  0.19134851E+00
      49 -0.13617788E+01 -0.10216368E+01  0.34014196E+00  0.19134851E+00
      50 -0.13950079E+01 -0.10399728E+01  0.35503515E+00  0.19134851E+00
      51 -0.14211247E+01 -0.10566666E+01  0.36445813E+00  0.19134851E+00
      52 -0.14721701E+01 -0.10888426E+01  0.38332754E+00  0.19134851E+00
      53 -0.15326669E+01 -0.11316498E+01  0.40101717E+00  0.19134851E+00
      54 -0.16425929E+01 -0.11909248E+01  0.45166815E+00  0.19134851E+00
      55 -0.17545312E+01 -0.12623475E+01  0.49218374E+00  0.19134851E+00
      56 -0.18159658E+01 -0.13418802E+01  0.47408555E+00  0.19134851E+00
      57 -0.20223574E+01 -0.14463984E+01  0.57595900E+00  0.19134851E+00
      58 -0.21196935E+01 -0.15544419E+01  0.56525162E+00  0.19134851E+00
      59 -0.23576077E+01 -0.17219686E+01  0.63563908E+00  0.19134851E+00
      60 -0.26942245E+01 -0.18219564E+01  0.87226810E+00  0.19134851E+00
      61 -0.32452987E+01 -0.19339303E+01  0.13113684E+01  0.19134851E+00
      62 -0.33808116E+01 -0.21032531E+01  0.12775585E+01  0.19134851E+00
      63 -0.37962502E+01 -0.22178355E+01  0.15784147E+01  0.19134851E+00
      64 -0.43246050E+01 -0.23079808E+01  0.20166241E+01  0.19134851E+00
      65 -0.44012927E+01 -0.27221190E+01  0.16791738E+01  0.19134851E+00
      66 -0.45025012E+01 -0.30399789E+01  0.14625223E+01  0.19134851E+00
      67 -0.45960033E+01 -0.31574158E+01  0.14385874E+01  0.19134851E+00
      68 -0.46994599E+01 -0.33335302E+01  0.13659297E+01  0.19134851E+00
      69 -0.47871842E+01 -0.34865249E+01  0.13006593E+01  0.19134851E+00
      70 -0.48843364E+01 -0.36524310E+01  0.12319054E+01  0.19134851E+00
      71 -0.49710038E+01 -0.37501698E+01  0.12208340E+01  0.19134851E+00
      72 -0.50474478E+01 -0.40694880E+01  0.97795976E+00  0.19134851E+00
      73 -0.51237215E+01 -0.43240255E+01  0.79969601E+00  0.19134851E+00
      74 -0.51824728E+01 -0.44103042E+01  0.77216863E+00  0.19134851E+00
      75 -0.52158276E+01 -0.45081611E+01  0.70766657E+00  0.19134851E+00
      76 -0.52245880E+01 -0.45115334E+01  0.71305458E+00  0.19134851E+00
      77 -0.52653319E+01 -0.46099763E+01  0.65535557E+00  0.19134851E+00
      78 -0.52968210E+01 -0.46725090E+01  0.62431201E+00  0.19134851E+00
      79 -0.53075525E+01 -0.46769592E+01  0.63059327E+00  0.19134851E+00
      80 -0.53231064E+01 -0.47150124E+01  0.60809399E+00  0.19134851E+00
      81 -0.53313404E+01 -0.47310654E+01  0.60027496E+00  0.19134851E+00
      82 -0.53347397E+01 -0.47363524E+01  0.59838732E+00  0.19134851E+00
      83 -0.53626017E+01 -0.47878969E+01  0.57470484E+00  0.19134851E+00
      84 -0.53756749E+01 -0.48064154E+01  0.56925947E+00  0.19134851E+00
      85 -0.53913151E+01 -0.48328780E+01  0.55843710E+00  0.19134851E+00
      86 -0.54229543E+01 -0.48986107E+01  0.52434361E+00  0.19134851E+00
      87 -0.54344006E+01 -0.49198017E+01  0.51459887E+00  0.19134851E+00
      88 -0.54461075E+01 -0.49443476E+01  0.50175990E+00  0.19134851E+00
      89 -0.54567033E+01 -0.49664058E+01  0.49029745E+00  0.19134851E+00
      90 -0.54592574E+01 -0.49679911E+01  0.49126633E+00  0.19134851E+00
      91 -0.54621850E+01 -0.49698785E+01  0.49230643E+00  0.19134851E+00
      92 -0.54632230E+01 -0.49725437E+01  0.49067938E+00  0.19134851E+00
      93 -0.54646648E+01 -0.49738445E+01  0.49082033E+00  0.19134851E+00
      94 -0.54715218E+01 -0.49822271E+01  0.48929467E+00  0.19134851E+00
      95 -0.54848749E+01 -0.50003420E+01  0.48453281E+00  0.19134851E+00
      96 -0.54938015E+01 -0.50126317E+01  0.48116986E+00  0.19134851E+00
      97 -0.54973832E+01 -0.50213451E+01  0.47603812E+00  0.19134851E+00
      98 -0.55164431E+01 -0.50510110E+01  0.46543214E+00  0.19134851E+00
      99 -0.55338961E+01 -0.50819307E+01  0.45196537E+00  0.19134851E+00
     100 -0.55373807E+01 -0.50858469E+01  0.45153378E+00  0.19134851E+00
     101 -0.55408853E+01 -0.50871093E+01  0.45377604E+00  0.19134851E+00
     102 -0.55480656E+01 -0.50995351E+01  0.44853057E+00  0.19134851E+00
     103 -0.55565983E+01 -0.51113458E+01  0.44525258E+00  0.19134851E+00
     104 -0.55582591E+01 -0.51133153E+01  0.44494377E+00  0.19134851E+00
     105 -0.55602981E+01 -0.51167252E+01  0.44357294E+00  0.19134851E+00
     106 -0.55771636E+01 -0.51462172E+01  0.43094633E+00  0.19134851E+00
     107 -0.55963156E+01 -0.51820099E+01  0.41430574E+00  0.19134851E+00
     108 -0.56009148E+01 -0.51891853E+01  0.41172951E+00  0.19134851E+00
     109 -0.56058400E+01 -0.51928602E+01  0.41297982E+00  0.19134851E+00
     110 -0.56084398E+01 -0.51993116E+01  0.40912812E+00  0.19134851E+00
     111 -0.56107102E+01 -0.52024189E+01  0.40829133E+00  0.19134851E+00
     112 -0.56157120E+01 -0.52057554E+01  0.40995660E+00  0.19134851E+00
     113 -0.56261105E+01 -0.52260760E+01  0.40003446E+00  0.19134851E+00
     114 -0.56347791E+01 -0.52439762E+01  0.39080289E+00  0.19134851E+00
     115 -0.56368564E+01 -0.52463750E+01  0.39048139E+00  0.19134851E+00
     116 -0.56400195E+01 -0.52502436E+01  0.38977594E+00  0.19134851E+00
     117 -0.56426300E+01 -0.52547029E+01  0.38792709E+00  0.19134851E+00
     118 -0.56460833E+01 -0.52584845E+01  0.38759875E+00  0.19134851E+00
     119 -0.56497792E+01 -0.52627926E+01  0.38698659E+00  0.19134851E+00
     120 -0.56516899E+01 -0.52660045E+01  0.38568544E+00  0.19134851E+00
     121 -0.56538659E+01 -0.52687679E+01  0.38509798E+00  0.19134851E+00
     122 -0.56558845E+01 -0.52706046E+01  0.38527986E+00  0.19134851E+00
     123 -0.56580072E+01 -0.52732842E+01  0.38472303E+00  0.19134851E+00
     124 -0.56600008E+01 -0.52759676E+01  0.38403324E+00  0.19134851E+00
     125 -0.56638921E+01 -0.52783403E+01  0.38555178E+00  0.19134851E+00
     126 -0.56667461E+01 -0.52837166E+01  0.38302955E+00  0.19134851E+00
     127 -0.56697132E+01 -0.52862472E+01  0.38346607E+00  0.19134851E+00
     128 -0.56715128E+01 -0.52912529E+01  0.38025984E+00  0.19134851E+00
     129 -0.56728455E+01 -0.52943278E+01  0.37851765E+00  0.19134851E+00
     130 -0.56747533E+01 -0.52966296E+01  0.37812367E+00  0.19134851E+00
     131 -0.56777790E+01 -0.52985531E+01  0.37922582E+00  0.19134851E+00
     132 -0.56797961E+01 -0.53038849E+01  0.37591116E+00  0.19134851E+00
# k =  0.00000000E+00  0.00000000E+00  0.50000000E+00 spin= 1
 # n1 <i|Sigma_ch|i> (eV), partial sum
 #      nbands   ch(vbm)          ch(cbm)           diff        converged
       1 -0.17448178E-01 -0.81012993E-02  0.93468788E-02  0.33240834E+00
       2 -0.35833980E-01 -0.16985600E-01  0.18848380E-01  0.33240834E+00
       3 -0.54301941E-01 -0.25387540E-01  0.28914402E-01  0.33240834E+00
       4 -0.75882273E-01 -0.36577241E-01  0.39305032E-01  0.33240834E+00
       5 -0.97619721E-01 -0.47643101E-01  0.49976620E-01  0.33240834E+00
       6 -0.11945741E+00 -0.61937829E-01  0.57519583E-01  0.33240834E+00
       7 -0.14233794E+00 -0.77932236E-01  0.64405704E-01  0.33240834E+00
       8 -0.16124127E+00 -0.88281067E-01  0.72960202E-01  0.33240834E+00
       9 -0.17170466E+00 -0.11153378E+00  0.60170873E-01  0.33240834E+00
      10 -0.19311608E+00 -0.12058751E+00  0.72528570E-01  0.33240834E+00
      11 -0.20898503E+00 -0.13405131E+00  0.74933713E-01  0.33240834E+00
      12 -0.22706669E+00 -0.14777765E+00  0.79289042E-01  0.33240834E+00
      13 -0.26033182E+00 -0.15676277E+00  0.10356905E+00  0.33240834E+00
      14 -0.27212473E+00 -0.17673822E+00  0.95386505E-01  0.33240834E+00
      15 -0.32096536E+00 -0.18484113E+00  0.13612423E+00  0.33240834E+00
      16 -0.33507676E+00 -0.20753371E+00  0.12754305E+00  0.33240834E+00
      17 -0.35031922E+00 -0.21337801E+00  0.13694120E+00  0.33240834E+00
      18 -0.35929851E+00 -0.26388313E+00  0.95415380E-01  0.33240834E+00
      19 -0.37661461E+00 -0.27525327E+00  0.10136134E+00  0.33240834E+00
      20 -0.38874066E+00 -0.30023486E+00  0.88505796E-01  0.33240834E+00
      21 -0.40212596E+00 -0.31004835E+00  0.92077608E-01  0.33240834E+00
      22 -0.41359830E+00 -0.32093024E+00  0.92668058E-01  0.33240834E+00
      23 -0.42390633E+00 -0.33042420E+00  0.93482129E-01  0.33240834E+00
      24 -0.43902315E+00 -0.33876323E+00  0.10025992E+00  0.33240834E+00
      25 -0.44750498E+00 -0.35171427E+00  0.95790712E-01  0.33240834E+00
      26 -0.45450364E+00 -0.36330414E+00  0.91199504E-01  0.33240834E+00
      27 -0.46588856E+00 -0.37149734E+00  0.94391227E-01  0.33240834E+00
      28 -0.47683914E+00 -0.38035529E+00  0.96483848E-01  0.33240834E+00
      29 -0.48666981E+00 -0.38932765E+00  0.97342162E-01  0.33240834E+00
      30 -0.49326126E+00 -0.39694508E+00  0.96316187E-01  0.33240834E+00
      31 -0.50003830E+00 -0.40577988E+00  0.94258420E-01  0.33240834E+00
      32 -0.52980400E+00 -0.43459355E+00  0.95210451E-01  0.33240834E+00
      33 -0.54017838E+00 -0.44303091E+00  0.97147470E-01  0.33240834E+00
      34 -0.60876806E+00 -0.49537365E+00  0.11339441E+00  0.33240834E+00
      35 -0.63137324E+00 -0.51272155E+00  0.11865170E+00  0.33240834E+00
      36 -0.65240422E+00 -0.53307831E+00  0.11932592E+00  0.33240834E+00
      37 -0.72825020E+00 -0.58973509E+00  0.13851511E+00  0.33240834E+00
      38 -0.80325024E+00 -0.64722576E+00  0.15602449E+00  0.33240834E+00
      39 -0.82238115E+00 -0.66735442E+00  0.15502673E+00  0.33240834E+00
      40 -0.84250899E+00 -0.68440163E+00  0.15810736E+00  0.33240834E+00
      41 -0.86122644E+00 -0.70325976E+00  0.15796668E+00  0.33240834E+00
      42 -0.88089127E+00 -0.72601575E+00  0.15487551E+00  0.33240834E+00
      43 -0.89532903E+00 -0.74163408E+00  0.15369495E+00  0.33240834E+00
      44 -0.95629900E+00 -0.79257676E+00  0.16372224E+00  0.33240834E+00
      45 -0.10184028E+01 -0.84355313E+00  0.17484971E+00  0.33240834E+00
      46 -0.10505026E+01 -0.86469114E+00  0.18581149E+00  0.33240834E+00
      47 -0.10777636E+01 -0.88318100E+00  0.19458263E+00  0.33240834E+00
      48 -0.11978166E+01 -0.95289502E+00  0.24492154E+00  0.33240834E+00
      49 -0.13461914E+01 -0.10420120E+01  0.30417940E+00  0.33240834E+00
      50 -0.13577416E+01 -0.10556085E+01  0.30213313E+00  0.33240834E+00
      51 -0.13759888E+01 -0.10704582E+01  0.30553063E+00  0.33240834E+00
      52 -0.14383501E+01 -0.11052439E+01  0.33310623E+00  0.33240834E+00
      53 -0.15014443E+01 -0.11479421E+01  0.35350216E+00  0.33240834E+00
      54 -0.16039118E+01 -0.12073297E+01  0.39658212E+00  0.33240834E+00
      55 -0.17494334E+01 -0.12853578E+01  0.46407554E+00  0.33240834E+00
      56 -0.18364351E+01 -0.13199364E+01  0.51649868E+00  0.33240834E+00
      57 -0.19316359E+01 -0.14410347E+01  0.49060121E+00  0.33240834E+00
      58 -0.20753742E+01 -0.15506387E+01  0.52473546E+00  0.33240834E+00
      59 -0.23716463E+01 -0.16463095E+01  0.72533687E+00  0.33240834E+00
      60 -0.26392897E+01 -0.18275678E+01  0.81172185E+00  0.33240834E+00
      61 -0.27822153E+01 -0.19824896E+01  0.79972568E+00  0.33240834E+00
      62 -0.32869895E+01 -0.20877482E+01  0.11992413E+01  0.33240834E+00
      63 -0.39500357E+01 -0.21568253E+01  0.17932104E+01  0.33240834E+00
      64 -0.43534267E+01 -0.22666965E+01  0.20867302E+01  0.33240834E+00
      65 -0.44479980E+01 -0.25756494E+01  0.18723485E+01  0.33240834E+00
      66 -0.45175866E+01 -0.31136328E+01  0.14039538E+01  0.33240834E+00
      67 -0.46134332E+01 -0.33360651E+01  0.12773681E+01  0.33240834E+00
      68 -0.47155441E+01 -0.35816182E+01  0.11339258E+01  0.33240834E+00
      69 -0.47992599E+01 -0.36852231E+01  0.11140368E+01  0.33240834E+00
      70 -0.48896952E+01 -0.37729766E+01  0.11167186E+01  0.33240834E+00
      71 -0.49744213E+01 -0.38586096E+01  0.11158118E+01  0.33240834E+00
      72 -0.50542581E+01 -0.40156970E+01  0.10385611E+01  0.33240834E+00
      73 -0.51595184E+01 -0.42528768E+01  0.90664166E+00  0.33240834E+00
      74 -0.51970660E+01 -0.43929455E+01  0.80412050E+00  0.33240834E+00
      75 -0.52328991E+01 -0.44736984E+01  0.75920067E+00  0.33240834E+00
      76 -0.52417560E+01 -0.44896333E+01  0.75212273E+00  0.33240834E+00
      77 -0.52821790E+01 -0.45525978E+01  0.72958122E+00  0.33240834E+00
      78 -0.53180302E+01 -0.46360078E+01  0.68202238E+00  0.33240834E+00
      79 -0.53314444E+01 -0.46686073E+01  0.66283710E+00  0.33240834E+00
      80 -0.53447910E+01 -0.46797461E+01  0.66504481E+00  0.33240834E+00
      81 -0.53533871E+01 -0.46939167E+01  0.65947037E+00  0.33240834E+00
      82 -0.53568043E+01 -0.46998419E+01  0.65696245E+00  0.33240834E+00
      83 -0.53858661E+01 -0.47456718E+01  0.64019430E+00  0.33240834E+00
      84 -0.53989864E+01 -0.47637922E+01  0.63519419E+00  0.33240834E+00
      85 -0.54152923E+01 -0.47903673E+01  0.62492501E+00  0.33240834E+00
      86 -0.54487308E+01 -0.48504753E+01  0.59825556E+00  0.33240834E+00
      87 -0.54604871E+01 -0.48700397E+01  0.59044737E+00  0.33240834E+00
      88 -0.54727465E+01 -0.48911934E+01  0.58155313E+00  0.33240834E+00
      89 -0.54838128E+01 -0.49099802E+01  0.57383258E+00  0.33240834E+00
      90 -0.54857263E+01 -0.49121028E+01  0.57362348E+00  0.33240834E+00
      91 -0.54879553E+01 -0.49148887E+01  0.57306658E+00  0.33240834E+00
      92 -0.54902898E+01 -0.49160334E+01  0.57425640E+00  0.33240834E+00
      93 -0.54916912E+01 -0.49174284E+01  0.57426280E+00  0.33240834E+00
      94 -0.54987841E+01 -0.49253270E+01  0.57345711E+00  0.33240834E+00
      95 -0.55124735E+01 -0.49428849E+01  0.56958860E+00  0.33240834E+00
      96 -0.55206869E+01 -0.49559312E+01  0.56475571E+00  0.33240834E+00
      97 -0.55285022E+01 -0.49619673E+01  0.56653491E+00  0.33240834E+00
      98 -0.55449059E+01 -0.49909175E+01  0.55398845E+00  0.33240834E+00
      99 -0.55628820E+01 -0.50198046E+01  0.54307738E+00  0.33240834E+00
     100 -0.55666255E+01 -0.50235051E+01  0.54312042E+00  0.33240834E+00
     101 -0.55680950E+01 -0.50264335E+01  0.54166156E+00  0.33240834E+00
     102 -0.55775904E+01 -0.50363544E+01  0.54123600E+00  0.33240834E+00
     103 -0.55863645E+01 -0.50479595E+01  0.53840504E+00  0.33240834E+00
     104 -0.55880299E+01 -0.50495425E+01  0.53848742E+00  0.33240834E+00
     105 -0.55911028E+01 -0.50510373E+01  0.54006548E+00  0.33240834E+00
     106 -0.56074896E+01 -0.50797915E+01  0.52769809E+00  0.33240834E+00
     107 -0.56274581E+01 -0.51129119E+01  0.51454617E+00  0.33240834E+00
     108 -0.56323085E+01 -0.51198579E+01  0.51245058E+00  0.33240834E+00
     109 -0.56347995E+01 -0.51252737E+01  0.50952573E+00  0.33240834E+00
     110 -0.56399425E+01 -0.51291004E+01  0.51084212E+00  0.33240834E+00
     111 -0.56429635E+01 -0.51325023E+01  0.51046115E+00  0.33240834E+00
     112 -0.56452547E+01 -0.51384983E+01  0.50675639E+00  0.33240834E+00
     113 -0.56564952E+01 -0.51559731E+01  0.50052205E+00  0.33240834E+00
     114 -0.56666520E+01 -0.51713691E+01  0.49528289E+00  0.33240834E+00
     115 -0.56685613E+01 -0.51737058E+01  0.49485545E+00  0.33240834E+00
     116 -0.56720440E+01 -0.51770972E+01  0.49494683E+00  0.33240834E+00
     117 -0.56755806E+01 -0.51800800E+01  0.49550059E+00  0.33240834E+00
     118 -0.56776735E+01 -0.51851820E+01  0.49249147E+00  0.33240834E+00
     119 -0.56808682E+01 -0.51904428E+01  0.49042534E+00  0.33240834E+00
     120 -0.56839073E+01 -0.51928125E+01  0.49109475E+00  0.33240834E+00
     121 -0.56862633E+01 -0.51944836E+01  0.49177968E+00  0.33240834E+00
     122 -0.56882920E+01 -0.51969025E+01  0.49138948E+00  0.33240834E+00
     123 -0.56904023E+01 -0.51985858E+01  0.49181650E+00  0.33240834E+00
     124 -0.56928141E+01 -0.52017444E+01  0.49106967E+00  0.33240834E+00
     125 -0.56952572E+01 -0.52054197E+01  0.48983753E+00  0.33240834E+00
     126 -0.56991762E+01 -0.52094329E+01  0.48974331E+00  0.33240834E+00
     127 -0.57013112E+01 -0.52139280E+01  0.48738316E+00  0.33240834E+00
     128 -0.57039569E+01 -0.52166907E+01  0.48726617E+00  0.33240834E+00
     129 -0.57049977E+01 -0.52197151E+01  0.48528259E+00  0.33240834E+00
     130 -0.57078883E+01 -0.52216877E+01  0.48620064E+00  0.33240834E+00
     131 -0.57100625E+01 -0.52247264E+01  0.48533608E+00  0.33240834E+00
     132 -0.57142614E+01 -0.52271505E+01  0.48711090E+00  0.33240834E+00
# k =  0.00000000E+00  0.00000000E+00  0.62500000E+00 spin= 1
 # n1 <i|Sigma_ch|i> (eV), partial sum
 #      nbands   ch(vbm)          ch(cbm)           diff        converged
       1 -0.17088603E-01 -0.98583849E-02  0.72302185E-02  0.19132669E+00
       2 -0.35267518E-01 -0.18605682E-01  0.16661836E-01  0.19132669E+00
       3 -0.52742685E-01 -0.27874858E-01  0.24867827E-01  0.19132669E+00
       4 -0.73728622E-01 -0.38668679E-01  0.35059944E-01  0.19132669E+00
       5 -0.95362882E-01 -0.48912162E-01  0.46450721E-01  0.19132669E+00
       6 -0.11820077E+00 -0.62337922E-01  0.55862850E-01  0.19132669E+00
       7 -0.14122348E+00 -0.75652969E-01  0.65570514E-01  0.19132669E+00
       8 -0.15139515E+00 -0.90520912E-01  0.60874240E-01  0.19132669E+00
       9 -0.18288708E+00 -0.98934021E-01  0.83953058E-01  0.19132669E+00
      10 -0.19528805E+00 -0.11918261E+00  0.76105433E-01  0.19132669E+00
      11 -0.21376084E+00 -0.13430464E+00  0.79456201E-01  0.19132669E+00
      12 -0.22938018E+00 -0.14886333E+00  0.80516855E-01  0.19132669E+00
      13 -0.24068686E+00 -0.16939467E+00  0.71292185E-01  0.19132669E+00
      14 -0.27308666E+00 -0.18167951E+00  0.91407150E-01  0.19132669E+00
      15 -0.28717304E+00 -0.20414731E+00  0.83025736E-01  0.19132669E+00
      16 -0.33252751E+00 -0.21107089E+00  0.12145662E+00  0.19132669E+00
      17 -0.33949522E+00 -0.25582330E+00  0.83671914E-01  0.19132669E+00
      18 -0.35703972E+00 -0.26634851E+00  0.90691215E-01  0.19132669E+00
      19 -0.37023707E+00 -0.29384203E+00  0.76395042E-01  0.19132669E+00
      20 -0.38592758E+00 -0.30097299E+00  0.84954593E-01  0.19132669E+00
      21 -0.39655865E+00 -0.30930117E+00  0.87257486E-01  0.19132669E+00
      22 -0.40978750E+00 -0.32262333E+00  0.87164172E-01  0.19132669E+00
      23 -0.42249790E+00 -0.33392663E+00  0.88571276E-01  0.19132669E+00
      24 -0.43073806E+00 -0.35208586E+00  0.78652196E-01  0.19132669E+00
      25 -0.44251925E+00 -0.35795803E+00  0.84561215E-01  0.19132669E+00
      26 -0.45357068E+00 -0.36746281E+00  0.86107870E-01  0.19132669E+00
      27 -0.46072260E+00 -0.37964344E+00  0.81079159E-01  0.19132669E+00
      28 -0.46995504E+00 -0.38863672E+00  0.81318315E-01  0.19132669E+00
      29 -0.48043638E+00 -0.39731859E+00  0.83117788E-01  0.19132669E+00
      30 -0.48729596E+00 -0.40614624E+00  0.81149717E-01  0.19132669E+00
      31 -0.49408894E+00 -0.41454474E+00  0.79544201E-01  0.19132669E+00
      32 -0.52752113E+00 -0.43921050E+00  0.88310632E-01  0.19132669E+00
      33 -0.53567182E+00 -0.45147718E+00  0.84194639E-01  0.19132669E+00
      34 -0.60545284E+00 -0.50371050E+00  0.10174234E+00  0.19132669E+00
      35 -0.62663881E+00 -0.52404175E+00  0.10259707E+00  0.19132669E+00
      36 -0.64894482E+00 -0.54115549E+00  0.10778932E+00  0.19132669E+00
      37 -0.72686599E+00 -0.59733130E+00  0.12953469E+00  0.19132669E+00
      38 -0.80460645E+00 -0.65195226E+00  0.15265419E+00  0.19132669E+00
      39 -0.82734771E+00 -0.66776746E+00  0.15958025E+00  0.19132669E+00
      40 -0.84909704E+00 -0.68697122E+00  0.16212583E+00  0.19132669E+00
      41 -0.86955892E+00 -0.70633388E+00  0.16322504E+00  0.19132669E+00
      42 -0.89184974E+00 -0.72683924E+00  0.16501050E+00  0.19132669E+00
      43 -0.90712649E+00 -0.74279935E+00  0.16432715E+00  0.19132669E+00
      44 -0.97066942E+00 -0.79093322E+00  0.17973620E+00  0.19132669E+00
      45 -0.10359381E+01 -0.83927381E+00  0.19666430E+00  0.19132669E+00
      46 -0.10681661E+01 -0.85939681E+00  0.20876927E+00  0.19132669E+00
      47 -0.11029811E+01 -0.87877164E+00  0.22420948E+00  0.19132669E+00
      48 -0.12264984E+01 -0.94210016E+00  0.28439825E+00  0.19132669E+00
      49 -0.13617744E+01 -0.10216556E+01  0.34011877E+00  0.19132669E+00
      50 -0.13950035E+01 -0.10399921E+01  0.35501138E+00  0.19132669E+00
      51 -0.14211202E+01 -0.10566870E+01  0.36443320E+00  0.19132669E+00
      52 -0.14721626E+01 -0.10888621E+01  0.38330056E+00  0.19132669E+00
      53 -0.15326485E+01 -0.11316692E+01  0.40097936E+00  0.19132669E+00
      54 -0.16425824E+01 -0.11909356E+01  0.45164681E+00  0.19132669E+00
      55 -0.17545290E+01 -0.12623523E+01  0.49217665E+00  0.19132669E+00
      56 -0.18159635E+01 -0.13418853E+01  0.47407823E+00  0.19132669E+00
      57 -0.20223622E+01 -0.14464024E+01  0.57595982E+00  0.19132669E+00
      58 -0.21197051E+01 -0.15544443E+01  0.56526074E+00  0.19132669E+00
      59 -0.23576144E+01 -0.17219712E+01  0.63564321E+00  0.19132669E+00
      60 -0.26942267E+01 -0.18219601E+01  0.87226663E+00  0.19132669E+00
      61 -0.32453094E+01 -0.19339423E+01  0.13113671E+01  0.19132669E+00
      62 -0.33808308E+01 -0.21032611E+01  0.12775697E+01  0.19132669E+00
      63 -0.37962695E+01 -0.22178393E+01  0.15784302E+01  0.19132669E+00
      64 -0.43246242E+01 -0.23079846E+01  0.20166397E+01  0.19132669E+00
      65 -0.44013121E+01 -0.27221227E+01  0.16791894E+01  0.19132669E+00
      66 -0.45025236E+01 -0.30399826E+01  0.14625409E+01  0.19132669E+00
      67 -0.45960175E+01 -0.31574248E+01  0.14385928E+01  0.19132669E+00
      68 -0.46994663E+01 -0.33335444E+01  0.13659219E+01  0.19132669E+00
      69 -0.47871850E+01 -0.34865410E+01  0.13006440E+01  0.19132669E+00
      70 -0.48843310E+01 -0.36524490E+01  0.12318820E+01  0.19132669E+00
      71 -0.49709923E+01 -0.37501898E+01  0.12208025E+01  0.19132669E+00
      72 -0.50474296E+01 -0.40695102E+01  0.97791944E+00  0.19132669E+00
      73 -0.51236970E+01 -0.43240500E+01  0.79964698E+00  0.19132669E+00
      74 -0.51824552E+01 -0.44103248E+01  0.77213040E+00  0.19132669E+00
      75 -0.52158169E+01 -0.45081779E+01  0.70763902E+00  0.19132669E+00
      76 -0.52245774E+01 -0.45115500E+01  0.71302737E+00  0.19132669E+00
      77 -0.52653243E+01 -0.46099919E+01  0.65533240E+00  0.19132669E+00
      78 -0.52968134E+01 -0.46725246E+01  0.62428875E+00  0.19132669E+00
      79 -0.53075448E+01 -0.46769749E+01  0.63056993E+00  0.19132669E+00
      80 -0.53230996E+01 -0.47150277E+01  0.60807191E+00  0.19132669E+00
      81 -0.53313344E+01 -0.47310803E+01  0.60025410E+00  0.19132669E+00
      82 -0.53347337E+01 -0.47363674E+01  0.59836626E+00  0.19132669E+00
      83 -0.53625998E+01 -0.47879105E+01  0.57468927E+00  0.19132669E+00
      84 -0.53756770E+01 -0.48064276E+01  0.56924939E+00  0.19132669E+00
      85 -0.53913213E+01 -0.48328889E+01  0.55843244E+00  0.19132669E+00
      86 -0.54229647E+01 -0.48986202E+01  0.52434447E+00  0.19132669E+00
      87 -0.54344109E+01 -0.49198112E+01  0.51459969E+00  0.19132669E+00
      88 -0.54461181E+01 -0.49443569E+01  0.50176121E+00  0.19132669E+00
      89 -0.54567138E+01 -0.49664153E+01  0.49029846E+00  0.19132669E+00
      90 -0.54592678E+01 -0.49680007E+01  0.49126716E+00  0.19132669E+00
      91 -0.54621954E+01 -0.49698881E+01  0.49230730E+00  0.19132669E+00
      92 -0.54632335E+01 -0.49725532E+01  0.49068031E+00  0.19132669E+00
      93 -0.54646753E+01 -0.49738542E+01  0.49082110E+00  0.19132669E+00
      94 -0.54715321E+01 -0.49822368E+01  0.48929538E+00  0.19132669E+00
      95 -0.54848852E+01 -0.50003517E+01  0.48453346E+00  0.19132669E+00
      96 -0.54938118E+01 -0.50126414E+01  0.48117045E+00  0.19132669E+00
      97 -0.54973935E+01 -0.50213548E+01  0.47603867E+00  0.19132669E+00
      98 -0.55164534E+01 -0.50510208E+01  0.46543265E+00  0.19132669E+00
      99 -0.55339064E+01 -0.50819404E+01  0.45196600E+00  0.19132669E+00
     100 -0.55373911E+01 -0.50858565E+01  0.45153453E+00  0.19132669E+00
     101 -0.55408956E+01 -0.50871190E+01  0.45377665E+00  0.19132669E+00
     102 -0.55480759E+01 -0.50995448E+01  0.44853107E+00  0.19132669E+00
     103 -0.55566083E+01 -0.51113552E+01  0.44525314E+00  0.19132669E+00
     104 -0.55582691E+01 -0.51133247E+01  0.44494440E+00  0.19132669E+00
     105 -0.55603081E+01 -0.51167345E+01  0.44357364E+00  0.19132669E+00
     106 -0.55771735E+01 -0.51462269E+01  0.43094657E+00  0.19132669E+00
     107 -0.55963254E+01 -0.51820199E+01  0.41430552E+00  0.19132669E+00
     108 -0.56009245E+01 -0.51891952E+01  0.41172932E+00  0.19132669E+00
     109 -0.56058493E+01 -0.51928702E+01  0.41297917E+00  0.19132669E+00
     110 -0.56084491E+01 -0.51993222E+01  0.40912693E+00  0.19132669E+00
     111 -0.56107193E+01 -0.52024293E+01  0.40828997E+00  0.19132669E+00
     112 -0.56157215E+01 -0.52057657E+01  0.40995570E+00  0.19132669E+00
     113 -0.56261200E+01 -0.52260866E+01  0.40003338E+00  0.19132669E+00
     114 -0.56347884E+01 -0.52439868E+01  0.39080162E+00  0.19132669E+00
     115 -0.56368655E+01 -0.52463857E+01  0.39047978E+00  0.19132669E+00
     116 -0.56400284E+01 -0.52502545E+01  0.38977396E+00  0.19132669E+00
     117 -0.56426388E+01 -0.52547136E+01  0.38792517E+00  0.19132669E+00
     118 -0.56460919E+01 -0.52584956E+01  0.38759636E+00  0.19132669E+00
     119 -0.56497877E+01 -0.52628039E+01  0.38698373E+00  0.19132669E+00
     120 -0.56516983E+01 -0.52660158E+01  0.38568253E+00  0.19132669E+00
     121 -0.56538742E+01 -0.52687793E+01  0.38509498E+00  0.19132669E+00
     122 -0.56558928E+01 -0.52706159E+01  0.38527687E+00  0.19132669E+00
     123 -0.56580156E+01 -0.52732955E+01  0.38472009E+00  0.19132669E+00
     124 -0.56600091E+01 -0.52759789E+01  0.38403019E+00  0.19132669E+00
     125 -0.56639001E+01 -0.52783519E+01  0.38554818E+00  0.19132669E+00
     126 -0.56667540E+01 -0.52837285E+01  0.38302544E+00  0.19132669E+00
     127 -0.56697211E+01 -0.52862591E+01  0.38346201E+00  0.19132669E+00
     128 -0.56715206E+01 -0.52912648E+01  0.38025579E+00  0.19132669E+00
     129 -0.56728533E+01 -0.52943397E+01  0.37851360E+00  0.19132669E+00
     130 -0.56747612E+01 -0.52966414E+01  0.37811975E+00  0.19132669E+00
     131 -0.56777868E+01 -0.52985648E+01  0.37922201E+00  0.19132669E+00
     132 -0.56798039E+01 -0.53038966E+01  0.37590725E+00  0.19132669E+00
# k =  0.00000000E+00  0.00000000E+00  0.75000000E+00 spin= 1
 # n1 <i|Sigma_ch|i> (eV), partial sum
 #      nbands   ch(vbm)          ch(cbm)           diff        converged
       1 -0.16376069E-01 -0.85679812E-02  0.78080874E-02  0.77460644E-01
       2 -0.33795696E-01 -0.17864254E-01  0.15931443E-01  0.77460644E-01
       3 -0.50213450E-01 -0.27483212E-01  0.22730238E-01  0.77460644E-01
       4 -0.69787010E-01 -0.38796853E-01  0.30990157E-01  0.77460644E-01
       5 -0.88899109E-01 -0.50459034E-01  0.38440075E-01  0.77460644E-01
       6 -0.10903706E+00 -0.65434138E-01  0.43602920E-01  0.77460644E-01
       7 -0.12710505E+00 -0.80179522E-01  0.46925526E-01  0.77460644E-01
       8 -0.14378947E+00 -0.93568344E-01  0.50221127E-01  0.77460644E-01
       9 -0.16279460E+00 -0.10961236E+00  0.53182240E-01  0.77460644E-01
      10 -0.18089111E+00 -0.12454972E+00  0.56341391E-01  0.77460644E-01
      11 -0.20209025E+00 -0.14125367E+00  0.60836576E-01  0.77460644E-01
      12 -0.21569566E+00 -0.15362974E+00  0.62065914E-01  0.77460644E-01
      13 -0.24772612E+00 -0.17255541E+00  0.75170705E-01  0.77460644E-01
      14 -0.26889973E+00 -0.18806659E+00  0.80833140E-01  0.77460644E-01
      15 -0.29544575E+00 -0.20481412E+00  0.90631631E-01  0.77460644E-01
      16 -0.32225978E+00 -0.22012981E+00  0.10212998E+00  0.77460644E-01
      17 -0.33623360E+00 -0.23817985E+00  0.98053747E-01  0.77460644E-01
      18 -0.34468371E+00 -0.24817654E+00  0.96507168E-01  0.77460644E-01
      19 -0.36651384E+00 -0.28086493E+00  0.85648909E-01  0.77460644E-01
      20 -0.38013399E+00 -0.29281149E+00  0.87322504E-01  0.77460644E-01
      21 -0.39309724E+00 -0.30272901E+00  0.90368232E-01  0.77460644E-01
      22 -0.40464562E+00 -0.31517257E+00  0.89473041E-01  0.77460644E-01
      23 -0.42018276E+00 -0.33329708E+00  0.86885684E-01  0.77460644E-01
      24 -0.43403892E+00 -0.34682760E+00  0.87211321E-01  0.77460644E-01
      25 -0.44553391E+00 -0.35866232E+00  0.86871594E-01  0.77460644E-01
      26 -0.45616497E+00 -0.36882248E+00  0.87342494E-01  0.77460644E-01
      27 -0.46815715E+00 -0.38155809E+00  0.86599061E-01  0.77460644E-01
      28 -0.47776694E+00 -0.39236992E+00  0.85397023E-01  0.77460644E-01
      29 -0.48824181E+00 -0.40343238E+00  0.84809432E-01  0.77460644E-01
      30 -0.49738245E+00 -0.41426139E+00  0.83121057E-01  0.77460644E-01
      31 -0.50397910E+00 -0.42055819E+00  0.83420909E-01  0.77460644E-01
      32 -0.53745289E+00 -0.44737383E+00  0.90079060E-01  0.77460644E-01
      33 -0.54726366E+00 -0.45768283E+00  0.89580826E-01  0.77460644E-01
      34 -0.61689896E+00 -0.50966068E+00  0.10723827E+00  0.77460644E-01
      35 -0.64066929E+00 -0.52890184E+00  0.11176745E+00  0.77460644E-01
      36 -0.66441040E+00 -0.54810401E+00  0.11630639E+00  0.77460644E-01
      37 -0.73517065E+00 -0.60171050E+00  0.13346016E+00  0.77460644E-01
      38 -0.80725640E+00 -0.65634238E+00  0.15091402E+00  0.77460644E-01
      39 -0.82750559E+00 -0.67440883E+00  0.15309676E+00  0.77460644E-01
      40 -0.84727063E+00 -0.69165187E+00  0.15561876E+00  0.77460644E-01
      41 -0.86642959E+00 -0.71025075E+00  0.15617884E+00  0.77460644E-01
      42 -0.88864045E+00 -0.73152461E+00  0.15711584E+00  0.77460644E-01
      43 -0.90438374E+00 -0.74595525E+00  0.15842850E+00  0.77460644E-01
      44 -0.96098025E+00 -0.79208730E+00  0.16889295E+00  0.77460644E-01
      45 -0.10179753E+01 -0.83782304E+00  0.18015228E+00  0.77460644E-01
      46 -0.10446814E+01 -0.85728345E+00  0.18739792E+00  0.77460644E-01
      47 -0.10720053E+01 -0.87740318E+00  0.19460207E+00  0.77460644E-01
      48 -0.11761143E+01 -0.95489690E+00  0.22121741E+00  0.77460644E-01
      49 -0.12834051E+01 -0.10420186E+01  0.24138651E+00  0.77460644E-01
      50 -0.13110072E+01 -0.10590879E+01  0.25191933E+00  0.77460644E-01
      51 -0.13330143E+01 -0.10750974E+01  0.25791697E+00  0.77460644E-01
      52 -0.13851409E+01 -0.11065861E+01  0.27855481E+00  0.77460644E-01
      53 -0.14492403E+01 -0.11522160E+01  0.29702424E+00  0.77460644E-01
      54 -0.15121695E+01 -0.12021672E+01  0.31000229E+00  0.77460644E-01
      55 -0.16499861E+01 -0.12840055E+01  0.36598055E+00  0.77460644E-01
      56 -0.17334095E+01 -0.13537493E+01  0.37966021E+00  0.77460644E-01
      57 -0.19238851E+01 -0.14839764E+01  0.43990867E+00  0.77460644E-01
      58 -0.20986247E+01 -0.16059539E+01  0.49267081E+00  0.77460644E-01
      59 -0.22849973E+01 -0.17407809E+01  0.54421645E+00  0.77460644E-01
      60 -0.25473073E+01 -0.18985363E+01  0.64877097E+00  0.77460644E-01
      61 -0.27956152E+01 -0.20486713E+01  0.74694396E+00  0.77460644E-01
      62 -0.33095341E+01 -0.22353620E+01  0.10741721E+01  0.77460644E-01
      63 -0.37007793E+01 -0.23836850E+01  0.13170943E+01  0.77460644E-01
      64 -0.41614941E+01 -0.25558726E+01  0.16056215E+01  0.77460644E-01
      65 -0.42743855E+01 -0.29257366E+01  0.13486489E+01  0.77460644E-01
      66 -0.43575817E+01 -0.30680534E+01  0.12895283E+01  0.77460644E-01
      67 -0.44622818E+01 -0.33731108E+01  0.10891710E+01  0.77460644E-01
      68 -0.46089986E+01 -0.37405810E+01  0.86841763E+00  0.77460644E-01
      69 -0.46942448E+01 -0.38731650E+01  0.82107986E+00  0.77460644E-01
      70 -0.47886012E+01 -0.40284441E+01  0.76015708E+00  0.77460644E-01
      71 -0.49324399E+01 -0.42464299E+01  0.68601002E+00  0.77460644E-01
      72 -0.50296741E+01 -0.44304940E+01  0.59918004E+00  0.77460644E-01
      73 -0.51449096E+01 -0.46393787E+01  0.50553088E+00  0.77460644E-01
      74 -0.52023518E+01 -0.47503604E+01  0.45199134E+00  0.77460644E-01
      75 -0.52233385E+01 -0.47796766E+01  0.44366182E+00  0.77460644E-01
      76 -0.52313566E+01 -0.47893267E+01  0.44202999E+00  0.77460644E-01
      77 -0.52773981E+01 -0.48713048E+01  0.40609335E+00  0.77460644E-01
      78 -0.53017555E+01 -0.49084696E+01  0.39328584E+00  0.77460644E-01
      79 -0.53128047E+01 -0.49286899E+01  0.38411476E+00  0.77460644E-01
      80 -0.53268937E+01 -0.49542185E+01  0.37267520E+00  0.77460644E-01
      81 -0.53334964E+01 -0.49639296E+01  0.36956685E+00  0.77460644E-01
      82 -0.53374551E+01 -0.49697472E+01  0.36770788E+00  0.77460644E-01
      83 -0.53721051E+01 -0.50234253E+01  0.34867980E+00  0.77460644E-01
      84 -0.53847402E+01 -0.50411914E+01  0.34354876E+00  0.77460644E-01
      85 -0.53999314E+01 -0.50655828E+01  0.33434859E+00  0.77460644E-01
      86 -0.54275057E+01 -0.51061110E+01  0.32139464E+00  0.77460644E-01
      87 -0.54421039E+01 -0.51287122E+01  0.31339162E+00  0.77460644E-01
      88 -0.54594630E+01 -0.51554125E+01  0.30405054E+00  0.77460644E-01
      89 -0.54682456E+01 -0.51664391E+01  0.30180654E+00  0.77460644E-01
      90 -0.54695835E+01 -0.51676392E+01  0.30194428E+00  0.77460644E-01
      91 -0.54716642E+01 -0.51701151E+01  0.30154911E+00  0.77460644E-01
      92 -0.54733279E+01 -0.51722747E+01  0.30105325E+00  0.77460644E-01
      93 -0.54753266E+01 -0.51744527E+01  0.30087394E+00  0.77460644E-01
      94 -0.54821872E+01 -0.51833990E+01  0.29878817E+00  0.77460644E-01
      95 -0.54959910E+01 -0.52020389E+01  0.29395209E+00  0.77460644E-01
      96 -0.55049154E+01 -0.52139290E+01  0.29098639E+00  0.77460644E-01
      97 -0.55100887E+01 -0.52203082E+01  0.28978049E+00  0.77460644E-01
      98 -0.55272987E+01 -0.52453731E+01  0.28192565E+00  0.77460644E-01
      99 -0.55443304E+01 -0.52706187E+01  0.27371162E+00  0.77460644E-01
     100 -0.55504192E+01 -0.52752646E+01  0.27515460E+00  0.77460644E-01
     101 -0.55523039E+01 -0.52771824E+01  0.27512146E+00  0.77460644E-01
     102 -0.55607469E+01 -0.52882893E+01  0.27245760E+00  0.77460644E-01
     103 -0.55699034E+01 -0.53002200E+01  0.26968341E+00  0.77460644E-01
     104 -0.55729049E+01 -0.53032794E+01  0.26962550E+00  0.77460644E-01
     105 -0.55754262E+01 -0.53057697E+01  0.26965649E+00  0.77460644E-01
     106 -0.55937944E+01 -0.53326889E+01  0.26110543E+00  0.77460644E-01
     107 -0.56141432E+01 -0.53627715E+01  0.25137170E+00  0.77460644E-01
     108 -0.56192383E+01 -0.53698301E+01  0.24940816E+00  0.77460644E-01
     109 -0.56232806E+01 -0.53744386E+01  0.24884200E+00  0.77460644E-01
     110 -0.56273648E+01 -0.53794869E+01  0.24787780E+00  0.77460644E-01
     111 -0.56302697E+01 -0.53828218E+01  0.24744791E+00  0.77460644E-01
     112 -0.56336985E+01 -0.53869489E+01  0.24674963E+00  0.77460644E-01
     113 -0.56455339E+01 -0.54035012E+01  0.24203274E+00  0.77460644E-01
     114 -0.56556712E+01 -0.54178770E+01  0.23779420E+00  0.77460644E-01
     115 -0.56575634E+01 -0.54200885E+01  0.23747487E+00  0.77460644E-01
     116 -0.56611713E+01 -0.54243556E+01  0.23681577E+00  0.77460644E-01
     117 -0.56646262E+01 -0.54284094E+01  0.23621684E+00  0.77460644E-01
     118 -0.56681573E+01 -0.54326966E+01  0.23546067E+00  0.77460644E-01
     119 -0.56722263E+01 -0.54377056E+01  0.23452067E+00  0.77460644E-01
     120 -0.56752476E+01 -0.54410213E+01  0.23422626E+00  0.77460644E-01
     121 -0.56774713E+01 -0.54432907E+01  0.23418055E+00  0.77460644E-01
     122 -0.56799217E+01 -0.54457070E+01  0.23421471E+00  0.77460644E-01
     123 -0.56825026E+01 -0.54479503E+01  0.23455238E+00  0.77460644E-01
     124 -0.56848066E+01 -0.54508740E+01  0.23393256E+00  0.77460644E-01
     125 -0.56878323E+01 -0.54540678E+01  0.23376457E+00  0.77460644E-01
     126 -0.56912911E+01 -0.54591647E+01  0.23212638E+00  0.77460644E-01
     127 -0.56946938E+01 -0.54624204E+01  0.23227340E+00  0.77460644E-01
     128 -0.56995584E+01 -0.54667605E+01  0.23279796E+00  0.77460644E-01
     129 -0.57007941E+01 -0.54698846E+01  0.23090953E+00  0.77460644E-01
     130 -0.57033280E+01 -0.54724508E+01  0.23087729E+00  0.77460644E-01
     131 -0.57059105E+01 -0.54752719E+01  0.23063859E+00  0.77460644E-01
     132 -0.57092667E+01 -0.54789955E+01  0.23027127E+00  0.77460644E-01
# k =  0.00000000E+00  0.00000000E+00  0.87500000E+00 spin= 1
 # n1 <i|Sigma_ch|i> (eV), partial sum
 #      nbands   ch(vbm)          ch(cbm)           diff        converged
       1 -0.14053041E-01 -0.15500018E-01 -0.14469778E-02 -0.11013574E+00
       2 -0.29932286E-01 -0.30263268E-01 -0.33098153E-03 -0.11013574E+00
       3 -0.45591390E-01 -0.46731295E-01 -0.11399057E-02 -0.11013574E+00
       4 -0.63698450E-01 -0.64774803E-01 -0.10763529E-02 -0.11013574E+00
       5 -0.82102978E-01 -0.83139290E-01 -0.10363115E-02 -0.11013574E+00
       6 -0.10006389E+00 -0.10431654E+00 -0.42526484E-02 -0.11013574E+00
       7 -0.11984867E+00 -0.12584222E+00 -0.59935517E-02 -0.11013574E+00
       8 -0.13576606E+00 -0.15293402E+00 -0.17167963E-01 -0.11013574E+00
       9 -0.15473034E+00 -0.17640880E+00 -0.21678467E-01 -0.11013574E+00
      10 -0.17209153E+00 -0.20073823E+00 -0.28646697E-01 -0.11013574E+00
      11 -0.18797142E+00 -0.22011787E+00 -0.32146451E-01 -0.11013574E+00
      12 -0.20715879E+00 -0.23866974E+00 -0.31510951E-01 -0.11013574E+00
      13 -0.22119432E+00 -0.26288604E+00 -0.41691723E-01 -0.11013574E+00
      14 -0.24666635E+00 -0.28419570E+00 -0.37529349E-01 -0.11013574E+00
      15 -0.27306133E+00 -0.31641275E+00 -0.43351424E-01 -0.11013574E+00
      16 -0.29745327E+00 -0.34822921E+00 -0.50775940E-01 -0.11013574E+00
      17 -0.30607396E+00 -0.37558811E+00 -0.69514145E-01 -0.11013574E+00
      18 -0.33170983E+00 -0.40601479E+00 -0.74304955E-01 -0.11013574E+00
      19 -0.34117428E+00 -0.43638532E+00 -0.95211031E-01 -0.11013574E+00
      20 -0.35726387E+00 -0.46299945E+00 -0.10573559E+00 -0.11013574E+00
      21 -0.36934561E+00 -0.49004853E+00 -0.12070293E+00 -0.11013574E+00
      22 -0.38569577E+00 -0.51745074E+00 -0.13175497E+00 -0.11013574E+00
      23 -0.39909467E+00 -0.55212748E+00 -0.15303282E+00 -0.11013574E+00
      24 -0.41286323E+00 -0.58323047E+00 -0.17036724E+00 -0.11013574E+00
      25 -0.42535177E+00 -0.60828810E+00 -0.18293633E+00 -0.11013574E+00
      26 -0.43674301E+00 -0.62704546E+00 -0.19030246E+00 -0.11013574E+00
      27 -0.44615493E+00 -0.64515256E+00 -0.19899763E+00 -0.11013574E+00
      28 -0.45696867E+00 -0.67934594E+00 -0.22237727E+00 -0.11013574E+00
      29 -0.46695184E+00 -0.71356632E+00 -0.24661448E+00 -0.11013574E+00
      30 -0.47377063E+00 -0.72615957E+00 -0.25238895E+00 -0.11013574E+00
      31 -0.48388391E+00 -0.73847438E+00 -0.25459047E+00 -0.11013574E+00
      32 -0.51378378E+00 -0.76871146E+00 -0.25492768E+00 -0.11013574E+00
      33 -0.52377279E+00 -0.78166980E+00 -0.25789700E+00 -0.11013574E+00
      34 -0.58641954E+00 -0.84046790E+00 -0.25404836E+00 -0.11013574E+00
      35 -0.60811675E+00 -0.88241474E+00 -0.27429799E+00 -0.11013574E+00
      36 -0.62978436E+00 -0.92439606E+00 -0.29461170E+00 -0.11013574E+00
      37 -0.69570079E+00 -0.97825249E+00 -0.28255169E+00 -0.11013574E+00
      38 -0.76033416E+00 -0.10317620E+01 -0.27142781E+00 -0.11013574E+00
      39 -0.78167663E+00 -0.10572651E+01 -0.27558845E+00 -0.11013574E+00
      40 -0.80380515E+00 -0.10824866E+01 -0.27868145E+00 -0.11013574E+00
      41 -0.82516543E+00 -0.10961045E+01 -0.27093911E+00 -0.11013574E+00
      42 -0.84777225E+00 -0.11119753E+01 -0.26420310E+00 -0.11013574E+00
      43 -0.86485533E+00 -0.11217316E+01 -0.25687623E+00 -0.11013574E+00
      44 -0.91693209E+00 -0.11501025E+01 -0.23317046E+00 -0.11013574E+00
      45 -0.96910635E+00 -0.11799268E+01 -0.21082044E+00 -0.11013574E+00
      46 -0.99241130E+00 -0.11947690E+01 -0.20235767E+00 -0.11013574E+00
      47 -0.10165487E+01 -0.12147742E+01 -0.19822552E+00 -0.11013574E+00
      48 -0.11080327E+01 -0.12628984E+01 -0.15486572E+00 -0.11013574E+00
      49 -0.12386063E+01 -0.13450221E+01 -0.10641574E+00 -0.11013574E+00
      50 -0.12541910E+01 -0.13646185E+01 -0.11042757E+00 -0.11013574E+00
      51 -0.12745972E+01 -0.13837032E+01 -0.10910601E+00 -0.11013574E+00
      52 -0.13132743E+01 -0.14127352E+01 -0.99460876E-01 -0.11013574E+00
      53 -0.13657970E+01 -0.14876677E+01 -0.12187073E+00 -0.11013574E+00
      54 -0.14606427E+01 -0.15390695E+01 -0.78426715E-01 -0.11013574E+00
      55 -0.15429058E+01 -0.15994247E+01 -0.56518855E-01 -0.11013574E+00
      56 -0.16341001E+01 -0.16969097E+01 -0.62809628E-01 -0.11013574E+00
      57 -0.18037781E+01 -0.18291114E+01 -0.25333234E-01 -0.11013574E+00
      58 -0.19368803E+01 -0.19978471E+01 -0.60966741E-01 -0.11013574E+00
      59 -0.22134175E+01 -0.20977237E+01  0.11569383E+00 -0.11013574E+00
      60 -0.24471917E+01 -0.21975860E+01  0.24960564E+00 -0.11013574E+00
      61 -0.27524855E+01 -0.22940887E+01  0.45839676E+00 -0.11013574E+00
      62 -0.29368377E+01 -0.23906045E+01  0.54623319E+00 -0.11013574E+00
      63 -0.35142800E+01 -0.24983009E+01  0.10159791E+01 -0.11013574E+00
      64 -0.39181066E+01 -0.26060049E+01  0.13121016E+01 -0.11013574E+00
      65 -0.39977169E+01 -0.31470336E+01  0.85068329E+00 -0.11013574E+00
      66 -0.41548977E+01 -0.34286578E+01  0.72623988E+00 -0.11013574E+00
      67 -0.42611035E+01 -0.39505141E+01  0.31058932E+00 -0.11013574E+00
      68 -0.43979808E+01 -0.41401622E+01  0.25781860E+00 -0.11013574E+00
      69 -0.45759524E+01 -0.44258890E+01  0.15006334E+00 -0.11013574E+00
      70 -0.47819103E+01 -0.46171980E+01  0.16471236E+00 -0.11013574E+00
      71 -0.49168756E+01 -0.48299227E+01  0.86952878E-01 -0.11013574E+00
      72 -0.50075761E+01 -0.49177427E+01  0.89833423E-01 -0.11013574E+00
      73 -0.51159758E+01 -0.50051050E+01  0.11087087E+00 -0.11013574E+00
      74 -0.51493266E+01 -0.50482294E+01  0.10109721E+00 -0.11013574E+00
      75 -0.51925031E+01 -0.50851304E+01  0.10737279E+00 -0.11013574E+00
      76 -0.52025232E+01 -0.51102665E+01  0.92256705E-01 -0.11013574E+00
      77 -0.52321232E+01 -0.51689996E+01  0.63123559E-01 -0.11013574E+00
      78 -0.52741925E+01 -0.51951844E+01  0.79008108E-01 -0.11013574E+00
      79 -0.52868508E+01 -0.52100789E+01  0.76771880E-01 -0.11013574E+00
      80 -0.53024512E+01 -0.52281825E+01  0.74268601E-01 -0.11013574E+00
      81 -0.53121787E+01 -0.52358513E+01  0.76327421E-01 -0.11013574E+00
      82 -0.53149582E+01 -0.52412139E+01  0.73744281E-01 -0.11013574E+00
      83 -0.53370197E+01 -0.52863075E+01  0.50712189E-01 -0.11013574E+00
      84 -0.53517992E+01 -0.53187996E+01  0.32999585E-01 -0.11013574E+00
      85 -0.53675546E+01 -0.53368320E+01  0.30722558E-01 -0.11013574E+00
      86 -0.54084441E+01 -0.53652489E+01  0.43195191E-01 -0.11013574E+00
      87 -0.54182843E+01 -0.53894502E+01  0.28834121E-01 -0.11013574E+00
      88 -0.54257411E+01 -0.53989265E+01  0.26814590E-01 -0.11013574E+00
      89 -0.54416385E+01 -0.54065199E+01  0.35118633E-01 -0.11013574E+00
      90 -0.54440552E+01 -0.54078469E+01  0.36208269E-01 -0.11013574E+00
      91 -0.54463742E+01 -0.54095592E+01  0.36815072E-01 -0.11013574E+00
      92 -0.54477819E+01 -0.54109662E+01  0.36815650E-01 -0.11013574E+00
      93 -0.54487691E+01 -0.54119175E+01  0.36851558E-01 -0.11013574E+00
      94 -0.54560230E+01 -0.54263741E+01  0.29648902E-01 -0.11013574E+00
      95 -0.54703662E+01 -0.54620647E+01  0.83015247E-02 -0.11013574E+00
      96 -0.54802081E+01 -0.54847357E+01 -0.45275472E-02 -0.11013574E+00
      97 -0.54861771E+01 -0.54944995E+01 -0.83223640E-02 -0.11013574E+00
      98 -0.55041574E+01 -0.55131950E+01 -0.90376086E-02 -0.11013574E+00
      99 -0.55240708E+01 -0.55333646E+01 -0.92937669E-02 -0.11013574E+00
     100 -0.55272561E+01 -0.55423595E+01 -0.15103378E-01 -0.11013574E+00
     101 -0.55295478E+01 -0.55438232E+01 -0.14275400E-01 -0.11013574E+00
     102 -0.55382532E+01 -0.55598267E+01 -0.21573518E-01 -0.11013574E+00
     103 -0.55473586E+01 -0.55772629E+01 -0.29904280E-01 -0.11013574E+00
     104 -0.55484277E+01 -0.55791862E+01 -0.30758463E-01 -0.11013574E+00
     105 -0.55517558E+01 -0.55817828E+01 -0.30027005E-01 -0.11013574E+00
     106 -0.55689180E+01 -0.56011252E+01 -0.32207191E-01 -0.11013574E+00
     107 -0.55905629E+01 -0.56277335E+01 -0.37170610E-01 -0.11013574E+00
     108 -0.55959475E+01 -0.56374345E+01 -0.41487039E-01 -0.11013574E+00
     109 -0.56001528E+01 -0.56434487E+01 -0.43295897E-01 -0.11013574E+00
     110 -0.56042900E+01 -0.56493117E+01 -0.45021757E-01 -0.11013574E+00
     111 -0.56071359E+01 -0.56543156E+01 -0.47179665E-01 -0.11013574E+00
     112 -0.56104981E+01 -0.56583490E+01 -0.47850840E-01 -0.11013574E+00
     113 -0.56219472E+01 -0.56714379E+01 -0.49490736E-01 -0.11013574E+00
     114 -0.56323105E+01 -0.56836199E+01 -0.51309397E-01 -0.11013574E+00
     115 -0.56353671E+01 -0.56868166E+01 -0.51449465E-01 -0.11013574E+00
     116 -0.56390088E+01 -0.56916263E+01 -0.52617465E-01 -0.11013574E+00
     117 -0.56423539E+01 -0.56956053E+01 -0.53251378E-01 -0.11013574E+00
     118 -0.56459221E+01 -0.56999839E+01 -0.54061807E-01 -0.11013574E+00
     119 -0.56501753E+01 -0.57048069E+01 -0.54631666E-01 -0.11013574E+00
     120 -0.56527870E+01 -0.57080966E+01 -0.55309560E-01 -0.11013574E+00
     121 -0.56554888E+01 -0.57106555E+01 -0.55166727E-01 -0.11013574E+00
     122 -0.56575196E+01 -0.57130758E+01 -0.55556245E-01 -0.11013574E+00
     123 -0.56598793E+01 -0.57155046E+01 -0.55625368E-01 -0.11013574E+00
     124 -0.56629119E+01 -0.57186917E+01 -0.55779818E-01 -0.11013574E+00
     125 -0.56660576E+01 -0.57219120E+01 -0.55854410E-01 -0.11013574E+00
     126 -0.56699300E+01 -0.57256476E+01 -0.55717621E-01 -0.11013574E+00
     127 -0.56732096E+01 -0.57283160E+01 -0.55106420E-01 -0.11013574E+00
     128 -0.56745014E+01 -0.57308994E+01 -0.56398063E-01 -0.11013574E+00
     129 -0.56763369E+01 -0.57321251E+01 -0.55788224E-01 -0.11013574E+00
     130 -0.56785220E+01 -0.57349648E+01 -0.56442806E-01 -0.11013574E+00
     131 -0.56812310E+01 -0.57381619E+01 -0.56930968E-01 -0.11013574E+00
     132 -0.56842247E+01 -0.57419087E+01 -0.57684032E-01 -0.11013574E+00
