# q=  0.00000000E+00  0.00000000E+00  0.10000000E-02  (qpt 1)
#ncbands         Re chi(0,0)              extrap   Re chi(Gmax,Gmax)              extrap
       1     -0.69894713E-08     -0.94548551E-07     -0.18516777E-04     -0.11937661E-02
       2     -0.14154770E-07     -0.94548551E-07     -0.34950783E-04     -0.11937661E-02
       3     -0.19909049E-07     -0.94548551E-07     -0.59052437E-04     -0.11937661E-02
       4     -0.40723197E-07     -0.94548551E-07     -0.78215146E-04     -0.11937661E-02
       5     -0.61272820E-07     -0.94548551E-07     -0.10116988E-03     -0.11937661E-02
       6     -0.73586638E-07     -0.94548551E-07     -0.12228277E-03     -0.11937661E-02
       7     -0.85811881E-07     -0.94548551E-07     -0.14419335E-03     -0.11937661E-02
       8     -0.86304832E-07     -0.94548551E-07     -0.15912370E-03     -0.11937661E-02
       9     -0.86858290E-07     -0.94548551E-07     -0.17708179E-03     -0.11937661E-02
      10     -0.86952761E-07     -0.94548551E-07     -0.18665188E-03     -0.11937661E-02
      11     -0.86982594E-07     -0.94548551E-07     -0.19245801E-03     -0.11937661E-02
      12     -0.86987514E-07     -0.94548551E-07     -0.19542586E-03     -0.11937661E-02
      13     -0.87020595E-07     -0.94548551E-07     -0.20531176E-03     -0.11937661E-02
      14     -0.87036579E-07     -0.94548551E-07     -0.21134520E-03     -0.11937661E-02
      15     -0.87040368E-07     -0.94548551E-07     -0.21342090E-03     -0.11937661E-02
      16     -0.87042866E-07     -0.94548551E-07     -0.21622352E-03     -0.11937661E-02
      17     -0.87045812E-07     -0.94548551E-07     -0.21842229E-03     -0.11937661E-02
      18     -0.87047666E-07     -0.94548551E-07     -0.21942900E-03     -0.11937661E-02
      19     -0.87075576E-07     -0.94548551E-07     -0.22907984E-03     -0.11937661E-02
      20     -0.87087535E-07     -0.94548551E-07     -0.23309443E-03     -0.11937661E-02
      21     -0.87089753E-07     -0.94548551E-07     -0.23581260E-03     -0.11937661E-02
      22     -0.87100272E-07     -0.94548551E-07     -0.24280679E-03     -0.11937661E-02
      23     -0.87123409E-07     -0.94548551E-07     -0.24764460E-03     -0.11937661E-02
      24     -0.87129611E-07     -0.94548551E-07     -0.25137648E-03     -0.11937661E-02
      25     -0.87135305E-07     -0.94548551E-07     -0.25431696E-03     -0.11937661E-02
      26     -0.87136214E-07     -0.94548551E-07     -0.25471595E-03     -0.11937661E-02
      27     -0.87136651E-07     -0.94548551E-07     -0.25515499E-03     -0.11937661E-02
      28     -0.87137942E-07     -0.94548551E-07     -0.25557103E-03     -0.11937661E-02
      29     -0.87139697E-07     -0.94548551E-07     -0.25584371E-03     -0.11937661E-02
      30     -0.87158285E-07     -0.94548551E-07     -0.25855727E-03     -0.11937661E-02
      31     -0.87295894E-07     -0.94548551E-07     -0.26777552E-03     -0.11937661E-02
      32     -0.87415551E-07     -0.94548551E-07     -0.27418190E-03     -0.11937661E-02
      33     -0.87421974E-07     -0.94548551E-07     -0.27598920E-03     -0.11937661E-02
      34     -0.87424200E-07     -0.94548551E-07     -0.27958457E-03     -0.11937661E-02
      35     -0.87432516E-07     -0.94548551E-07     -0.28455450E-03     -0.11937661E-02
      36     -0.87461223E-07     -0.94548551E-07     -0.28649991E-03     -0.11937661E-02
      37     -0.87463331E-07     -0.94548551E-07     -0.28708230E-03     -0.11937661E-02
      38     -0.87502816E-07     -0.94548551E-07     -0.29263575E-03     -0.11937661E-02
      39     -0.87536132E-07     -0.94548551E-07     -0.29692456E-03     -0.11937661E-02
      40     -0.87549958E-07     -0.94548551E-07     -0.29745376E-03     -0.11937661E-02
      41     -0.87632596E-07     -0.94548551E-07     -0.30605203E-03     -0.11937661E-02
      42     -0.87886883E-07     -0.94548551E-07     -0.33610990E-03     -0.11937661E-02
      43     -0.88067978E-07     -0.94548551E-07     -0.36079472E-03     -0.11937661E-02
      44     -0.88081691E-07     -0.94548551E-07     -0.36455606E-03     -0.11937661E-02
      45     -0.88196723E-07     -0.94548551E-07     -0.37924681E-03     -0.11937661E-02
      46     -0.88461701E-07     -0.94548551E-07     -0.40554389E-03     -0.11937661E-02
      47     -0.88681743E-07     -0.94548551E-07     -0.41821360E-03     -0.11937661E-02
      48     -0.88771642E-07     -0.94548551E-07     -0.42357888E-03     -0.11937661E-02
      49     -0.88873838E-07     -0.94548551E-07     -0.43378107E-03     -0.11937661E-02
      50     -0.88961045E-07     -0.94548551E-07     -0.44048031E-03     -0.11937661E-02
      51     -0.89186819E-07     -0.94548551E-07     -0.44762974E-03     -0.11937661E-02
      52     -0.89449645E-07     -0.94548551E-07     -0.46995973E-03     -0.11937661E-02
      53     -0.89693214E-07     -0.94548551E-07     -0.49640915E-03     -0.11937661E-02
      54     -0.90097637E-07     -0.94548551E-07     -0.52151298E-03     -0.11937661E-02
      55     -0.90430521E-07     -0.94548551E-07     -0.54752269E-03     -0.11937661E-02
      56     -0.90627775E-07     -0.94548551E-07     -0.56143965E-03     -0.11937661E-02
      57     -0.90773970E-07     -0.94548551E-07     -0.57444414E-03     -0.11937661E-02
      58     -0.90911437E-07     -0.94548551E-07     -0.58671635E-03     -0.11937661E-02
      59     -0.90952747E-07     -0.94548551E-07     -0.59048710E-03     -0.11937661E-02
      60     -0.91039069E-07     -0.94548551E-07     -0.59527321E-03     -0.11937661E-02
      61     -0.91183951E-07     -0.94548551E-07     -0.60838722E-03     -0.11937661E-02
      62     -0.91346927E-07     -0.94548551E-07     -0.61932832E-03     -0.11937661E-02
      63     -0.91354727E-07     -0.94548551E-07     -0.62042443E-03     -0.11937661E-02
      64     -0.91367547E-07     -0.94548551E-07     -0.62145581E-03     -0.11937661E-02
      65     -0.91411807E-07     -0.94548551E-07     -0.62230052E-03     -0.11937661E-02
      66     -0.91486040E-07     -0.94548551E-07     -0.63804454E-03     -0.11937661E-02
      67     -0.91561087E-07     -0.94548551E-07     -0.65376298E-03     -0.11937661E-02
      68     -0.91629423E-07     -0.94548551E-07     -0.67001401E-03     -0.11937661E-02
 
# q=  0.00000000E+00  0.00000000E+00  0.12500000E+00  (qpt 2)
#ncbands         Re chi(0,0)              extrap   Re chi(Gmax,Gmax)              extrap
       1     -0.87969652E-04     -0.96738480E-03     -0.37551651E-04     -0.12444783E-02
       2     -0.17697603E-03     -0.96738480E-03     -0.75311513E-04     -0.12444783E-02
       3     -0.24077141E-03     -0.96738480E-03     -0.10710688E-03     -0.12444783E-02
       4     -0.40039711E-03     -0.96738480E-03     -0.14084221E-03     -0.12444783E-02
       5     -0.55677263E-03     -0.96738480E-03     -0.17766224E-03     -0.12444783E-02
       6     -0.69516875E-03     -0.96738480E-03     -0.21575548E-03     -0.12444783E-02
       7     -0.83255583E-03     -0.96738480E-03     -0.24751755E-03     -0.12444783E-02
       8     -0.84044985E-03     -0.96738480E-03     -0.27821694E-03     -0.12444783E-02
       9     -0.84935492E-03     -0.96738480E-03     -0.31061773E-03     -0.12444783E-02
      10     -0.85094866E-03     -0.96738480E-03     -0.32672078E-03     -0.12444783E-02
      11     -0.85146900E-03     -0.96738480E-03     -0.33874814E-03     -0.12444783E-02
      12     -0.85154933E-03     -0.96738480E-03     -0.34474353E-03     -0.12444783E-02
      13     -0.85208387E-03     -0.96738480E-03     -0.36274689E-03     -0.12444783E-02
      14     -0.85234630E-03     -0.96738480E-03     -0.37414659E-03     -0.12444783E-02
      15     -0.85239873E-03     -0.96738480E-03     -0.37817906E-03     -0.12444783E-02
      16     -0.85243570E-03     -0.96738480E-03     -0.38307733E-03     -0.12444783E-02
      17     -0.85248312E-03     -0.96738480E-03     -0.38626624E-03     -0.12444783E-02
      18     -0.85251108E-03     -0.96738480E-03     -0.38855098E-03     -0.12444783E-02
      19     -0.85294040E-03     -0.96738480E-03     -0.40351871E-03     -0.12444783E-02
      20     -0.85312919E-03     -0.96738480E-03     -0.41175719E-03     -0.12444783E-02
      21     -0.85316294E-03     -0.96738480E-03     -0.41775277E-03     -0.12444783E-02
      22     -0.85333360E-03     -0.96738480E-03     -0.43032453E-03     -0.12444783E-02
      23     -0.85369295E-03     -0.96738480E-03     -0.43979345E-03     -0.12444783E-02
      24     -0.85379536E-03     -0.96738480E-03     -0.44505921E-03     -0.12444783E-02
      25     -0.85388549E-03     -0.96738480E-03     -0.44939246E-03     -0.12444783E-02
      26     -0.85390002E-03     -0.96738480E-03     -0.45042794E-03     -0.12444783E-02
      27     -0.85390713E-03     -0.96738480E-03     -0.45148662E-03     -0.12444783E-02
      28     -0.85392541E-03     -0.96738480E-03     -0.45230706E-03     -0.12444783E-02
      29     -0.85395651E-03     -0.96738480E-03     -0.45301996E-03     -0.12444783E-02
      30     -0.85423304E-03     -0.96738480E-03     -0.45796776E-03     -0.12444783E-02
      31     -0.85593663E-03     -0.96738480E-03     -0.47345904E-03     -0.12444783E-02
      32     -0.85795403E-03     -0.96738480E-03     -0.48503177E-03     -0.12444783E-02
      33     -0.85804867E-03     -0.96738480E-03     -0.48863476E-03     -0.12444783E-02
      34     -0.85808554E-03     -0.96738480E-03     -0.49593128E-03     -0.12444783E-02
      35     -0.85825001E-03     -0.96738480E-03     -0.50448871E-03     -0.12444783E-02
      36     -0.85883009E-03     -0.96738480E-03     -0.50838524E-03     -0.12444783E-02
      37     -0.85885883E-03     -0.96738480E-03     -0.50944841E-03     -0.12444783E-02
      38     -0.85938035E-03     -0.96738480E-03     -0.51707735E-03     -0.12444783E-02
      39     -0.85987907E-03     -0.96738480E-03     -0.52447539E-03     -0.12444783E-02
      40     -0.86008520E-03     -0.96738480E-03     -0.52549496E-03     -0.12444783E-02
      41     -0.86124467E-03     -0.96738480E-03     -0.53223458E-03     -0.12444783E-02
      42     -0.86483884E-03     -0.96738480E-03     -0.55646454E-03     -0.12444783E-02
      43     -0.86740418E-03     -0.96738480E-03     -0.57911612E-03     -0.12444783E-02
      44     -0.86763709E-03     -0.96738480E-03     -0.58363292E-03     -0.12444783E-02
      45     -0.86941804E-03     -0.96738480E-03     -0.59658132E-03     -0.12444783E-02
      46     -0.87325593E-03     -0.96738480E-03     -0.61588004E-03     -0.12444783E-02
      47     -0.87617838E-03     -0.96738480E-03     -0.62735910E-03     -0.12444783E-02
      48     -0.87730310E-03     -0.96738480E-03     -0.63363131E-03     -0.12444783E-02
      49     -0.87901866E-03     -0.96738480E-03     -0.64531985E-03     -0.12444783E-02
      50     -0.88047316E-03     -0.96738480E-03     -0.65361417E-03     -0.12444783E-02
      51     -0.88367587E-03     -0.96738480E-03     -0.66347268E-03     -0.12444783E-02
      52     -0.88753302E-03     -0.96738480E-03     -0.68125420E-03     -0.12444783E-02
      53     -0.89124635E-03     -0.96738480E-03     -0.70042138E-03     -0.12444783E-02
      54     -0.89723294E-03     -0.96738480E-03     -0.72515972E-03     -0.12444783E-02
      55     -0.90223315E-03     -0.96738480E-03     -0.74980724E-03     -0.12444783E-02
      56     -0.90511816E-03     -0.96738480E-03     -0.76043382E-03     -0.12444783E-02
      57     -0.90727271E-03     -0.96738480E-03     -0.77075091E-03     -0.12444783E-02
      58     -0.90933394E-03     -0.96738480E-03     -0.78018822E-03     -0.12444783E-02
      59     -0.90999652E-03     -0.96738480E-03     -0.78461323E-03     -0.12444783E-02
      60     -0.91113975E-03     -0.96738480E-03     -0.79000353E-03     -0.12444783E-02
      61     -0.91335719E-03     -0.96738480E-03     -0.80123282E-03     -0.12444783E-02
      62     -0.91600606E-03     -0.96738480E-03     -0.81283049E-03     -0.12444783E-02
      63     -0.91617136E-03     -0.96738480E-03     -0.81450828E-03     -0.12444783E-02
      64     -0.91643352E-03     -0.96738480E-03     -0.81630351E-03     -0.12444783E-02
      65     -0.91709125E-03     -0.96738480E-03     -0.81784821E-03     -0.12444783E-02
      66     -0.91825739E-03     -0.96738480E-03     -0.82829089E-03     -0.12444783E-02
      67     -0.91943645E-03     -0.96738480E-03     -0.83923943E-03     -0.12444783E-02
      68     -0.92053948E-03     -0.96738480E-03     -0.85091706E-03     -0.12444783E-02
 
# q=  0.00000000E+00  0.00000000E+00  0.25000000E+00  (qpt 3)
#ncbands         Re chi(0,0)              extrap   Re chi(Gmax,Gmax)              extrap
       1     -0.29219215E-03     -0.25008688E-02     -0.46332573E-04     -0.10985995E-02
       2     -0.58689056E-03     -0.25008688E-02     -0.93942178E-04     -0.10985995E-02
       3     -0.76206228E-03     -0.25008688E-02     -0.13556366E-03     -0.10985995E-02
       4     -0.10996364E-02     -0.25008688E-02     -0.17708406E-03     -0.10985995E-02
       5     -0.14123333E-02     -0.25008688E-02     -0.22459674E-03     -0.10985995E-02
       6     -0.16993204E-02     -0.25008688E-02     -0.26680280E-03     -0.10985995E-02
       7     -0.19826492E-02     -0.25008688E-02     -0.31264187E-03     -0.10985995E-02
       8     -0.20182250E-02     -0.25008688E-02     -0.34623763E-03     -0.10985995E-02
       9     -0.20585913E-02     -0.25008688E-02     -0.38172569E-03     -0.10985995E-02
      10     -0.20663429E-02     -0.25008688E-02     -0.40241150E-03     -0.10985995E-02
      11     -0.20691213E-02     -0.25008688E-02     -0.41810408E-03     -0.10985995E-02
      12     -0.20694807E-02     -0.25008688E-02     -0.42683205E-03     -0.10985995E-02
      13     -0.20718320E-02     -0.25008688E-02     -0.44821936E-03     -0.10985995E-02
      14     -0.20730683E-02     -0.25008688E-02     -0.46242395E-03     -0.10985995E-02
      15     -0.20732379E-02     -0.25008688E-02     -0.46806294E-03     -0.10985995E-02
      16     -0.20733673E-02     -0.25008688E-02     -0.47440980E-03     -0.10985995E-02
      17     -0.20735801E-02     -0.25008688E-02     -0.47961122E-03     -0.10985995E-02
      18     -0.20736873E-02     -0.25008688E-02     -0.48294799E-03     -0.10985995E-02
      19     -0.20753771E-02     -0.25008688E-02     -0.49999838E-03     -0.10985995E-02
      20     -0.20760987E-02     -0.25008688E-02     -0.50977719E-03     -0.10985995E-02
      21     -0.20762201E-02     -0.25008688E-02     -0.51610900E-03     -0.10985995E-02
      22     -0.20769575E-02     -0.25008688E-02     -0.52978161E-03     -0.10985995E-02
      23     -0.20783335E-02     -0.25008688E-02     -0.54024950E-03     -0.10985995E-02
      24     -0.20788418E-02     -0.25008688E-02     -0.54650077E-03     -0.10985995E-02
      25     -0.20792362E-02     -0.25008688E-02     -0.55167700E-03     -0.10985995E-02
      26     -0.20793032E-02     -0.25008688E-02     -0.55373229E-03     -0.10985995E-02
      27     -0.20793496E-02     -0.25008688E-02     -0.55555227E-03     -0.10985995E-02
      28     -0.20794109E-02     -0.25008688E-02     -0.55683347E-03     -0.10985995E-02
      29     -0.20795629E-02     -0.25008688E-02     -0.55822259E-03     -0.10985995E-02
      30     -0.20805102E-02     -0.25008688E-02     -0.56399568E-03     -0.10985995E-02
      31     -0.20853253E-02     -0.25008688E-02     -0.58271171E-03     -0.10985995E-02
      32     -0.20914271E-02     -0.25008688E-02     -0.59860152E-03     -0.10985995E-02
      33     -0.20917693E-02     -0.25008688E-02     -0.60291491E-03     -0.10985995E-02
      34     -0.20919360E-02     -0.25008688E-02     -0.60956215E-03     -0.10985995E-02
      35     -0.20927988E-02     -0.25008688E-02     -0.61969169E-03     -0.10985995E-02
      36     -0.20965566E-02     -0.25008688E-02     -0.62527270E-03     -0.10985995E-02
      37     -0.20966589E-02     -0.25008688E-02     -0.62713870E-03     -0.10985995E-02
      38     -0.20982469E-02     -0.25008688E-02     -0.63522938E-03     -0.10985995E-02
      39     -0.21000200E-02     -0.25008688E-02     -0.64311721E-03     -0.10985995E-02
      40     -0.21006310E-02     -0.25008688E-02     -0.64448515E-03     -0.10985995E-02
      41     -0.21042828E-02     -0.25008688E-02     -0.64794340E-03     -0.10985995E-02
      42     -0.21156726E-02     -0.25008688E-02     -0.65817996E-03     -0.10985995E-02
      43     -0.21237313E-02     -0.25008688E-02     -0.67292757E-03     -0.10985995E-02
      44     -0.21245784E-02     -0.25008688E-02     -0.67771274E-03     -0.10985995E-02
      45     -0.21313567E-02     -0.25008688E-02     -0.68548223E-03     -0.10985995E-02
      46     -0.21436651E-02     -0.25008688E-02     -0.69324525E-03     -0.10985995E-02
      47     -0.21524704E-02     -0.25008688E-02     -0.70073454E-03     -0.10985995E-02
      48     -0.21557835E-02     -0.25008688E-02     -0.70732005E-03     -0.10985995E-02
      49     -0.21612204E-02     -0.25008688E-02     -0.72178503E-03     -0.10985995E-02
      50     -0.21656574E-02     -0.25008688E-02     -0.73048826E-03     -0.10985995E-02
      51     -0.21756228E-02     -0.25008688E-02     -0.74129320E-03     -0.10985995E-02
      52     -0.21883933E-02     -0.25008688E-02     -0.75122383E-03     -0.10985995E-02
      53     -0.22008005E-02     -0.25008688E-02     -0.75876389E-03     -0.10985995E-02
      54     -0.22222930E-02     -0.25008688E-02     -0.77587520E-03     -0.10985995E-02
      55     -0.22403229E-02     -0.25008688E-02     -0.79189873E-03     -0.10985995E-02
      56     -0.22499911E-02     -0.25008688E-02     -0.79803079E-03     -0.10985995E-02
      57     -0.22572659E-02     -0.25008688E-02     -0.80464448E-03     -0.10985995E-02
      58     -0.22646908E-02     -0.25008688E-02     -0.81072637E-03     -0.10985995E-02
      59     -0.22675729E-02     -0.25008688E-02     -0.81601284E-03     -0.10985995E-02
      60     -0.22717422E-02     -0.25008688E-02     -0.82115383E-03     -0.10985995E-02
      61     -0.22799330E-02     -0.25008688E-02     -0.83009596E-03     -0.10985995E-02
      62     -0.22892170E-02     -0.25008688E-02     -0.83994623E-03     -0.10985995E-02
      63     -0.22902233E-02     -0.25008688E-02     -0.84207568E-03     -0.10985995E-02
      64     -0.22919095E-02     -0.25008688E-02     -0.84404884E-03     -0.10985995E-02
      65     -0.22938346E-02     -0.25008688E-02     -0.84635036E-03     -0.10985995E-02
      66     -0.22985734E-02     -0.25008688E-02     -0.85181071E-03     -0.10985995E-02
      67     -0.23033752E-02     -0.25008688E-02     -0.85756380E-03     -0.10985995E-02
      68     -0.23078921E-02     -0.25008688E-02     -0.86276857E-03     -0.10985995E-02
 
# q=  0.00000000E+00  0.00000000E+00  0.37500000E+00  (qpt 4)
#ncbands         Re chi(0,0)              extrap   Re chi(Gmax,Gmax)              extrap
       1     -0.39084817E-03     -0.36375074E-02     -0.27801062E-04     -0.11945169E-02
       2     -0.78493886E-03     -0.36375074E-02     -0.58881318E-04     -0.11945169E-02
       3     -0.10970507E-02     -0.36375074E-02     -0.82381813E-04     -0.11945169E-02
       4     -0.15447616E-02     -0.36375074E-02     -0.11000325E-03     -0.11945169E-02
       5     -0.18883208E-02     -0.36375074E-02     -0.14083147E-03     -0.11945169E-02
       6     -0.22235145E-02     -0.36375074E-02     -0.17079986E-03     -0.11945169E-02
       7     -0.25432988E-02     -0.36375074E-02     -0.19863814E-03     -0.11945169E-02
       8     -0.26549074E-02     -0.36375074E-02     -0.22331193E-03     -0.11945169E-02
       9     -0.27798845E-02     -0.36375074E-02     -0.25064110E-03     -0.11945169E-02
      10     -0.28040107E-02     -0.36375074E-02     -0.26210060E-03     -0.11945169E-02
      11     -0.28144045E-02     -0.36375074E-02     -0.27048339E-03     -0.11945169E-02
      12     -0.28155890E-02     -0.36375074E-02     -0.27481431E-03     -0.11945169E-02
      13     -0.28217729E-02     -0.36375074E-02     -0.28716026E-03     -0.11945169E-02
      14     -0.28256814E-02     -0.36375074E-02     -0.29494731E-03     -0.11945169E-02
      15     -0.28260683E-02     -0.36375074E-02     -0.29771810E-03     -0.11945169E-02
      16     -0.28264331E-02     -0.36375074E-02     -0.30087545E-03     -0.11945169E-02
      17     -0.28270325E-02     -0.36375074E-02     -0.30303135E-03     -0.11945169E-02
      18     -0.28273302E-02     -0.36375074E-02     -0.30457096E-03     -0.11945169E-02
      19     -0.28309735E-02     -0.36375074E-02     -0.31613407E-03     -0.11945169E-02
      20     -0.28323722E-02     -0.36375074E-02     -0.32090586E-03     -0.11945169E-02
      21     -0.28325987E-02     -0.36375074E-02     -0.32475657E-03     -0.11945169E-02
      22     -0.28345058E-02     -0.36375074E-02     -0.33400157E-03     -0.11945169E-02
      23     -0.28372484E-02     -0.36375074E-02     -0.34130421E-03     -0.11945169E-02
      24     -0.28389132E-02     -0.36375074E-02     -0.34543046E-03     -0.11945169E-02
      25     -0.28399552E-02     -0.36375074E-02     -0.34901238E-03     -0.11945169E-02
      26     -0.28401724E-02     -0.36375074E-02     -0.34975900E-03     -0.11945169E-02
      27     -0.28403604E-02     -0.36375074E-02     -0.35050063E-03     -0.11945169E-02
      28     -0.28405018E-02     -0.36375074E-02     -0.35117997E-03     -0.11945169E-02
      29     -0.28407920E-02     -0.36375074E-02     -0.35169976E-03     -0.11945169E-02
      30     -0.28424250E-02     -0.36375074E-02     -0.35488613E-03     -0.11945169E-02
      31     -0.28501232E-02     -0.36375074E-02     -0.36766591E-03     -0.11945169E-02
      32     -0.28593583E-02     -0.36375074E-02     -0.37648774E-03     -0.11945169E-02
      33     -0.28600984E-02     -0.36375074E-02     -0.37882056E-03     -0.11945169E-02
      34     -0.28605533E-02     -0.36375074E-02     -0.38348524E-03     -0.11945169E-02
      35     -0.28624024E-02     -0.36375074E-02     -0.38950015E-03     -0.11945169E-02
      36     -0.28699396E-02     -0.36375074E-02     -0.39241602E-03     -0.11945169E-02
      37     -0.28701583E-02     -0.36375074E-02     -0.39329989E-03     -0.11945169E-02
      38     -0.28727717E-02     -0.36375074E-02     -0.39998125E-03     -0.11945169E-02
      39     -0.28768095E-02     -0.36375074E-02     -0.40578872E-03     -0.11945169E-02
      40     -0.28783280E-02     -0.36375074E-02     -0.40663993E-03     -0.11945169E-02
      41     -0.28849398E-02     -0.36375074E-02     -0.41311031E-03     -0.11945169E-02
      42     -0.29037167E-02     -0.36375074E-02     -0.43692534E-03     -0.11945169E-02
      43     -0.29170316E-02     -0.36375074E-02     -0.45852870E-03     -0.11945169E-02
      44     -0.29184908E-02     -0.36375074E-02     -0.46245996E-03     -0.11945169E-02
      45     -0.29307392E-02     -0.36375074E-02     -0.47473087E-03     -0.11945169E-02
      46     -0.29513099E-02     -0.36375074E-02     -0.49697551E-03     -0.11945169E-02
      47     -0.29662589E-02     -0.36375074E-02     -0.51039907E-03     -0.11945169E-02
      48     -0.29717306E-02     -0.36375074E-02     -0.51551002E-03     -0.11945169E-02
      49     -0.29804326E-02     -0.36375074E-02     -0.52428256E-03     -0.11945169E-02
      50     -0.29872598E-02     -0.36375074E-02     -0.53107484E-03     -0.11945169E-02
      51     -0.30036571E-02     -0.36375074E-02     -0.54189199E-03     -0.11945169E-02
      52     -0.30255587E-02     -0.36375074E-02     -0.56287959E-03     -0.11945169E-02
      53     -0.30469029E-02     -0.36375074E-02     -0.58478270E-03     -0.11945169E-02
      54     -0.30848763E-02     -0.36375074E-02     -0.60996294E-03     -0.11945169E-02
      55     -0.31167786E-02     -0.36375074E-02     -0.63653005E-03     -0.11945169E-02
      56     -0.31338227E-02     -0.36375074E-02     -0.64873896E-03     -0.11945169E-02
      57     -0.31465987E-02     -0.36375074E-02     -0.66123507E-03     -0.11945169E-02
      58     -0.31597669E-02     -0.36375074E-02     -0.67320627E-03     -0.11945169E-02
      59     -0.31653315E-02     -0.36375074E-02     -0.67711669E-03     -0.11945169E-02
      60     -0.31729135E-02     -0.36375074E-02     -0.68270276E-03     -0.11945169E-02
      61     -0.31882879E-02     -0.36375074E-02     -0.69592306E-03     -0.11945169E-02
      62     -0.32050809E-02     -0.36375074E-02     -0.70914630E-03     -0.11945169E-02
      63     -0.32073580E-02     -0.36375074E-02     -0.71062362E-03     -0.11945169E-02
      64     -0.32107717E-02     -0.36375074E-02     -0.71207230E-03     -0.11945169E-02
      65     -0.32137341E-02     -0.36375074E-02     -0.71329622E-03     -0.11945169E-02
      66     -0.32236472E-02     -0.36375074E-02     -0.72587267E-03     -0.11945169E-02
      67     -0.32337436E-02     -0.36375074E-02     -0.73883145E-03     -0.11945169E-02
      68     -0.32432362E-02     -0.36375074E-02     -0.75197312E-03     -0.11945169E-02
 
# q=  0.00000000E+00  0.00000000E+00  0.50000000E+00  (qpt 5)
#ncbands         Re chi(0,0)              extrap   Re chi(Gmax,Gmax)              extrap
       1     -0.36682454E-03     -0.43606254E-02     -0.30423294E-04     -0.12142200E-02
       2     -0.73664399E-03     -0.43606254E-02     -0.61668541E-04     -0.12142200E-02
       3     -0.11055734E-02     -0.43606254E-02     -0.88583926E-04     -0.12142200E-02
       4     -0.15785441E-02     -0.43606254E-02     -0.11883085E-03     -0.12142200E-02
       5     -0.19347002E-02     -0.43606254E-02     -0.15051545E-03     -0.12142200E-02
       6     -0.22833642E-02     -0.43606254E-02     -0.18174338E-03     -0.12142200E-02
       7     -0.25841250E-02     -0.43606254E-02     -0.21247107E-03     -0.12142200E-02
       8     -0.27914530E-02     -0.43606254E-02     -0.23919900E-03     -0.12142200E-02
       9     -0.30272567E-02     -0.43606254E-02     -0.27011524E-03     -0.12142200E-02
      10     -0.30963755E-02     -0.43606254E-02     -0.28364137E-03     -0.12142200E-02
      11     -0.31370823E-02     -0.43606254E-02     -0.29320247E-03     -0.12142200E-02
      12     -0.31451065E-02     -0.43606254E-02     -0.29790720E-03     -0.12142200E-02
      13     -0.31690583E-02     -0.43606254E-02     -0.31192033E-03     -0.12142200E-02
      14     -0.31898427E-02     -0.43606254E-02     -0.32083240E-03     -0.12142200E-02
      15     -0.32001404E-02     -0.43606254E-02     -0.32482022E-03     -0.12142200E-02
      16     -0.32104166E-02     -0.43606254E-02     -0.32974516E-03     -0.12142200E-02
      17     -0.32119918E-02     -0.43606254E-02     -0.33205328E-03     -0.12142200E-02
      18     -0.32130549E-02     -0.43606254E-02     -0.33383014E-03     -0.12142200E-02
      19     -0.32200797E-02     -0.43606254E-02     -0.34617444E-03     -0.12142200E-02
      20     -0.32225242E-02     -0.43606254E-02     -0.35224666E-03     -0.12142200E-02
      21     -0.32229457E-02     -0.43606254E-02     -0.35756470E-03     -0.12142200E-02
      22     -0.32273975E-02     -0.43606254E-02     -0.36695430E-03     -0.12142200E-02
      23     -0.32317090E-02     -0.43606254E-02     -0.37510686E-03     -0.12142200E-02
      24     -0.32352917E-02     -0.43606254E-02     -0.37966998E-03     -0.12142200E-02
      25     -0.32377829E-02     -0.43606254E-02     -0.38350215E-03     -0.12142200E-02
      26     -0.32384685E-02     -0.43606254E-02     -0.38431918E-03     -0.12142200E-02
      27     -0.32391553E-02     -0.43606254E-02     -0.38515141E-03     -0.12142200E-02
      28     -0.32396183E-02     -0.43606254E-02     -0.38588491E-03     -0.12142200E-02
      29     -0.32400357E-02     -0.43606254E-02     -0.38650546E-03     -0.12142200E-02
      30     -0.32421375E-02     -0.43606254E-02     -0.39038332E-03     -0.12142200E-02
      31     -0.32520828E-02     -0.43606254E-02     -0.40383303E-03     -0.12142200E-02
      32     -0.32638945E-02     -0.43606254E-02     -0.41317849E-03     -0.12142200E-02
      33     -0.32652215E-02     -0.43606254E-02     -0.41595913E-03     -0.12142200E-02
      34     -0.32661962E-02     -0.43606254E-02     -0.42214955E-03     -0.12142200E-02
      35     -0.32688483E-02     -0.43606254E-02     -0.42777582E-03     -0.12142200E-02
      36     -0.32784210E-02     -0.43606254E-02     -0.43096402E-03     -0.12142200E-02
      37     -0.32789111E-02     -0.43606254E-02     -0.43190623E-03     -0.12142200E-02
      38     -0.32824020E-02     -0.43606254E-02     -0.43890461E-03     -0.12142200E-02
      39     -0.32883490E-02     -0.43606254E-02     -0.44548400E-03     -0.12142200E-02
      40     -0.32906897E-02     -0.43606254E-02     -0.44643485E-03     -0.12142200E-02
      41     -0.32995771E-02     -0.43606254E-02     -0.45356328E-03     -0.12142200E-02
      42     -0.33236919E-02     -0.43606254E-02     -0.47994467E-03     -0.12142200E-02
      43     -0.33409005E-02     -0.43606254E-02     -0.50121313E-03     -0.12142200E-02
      44     -0.33428842E-02     -0.43606254E-02     -0.50540938E-03     -0.12142200E-02
      45     -0.33589540E-02     -0.43606254E-02     -0.51832197E-03     -0.12142200E-02
      46     -0.33855803E-02     -0.43606254E-02     -0.54026150E-03     -0.12142200E-02
      47     -0.34052384E-02     -0.43606254E-02     -0.55223223E-03     -0.12142200E-02
      48     -0.34124444E-02     -0.43606254E-02     -0.55770626E-03     -0.12142200E-02
      49     -0.34237335E-02     -0.43606254E-02     -0.56693450E-03     -0.12142200E-02
      50     -0.34324376E-02     -0.43606254E-02     -0.57448704E-03     -0.12142200E-02
      51     -0.34539048E-02     -0.43606254E-02     -0.58494420E-03     -0.12142200E-02
      52     -0.34830114E-02     -0.43606254E-02     -0.60459509E-03     -0.12142200E-02
      53     -0.35113477E-02     -0.43606254E-02     -0.62623509E-03     -0.12142200E-02
      54     -0.35610622E-02     -0.43606254E-02     -0.65205862E-03     -0.12142200E-02
      55     -0.36028036E-02     -0.43606254E-02     -0.67760163E-03     -0.12142200E-02
      56     -0.36254712E-02     -0.43606254E-02     -0.69054615E-03     -0.12142200E-02
      57     -0.36425451E-02     -0.43606254E-02     -0.70237505E-03     -0.12142200E-02
      58     -0.36599373E-02     -0.43606254E-02     -0.71324965E-03     -0.12142200E-02
      59     -0.36673670E-02     -0.43606254E-02     -0.71740338E-03     -0.12142200E-02
      60     -0.36774353E-02     -0.43606254E-02     -0.72294341E-03     -0.12142200E-02
      61     -0.36987187E-02     -0.43606254E-02     -0.73551874E-03     -0.12142200E-02
      62     -0.37216328E-02     -0.43606254E-02     -0.74791798E-03     -0.12142200E-02
      63     -0.37253207E-02     -0.43606254E-02     -0.74952834E-03     -0.12142200E-02
      64     -0.37300572E-02     -0.43606254E-02     -0.75111722E-03     -0.12142200E-02
      65     -0.37338436E-02     -0.43606254E-02     -0.75233967E-03     -0.12142200E-02
      66     -0.37485235E-02     -0.43606254E-02     -0.76454944E-03     -0.12142200E-02
      67     -0.37637104E-02     -0.43606254E-02     -0.77655707E-03     -0.12142200E-02
      68     -0.37780145E-02     -0.43606254E-02     -0.78906227E-03     -0.12142200E-02
 
# q=  0.00000000E+00  0.00000000E+00  0.62500000E+00  (qpt 6)
#ncbands         Re chi(0,0)              extrap   Re chi(Gmax,Gmax)              extrap
       1     -0.39084817E-03     -0.36375074E-02     -0.27801062E-04     -0.11945169E-02
       2     -0.78493886E-03     -0.36375074E-02     -0.58881318E-04     -0.11945169E-02
       3     -0.10970507E-02     -0.36375074E-02     -0.82381813E-04     -0.11945169E-02
       4     -0.15447616E-02     -0.36375074E-02     -0.11000325E-03     -0.11945169E-02
       5     -0.18883208E-02     -0.36375074E-02     -0.14083147E-03     -0.11945169E-02
       6     -0.22235145E-02     -0.36375074E-02     -0.17079986E-03     -0.11945169E-02
       7     -0.25432988E-02     -0.36375074E-02     -0.19863814E-03     -0.11945169E-02
       8     -0.26549074E-02     -0.36375074E-02     -0.22331193E-03     -0.11945169E-02
       9     -0.27798845E-02     -0.36375074E-02     -0.25064110E-03     -0.11945169E-02
      10     -0.28040107E-02     -0.36375074E-02     -0.26210060E-03     -0.11945169E-02
      11     -0.28144045E-02     -0.36375074E-02     -0.27048339E-03     -0.11945169E-02
      12     -0.28155890E-02     -0.36375074E-02     -0.27481431E-03     -0.11945169E-02
      13     -0.28217729E-02     -0.36375074E-02     -0.28716026E-03     -0.11945169E-02
      14     -0.28256814E-02     -0.36375074E-02     -0.29494731E-03     -0.11945169E-02
      15     -0.28260683E-02     -0.36375074E-02     -0.29771810E-03     -0.11945169E-02
      16     -0.28264331E-02     -0.36375074E-02     -0.30087545E-03     -0.11945169E-02
      17     -0.28270325E-02     -0.36375074E-02     -0.30303135E-03     -0.11945169E-02
      18     -0.28273302E-02     -0.36375074E-02     -0.30457096E-03     -0.11945169E-02
      19     -0.28309735E-02     -0.36375074E-02     -0.31613407E-03     -0.11945169E-02
      20     -0.28323722E-02     -0.36375074E-02     -0.32090586E-03     -0.11945169E-02
      21     -0.28325987E-02     -0.36375074E-02     -0.32475657E-03     -0.11945169E-02
      22     -0.28345058E-02     -0.36375074E-02     -0.33400157E-03     -0.11945169E-02
      23     -0.28372484E-02     -0.36375074E-02     -0.34130421E-03     -0.11945169E-02
      24     -0.28389132E-02     -0.36375074E-02     -0.34543046E-03     -0.11945169E-02
      25     -0.28399552E-02     -0.36375074E-02     -0.34901238E-03     -0.11945169E-02
      26     -0.28401724E-02     -0.36375074E-02     -0.34975900E-03     -0.11945169E-02
      27     -0.28403604E-02     -0.36375074E-02     -0.35050063E-03     -0.11945169E-02
      28     -0.28405018E-02     -0.36375074E-02     -0.35117997E-03     -0.11945169E-02
      29     -0.28407920E-02     -0.36375074E-02     -0.35169976E-03     -0.11945169E-02
      30     -0.28424250E-02     -0.36375074E-02     -0.35488613E-03     -0.11945169E-02
      31     -0.28501232E-02     -0.36375074E-02     -0.36766591E-03     -0.11945169E-02
      32     -0.28593583E-02     -0.36375074E-02     -0.37648774E-03     -0.11945169E-02
      33     -0.28600984E-02     -0.36375074E-02     -0.37882056E-03     -0.11945169E-02
      34     -0.28605533E-02     -0.36375074E-02     -0.38348524E-03     -0.11945169E-02
      35     -0.28624024E-02     -0.36375074E-02     -0.38950015E-03     -0.11945169E-02
      36     -0.28699396E-02     -0.36375074E-02     -0.39241602E-03     -0.11945169E-02
      37     -0.28701583E-02     -0.36375074E-02     -0.39329989E-03     -0.11945169E-02
      38     -0.28727717E-02     -0.36375074E-02     -0.39998125E-03     -0.11945169E-02
      39     -0.28768095E-02     -0.36375074E-02     -0.40578872E-03     -0.11945169E-02
      40     -0.28783280E-02     -0.36375074E-02     -0.40663993E-03     -0.11945169E-02
      41     -0.28849398E-02     -0.36375074E-02     -0.41311031E-03     -0.11945169E-02
      42     -0.29037167E-02     -0.36375074E-02     -0.43692534E-03     -0.11945169E-02
      43     -0.29170316E-02     -0.36375074E-02     -0.45852870E-03     -0.11945169E-02
      44     -0.29184908E-02     -0.36375074E-02     -0.46245996E-03     -0.11945169E-02
      45     -0.29307392E-02     -0.36375074E-02     -0.47473087E-03     -0.11945169E-02
      46     -0.29513099E-02     -0.36375074E-02     -0.49697551E-03     -0.11945169E-02
      47     -0.29662589E-02     -0.36375074E-02     -0.51039907E-03     -0.11945169E-02
      48     -0.29717306E-02     -0.36375074E-02     -0.51551002E-03     -0.11945169E-02
      49     -0.29804326E-02     -0.36375074E-02     -0.52428256E-03     -0.11945169E-02
      50     -0.29872598E-02     -0.36375074E-02     -0.53107484E-03     -0.11945169E-02
      51     -0.30036571E-02     -0.36375074E-02     -0.54189199E-03     -0.11945169E-02
      52     -0.30255587E-02     -0.36375074E-02     -0.56287959E-03     -0.11945169E-02
      53     -0.30469029E-02     -0.36375074E-02     -0.58478270E-03     -0.11945169E-02
      54     -0.30848763E-02     -0.36375074E-02     -0.60996294E-03     -0.11945169E-02
      55     -0.31167786E-02     -0.36375074E-02     -0.63653005E-03     -0.11945169E-02
      56     -0.31338227E-02     -0.36375074E-02     -0.64873896E-03     -0.11945169E-02
      57     -0.31465987E-02     -0.36375074E-02     -0.66123507E-03     -0.11945169E-02
      58     -0.31597669E-02     -0.36375074E-02     -0.67320627E-03     -0.11945169E-02
      59     -0.31653315E-02     -0.36375074E-02     -0.67711669E-03     -0.11945169E-02
      60     -0.31729135E-02     -0.36375074E-02     -0.68270276E-03     -0.11945169E-02
      61     -0.31882879E-02     -0.36375074E-02     -0.69592306E-03     -0.11945169E-02
      62     -0.32050809E-02     -0.36375074E-02     -0.70914630E-03     -0.11945169E-02
      63     -0.32073580E-02     -0.36375074E-02     -0.71062362E-03     -0.11945169E-02
      64     -0.32107717E-02     -0.36375074E-02     -0.71207230E-03     -0.11945169E-02
      65     -0.32137341E-02     -0.36375074E-02     -0.71329622E-03     -0.11945169E-02
      66     -0.32236472E-02     -0.36375074E-02     -0.72587267E-03     -0.11945169E-02
      67     -0.32337436E-02     -0.36375074E-02     -0.73883145E-03     -0.11945169E-02
      68     -0.32432362E-02     -0.36375074E-02     -0.75197312E-03     -0.11945169E-02
 
# q=  0.00000000E+00  0.00000000E+00  0.75000000E+00  (qpt 7)
#ncbands         Re chi(0,0)              extrap   Re chi(Gmax,Gmax)              extrap
       1     -0.29219215E-03     -0.25008688E-02     -0.46332573E-04     -0.10985995E-02
       2     -0.58689056E-03     -0.25008688E-02     -0.93942178E-04     -0.10985995E-02
       3     -0.76206228E-03     -0.25008688E-02     -0.13556366E-03     -0.10985995E-02
       4     -0.10996364E-02     -0.25008688E-02     -0.17708406E-03     -0.10985995E-02
       5     -0.14123333E-02     -0.25008688E-02     -0.22459674E-03     -0.10985995E-02
       6     -0.16993204E-02     -0.25008688E-02     -0.26680280E-03     -0.10985995E-02
       7     -0.19826492E-02     -0.25008688E-02     -0.31264187E-03     -0.10985995E-02
       8     -0.20182250E-02     -0.25008688E-02     -0.34623763E-03     -0.10985995E-02
       9     -0.20585913E-02     -0.25008688E-02     -0.38172569E-03     -0.10985995E-02
      10     -0.20663429E-02     -0.25008688E-02     -0.40241150E-03     -0.10985995E-02
      11     -0.20691213E-02     -0.25008688E-02     -0.41810408E-03     -0.10985995E-02
      12     -0.20694807E-02     -0.25008688E-02     -0.42683205E-03     -0.10985995E-02
      13     -0.20718320E-02     -0.25008688E-02     -0.44821936E-03     -0.10985995E-02
      14     -0.20730683E-02     -0.25008688E-02     -0.46242395E-03     -0.10985995E-02
      15     -0.20732379E-02     -0.25008688E-02     -0.46806294E-03     -0.10985995E-02
      16     -0.20733673E-02     -0.25008688E-02     -0.47440980E-03     -0.10985995E-02
      17     -0.20735801E-02     -0.25008688E-02     -0.47961122E-03     -0.10985995E-02
      18     -0.20736873E-02     -0.25008688E-02     -0.48294799E-03     -0.10985995E-02
      19     -0.20753771E-02     -0.25008688E-02     -0.49999838E-03     -0.10985995E-02
      20     -0.20760987E-02     -0.25008688E-02     -0.50977719E-03     -0.10985995E-02
      21     -0.20762201E-02     -0.25008688E-02     -0.51610900E-03     -0.10985995E-02
      22     -0.20769575E-02     -0.25008688E-02     -0.52978161E-03     -0.10985995E-02
      23     -0.20783335E-02     -0.25008688E-02     -0.54024950E-03     -0.10985995E-02
      24     -0.20788418E-02     -0.25008688E-02     -0.54650077E-03     -0.10985995E-02
      25     -0.20792362E-02     -0.25008688E-02     -0.55167700E-03     -0.10985995E-02
      26     -0.20793032E-02     -0.25008688E-02     -0.55373229E-03     -0.10985995E-02
      27     -0.20793496E-02     -0.25008688E-02     -0.55555227E-03     -0.10985995E-02
      28     -0.20794109E-02     -0.25008688E-02     -0.55683347E-03     -0.10985995E-02
      29     -0.20795629E-02     -0.25008688E-02     -0.55822259E-03     -0.10985995E-02
      30     -0.20805102E-02     -0.25008688E-02     -0.56399568E-03     -0.10985995E-02
      31     -0.20853253E-02     -0.25008688E-02     -0.58271171E-03     -0.10985995E-02
      32     -0.20914271E-02     -0.25008688E-02     -0.59860152E-03     -0.10985995E-02
      33     -0.20917693E-02     -0.25008688E-02     -0.60291491E-03     -0.10985995E-02
      34     -0.20919360E-02     -0.25008688E-02     -0.60956215E-03     -0.10985995E-02
      35     -0.20927988E-02     -0.25008688E-02     -0.61969169E-03     -0.10985995E-02
      36     -0.20965566E-02     -0.25008688E-02     -0.62527270E-03     -0.10985995E-02
      37     -0.20966589E-02     -0.25008688E-02     -0.62713870E-03     -0.10985995E-02
      38     -0.20982469E-02     -0.25008688E-02     -0.63522938E-03     -0.10985995E-02
      39     -0.21000200E-02     -0.25008688E-02     -0.64311721E-03     -0.10985995E-02
      40     -0.21006310E-02     -0.25008688E-02     -0.64448515E-03     -0.10985995E-02
      41     -0.21042828E-02     -0.25008688E-02     -0.64794340E-03     -0.10985995E-02
      42     -0.21156726E-02     -0.25008688E-02     -0.65817996E-03     -0.10985995E-02
      43     -0.21237313E-02     -0.25008688E-02     -0.67292757E-03     -0.10985995E-02
      44     -0.21245784E-02     -0.25008688E-02     -0.67771274E-03     -0.10985995E-02
      45     -0.21313567E-02     -0.25008688E-02     -0.68548223E-03     -0.10985995E-02
      46     -0.21436651E-02     -0.25008688E-02     -0.69324525E-03     -0.10985995E-02
      47     -0.21524704E-02     -0.25008688E-02     -0.70073454E-03     -0.10985995E-02
      48     -0.21557835E-02     -0.25008688E-02     -0.70732005E-03     -0.10985995E-02
      49     -0.21612204E-02     -0.25008688E-02     -0.72178503E-03     -0.10985995E-02
      50     -0.21656574E-02     -0.25008688E-02     -0.73048826E-03     -0.10985995E-02
      51     -0.21756228E-02     -0.25008688E-02     -0.74129320E-03     -0.10985995E-02
      52     -0.21883933E-02     -0.25008688E-02     -0.75122383E-03     -0.10985995E-02
      53     -0.22008005E-02     -0.25008688E-02     -0.75876389E-03     -0.10985995E-02
      54     -0.22222930E-02     -0.25008688E-02     -0.77587520E-03     -0.10985995E-02
      55     -0.22403229E-02     -0.25008688E-02     -0.79189873E-03     -0.10985995E-02
      56     -0.22499911E-02     -0.25008688E-02     -0.79803079E-03     -0.10985995E-02
      57     -0.22572659E-02     -0.25008688E-02     -0.80464448E-03     -0.10985995E-02
      58     -0.22646908E-02     -0.25008688E-02     -0.81072637E-03     -0.10985995E-02
      59     -0.22675729E-02     -0.25008688E-02     -0.81601284E-03     -0.10985995E-02
      60     -0.22717422E-02     -0.25008688E-02     -0.82115383E-03     -0.10985995E-02
      61     -0.22799330E-02     -0.25008688E-02     -0.83009596E-03     -0.10985995E-02
      62     -0.22892170E-02     -0.25008688E-02     -0.83994623E-03     -0.10985995E-02
      63     -0.22902233E-02     -0.25008688E-02     -0.84207568E-03     -0.10985995E-02
      64     -0.22919095E-02     -0.25008688E-02     -0.84404884E-03     -0.10985995E-02
      65     -0.22938346E-02     -0.25008688E-02     -0.84635036E-03     -0.10985995E-02
      66     -0.22985734E-02     -0.25008688E-02     -0.85181071E-03     -0.10985995E-02
      67     -0.23033752E-02     -0.25008688E-02     -0.85756380E-03     -0.10985995E-02
      68     -0.23078921E-02     -0.25008688E-02     -0.86276857E-03     -0.10985995E-02
 
# q=  0.00000000E+00  0.00000000E+00  0.87500000E+00  (qpt 8)
#ncbands         Re chi(0,0)              extrap   Re chi(Gmax,Gmax)              extrap
       1     -0.87969652E-04     -0.96738480E-03     -0.37551651E-04     -0.12444783E-02
       2     -0.17697603E-03     -0.96738480E-03     -0.75311513E-04     -0.12444783E-02
       3     -0.24077141E-03     -0.96738480E-03     -0.10710688E-03     -0.12444783E-02
       4     -0.40039711E-03     -0.96738480E-03     -0.14084221E-03     -0.12444783E-02
       5     -0.55677263E-03     -0.96738480E-03     -0.17766224E-03     -0.12444783E-02
       6     -0.69516875E-03     -0.96738480E-03     -0.21575548E-03     -0.12444783E-02
       7     -0.83255583E-03     -0.96738480E-03     -0.24751755E-03     -0.12444783E-02
       8     -0.84044985E-03     -0.96738480E-03     -0.27821694E-03     -0.12444783E-02
       9     -0.84935492E-03     -0.96738480E-03     -0.31061773E-03     -0.12444783E-02
      10     -0.85094866E-03     -0.96738480E-03     -0.32672078E-03     -0.12444783E-02
      11     -0.85146900E-03     -0.96738480E-03     -0.33874814E-03     -0.12444783E-02
      12     -0.85154933E-03     -0.96738480E-03     -0.34474353E-03     -0.12444783E-02
      13     -0.85208387E-03     -0.96738480E-03     -0.36274689E-03     -0.12444783E-02
      14     -0.85234630E-03     -0.96738480E-03     -0.37414659E-03     -0.12444783E-02
      15     -0.85239873E-03     -0.96738480E-03     -0.37817906E-03     -0.12444783E-02
      16     -0.85243570E-03     -0.96738480E-03     -0.38307733E-03     -0.12444783E-02
      17     -0.85248312E-03     -0.96738480E-03     -0.38626624E-03     -0.12444783E-02
      18     -0.85251108E-03     -0.96738480E-03     -0.38855098E-03     -0.12444783E-02
      19     -0.85294040E-03     -0.96738480E-03     -0.40351871E-03     -0.12444783E-02
      20     -0.85312919E-03     -0.96738480E-03     -0.41175719E-03     -0.12444783E-02
      21     -0.85316294E-03     -0.96738480E-03     -0.41775277E-03     -0.12444783E-02
      22     -0.85333360E-03     -0.96738480E-03     -0.43032453E-03     -0.12444783E-02
      23     -0.85369295E-03     -0.96738480E-03     -0.43979345E-03     -0.12444783E-02
      24     -0.85379536E-03     -0.96738480E-03     -0.44505921E-03     -0.12444783E-02
      25     -0.85388549E-03     -0.96738480E-03     -0.44939246E-03     -0.12444783E-02
      26     -0.85390002E-03     -0.96738480E-03     -0.45042794E-03     -0.12444783E-02
      27     -0.85390713E-03     -0.96738480E-03     -0.45148662E-03     -0.12444783E-02
      28     -0.85392541E-03     -0.96738480E-03     -0.45230706E-03     -0.12444783E-02
      29     -0.85395651E-03     -0.96738480E-03     -0.45301996E-03     -0.12444783E-02
      30     -0.85423304E-03     -0.96738480E-03     -0.45796776E-03     -0.12444783E-02
      31     -0.85593663E-03     -0.96738480E-03     -0.47345904E-03     -0.12444783E-02
      32     -0.85795403E-03     -0.96738480E-03     -0.48503177E-03     -0.12444783E-02
      33     -0.85804867E-03     -0.96738480E-03     -0.48863476E-03     -0.12444783E-02
      34     -0.85808554E-03     -0.96738480E-03     -0.49593128E-03     -0.12444783E-02
      35     -0.85825001E-03     -0.96738480E-03     -0.50448871E-03     -0.12444783E-02
      36     -0.85883009E-03     -0.96738480E-03     -0.50838524E-03     -0.12444783E-02
      37     -0.85885883E-03     -0.96738480E-03     -0.50944841E-03     -0.12444783E-02
      38     -0.85938035E-03     -0.96738480E-03     -0.51707735E-03     -0.12444783E-02
      39     -0.85987907E-03     -0.96738480E-03     -0.52447539E-03     -0.12444783E-02
      40     -0.86008520E-03     -0.96738480E-03     -0.52549496E-03     -0.12444783E-02
      41     -0.86124467E-03     -0.96738480E-03     -0.53223458E-03     -0.12444783E-02
      42     -0.86483884E-03     -0.96738480E-03     -0.55646454E-03     -0.12444783E-02
      43     -0.86740418E-03     -0.96738480E-03     -0.57911612E-03     -0.12444783E-02
      44     -0.86763709E-03     -0.96738480E-03     -0.58363292E-03     -0.12444783E-02
      45     -0.86941804E-03     -0.96738480E-03     -0.59658132E-03     -0.12444783E-02
      46     -0.87325593E-03     -0.96738480E-03     -0.61588004E-03     -0.12444783E-02
      47     -0.87617838E-03     -0.96738480E-03     -0.62735910E-03     -0.12444783E-02
      48     -0.87730310E-03     -0.96738480E-03     -0.63363131E-03     -0.12444783E-02
      49     -0.87901866E-03     -0.96738480E-03     -0.64531985E-03     -0.12444783E-02
      50     -0.88047316E-03     -0.96738480E-03     -0.65361417E-03     -0.12444783E-02
      51     -0.88367587E-03     -0.96738480E-03     -0.66347268E-03     -0.12444783E-02
      52     -0.88753302E-03     -0.96738480E-03     -0.68125420E-03     -0.12444783E-02
      53     -0.89124635E-03     -0.96738480E-03     -0.70042138E-03     -0.12444783E-02
      54     -0.89723294E-03     -0.96738480E-03     -0.72515972E-03     -0.12444783E-02
      55     -0.90223315E-03     -0.96738480E-03     -0.74980724E-03     -0.12444783E-02
      56     -0.90511816E-03     -0.96738480E-03     -0.76043382E-03     -0.12444783E-02
      57     -0.90727271E-03     -0.96738480E-03     -0.77075091E-03     -0.12444783E-02
      58     -0.90933394E-03     -0.96738480E-03     -0.78018822E-03     -0.12444783E-02
      59     -0.90999652E-03     -0.96738480E-03     -0.78461323E-03     -0.12444783E-02
      60     -0.91113975E-03     -0.96738480E-03     -0.79000353E-03     -0.12444783E-02
      61     -0.91335719E-03     -0.96738480E-03     -0.80123282E-03     -0.12444783E-02
      62     -0.91600606E-03     -0.96738480E-03     -0.81283049E-03     -0.12444783E-02
      63     -0.91617136E-03     -0.96738480E-03     -0.81450828E-03     -0.12444783E-02
      64     -0.91643352E-03     -0.96738480E-03     -0.81630351E-03     -0.12444783E-02
      65     -0.91709125E-03     -0.96738480E-03     -0.81784821E-03     -0.12444783E-02
      66     -0.91825739E-03     -0.96738480E-03     -0.82829089E-03     -0.12444783E-02
      67     -0.91943645E-03     -0.96738480E-03     -0.83923943E-03     -0.12444783E-02
      68     -0.92053948E-03     -0.96738480E-03     -0.85091706E-03     -0.12444783E-02
 
