# k =  0.00000000E+00  0.00000000E+00  0.00000000E+00 spin= 1
 # n1 <i|Sigma_ch|i> (eV), partial sum
 #      nbands   ch(vbm)          ch(cbm)           diff        converged
       1  0.00000000E+00 -0.37082930E+01 -0.37082930E+01 -0.47518759E+01
       2  0.00000000E+00 -0.40940123E+01 -0.40940123E+01 -0.47518759E+01
       3  0.00000000E+00 -0.43029105E+01 -0.43029105E+01 -0.47518759E+01
       4  0.00000000E+00 -0.44239502E+01 -0.44239502E+01 -0.47518759E+01
       5  0.00000000E+00 -0.44919297E+01 -0.44919297E+01 -0.47518759E+01
       6  0.00000000E+00 -0.45399494E+01 -0.45399494E+01 -0.47518759E+01
       7  0.00000000E+00 -0.45714769E+01 -0.45714769E+01 -0.47518759E+01
       8  0.00000000E+00 -0.45948368E+01 -0.45948368E+01 -0.47518759E+01
       9  0.00000000E+00 -0.46127218E+01 -0.46127218E+01 -0.47518759E+01
      10  0.00000000E+00 -0.46271478E+01 -0.46271478E+01 -0.47518759E+01
      11  0.00000000E+00 -0.46390451E+01 -0.46390451E+01 -0.47518759E+01
      12  0.00000000E+00 -0.46494859E+01 -0.46494859E+01 -0.47518759E+01
      13  0.00000000E+00 -0.46581402E+01 -0.46581402E+01 -0.47518759E+01
      14  0.00000000E+00 -0.46655879E+01 -0.46655879E+01 -0.47518759E+01
      15  0.00000000E+00 -0.46719921E+01 -0.46719921E+01 -0.47518759E+01
      16  0.00000000E+00 -0.46774369E+01 -0.46774369E+01 -0.47518759E+01
      17  0.00000000E+00 -0.46822135E+01 -0.46822135E+01 -0.47518759E+01
      18  0.00000000E+00 -0.46866159E+01 -0.46866159E+01 -0.47518759E+01
      19  0.00000000E+00 -0.46906765E+01 -0.46906765E+01 -0.47518759E+01
      20  0.00000000E+00 -0.46942315E+01 -0.46942315E+01 -0.47518759E+01
      21  0.00000000E+00 -0.46975874E+01 -0.46975874E+01 -0.47518759E+01
      22  0.00000000E+00 -0.47005739E+01 -0.47005739E+01 -0.47518759E+01
      23  0.00000000E+00 -0.47032784E+01 -0.47032784E+01 -0.47518759E+01
      24  0.00000000E+00 -0.47057409E+01 -0.47057409E+01 -0.47518759E+01
      25  0.00000000E+00 -0.47080351E+01 -0.47080351E+01 -0.47518759E+01
      26  0.00000000E+00 -0.47101425E+01 -0.47101425E+01 -0.47518759E+01
      27  0.00000000E+00 -0.47120225E+01 -0.47120225E+01 -0.47518759E+01
      28  0.00000000E+00 -0.47137428E+01 -0.47137428E+01 -0.47518759E+01
      29  0.00000000E+00 -0.47153323E+01 -0.47153323E+01 -0.47518759E+01
      30  0.00000000E+00 -0.47167742E+01 -0.47167742E+01 -0.47518759E+01
      31  0.00000000E+00 -0.47181103E+01 -0.47181103E+01 -0.47518759E+01
      32  0.00000000E+00 -0.47193443E+01 -0.47193443E+01 -0.47518759E+01
      33  0.00000000E+00 -0.47204761E+01 -0.47204761E+01 -0.47518759E+01
      34  0.00000000E+00 -0.47215253E+01 -0.47215253E+01 -0.47518759E+01
      35  0.00000000E+00 -0.47224788E+01 -0.47224788E+01 -0.47518759E+01
      36  0.00000000E+00 -0.47233773E+01 -0.47233773E+01 -0.47518759E+01
      37  0.00000000E+00 -0.47242066E+01 -0.47242066E+01 -0.47518759E+01
      38  0.00000000E+00 -0.47249672E+01 -0.47249672E+01 -0.47518759E+01
      39  0.00000000E+00 -0.47256219E+01 -0.47256219E+01 -0.47518759E+01
      40  0.00000000E+00 -0.47262271E+01 -0.47262271E+01 -0.47518759E+01
# k =  0.50000000E+00  0.50000000E+00  0.50000000E+00 spin= 1
 # n1 <i|Sigma_ch|i> (eV), partial sum
 #      nbands   ch(vbm)          ch(cbm)           diff        converged
       1  0.00000000E+00 -0.31257236E+01 -0.31257236E+01 -0.66481252E+01
       2  0.00000000E+00 -0.41369297E+01 -0.41369297E+01 -0.66481252E+01
       3  0.00000000E+00 -0.45063817E+01 -0.45063817E+01 -0.66481252E+01
       4  0.00000000E+00 -0.54511313E+01 -0.54511313E+01 -0.66481252E+01
       5  0.00000000E+00 -0.58421996E+01 -0.58421996E+01 -0.66481252E+01
       6  0.00000000E+00 -0.60374841E+01 -0.60374841E+01 -0.66481252E+01
       7  0.00000000E+00 -0.61421430E+01 -0.61421430E+01 -0.66481252E+01
       8  0.00000000E+00 -0.62152026E+01 -0.62152026E+01 -0.66481252E+01
       9  0.00000000E+00 -0.62682565E+01 -0.62682565E+01 -0.66481252E+01
      10  0.00000000E+00 -0.63129052E+01 -0.63129052E+01 -0.66481252E+01
      11  0.00000000E+00 -0.63501748E+01 -0.63501748E+01 -0.66481252E+01
      12  0.00000000E+00 -0.63814783E+01 -0.63814783E+01 -0.66481252E+01
      13  0.00000000E+00 -0.64098237E+01 -0.64098237E+01 -0.66481252E+01
      14  0.00000000E+00 -0.64351721E+01 -0.64351721E+01 -0.66481252E+01
      15  0.00000000E+00 -0.64532527E+01 -0.64532527E+01 -0.66481252E+01
      16  0.00000000E+00 -0.64709989E+01 -0.64709989E+01 -0.66481252E+01
      17  0.00000000E+00 -0.64848149E+01 -0.64848149E+01 -0.66481252E+01
      18  0.00000000E+00 -0.64973458E+01 -0.64973458E+01 -0.66481252E+01
      19  0.00000000E+00 -0.65088785E+01 -0.65088785E+01 -0.66481252E+01
      20  0.00000000E+00 -0.65178292E+01 -0.65178292E+01 -0.66481252E+01
      21  0.00000000E+00 -0.65267130E+01 -0.65267130E+01 -0.66481252E+01
      22  0.00000000E+00 -0.65343117E+01 -0.65343117E+01 -0.66481252E+01
      23  0.00000000E+00 -0.65409583E+01 -0.65409583E+01 -0.66481252E+01
      24  0.00000000E+00 -0.65465931E+01 -0.65465931E+01 -0.66481252E+01
      25  0.00000000E+00 -0.65520948E+01 -0.65520948E+01 -0.66481252E+01
      26  0.00000000E+00 -0.65569797E+01 -0.65569797E+01 -0.66481252E+01
      27  0.00000000E+00 -0.65615141E+01 -0.65615141E+01 -0.66481252E+01
      28  0.00000000E+00 -0.65649274E+01 -0.65649274E+01 -0.66481252E+01
      29  0.00000000E+00 -0.65683298E+01 -0.65683298E+01 -0.66481252E+01
      30  0.00000000E+00 -0.65709489E+01 -0.65709489E+01 -0.66481252E+01
      31  0.00000000E+00 -0.65737750E+01 -0.65737750E+01 -0.66481252E+01
      32  0.00000000E+00 -0.65761370E+01 -0.65761370E+01 -0.66481252E+01
      33  0.00000000E+00 -0.65785197E+01 -0.65785197E+01 -0.66481252E+01
      34  0.00000000E+00 -0.65808071E+01 -0.65808071E+01 -0.66481252E+01
      35  0.00000000E+00 -0.65828164E+01 -0.65828164E+01 -0.66481252E+01
      36  0.00000000E+00 -0.65847027E+01 -0.65847027E+01 -0.66481252E+01
      37  0.00000000E+00 -0.65866071E+01 -0.65866071E+01 -0.66481252E+01
      38  0.00000000E+00 -0.65884141E+01 -0.65884141E+01 -0.66481252E+01
      39  0.00000000E+00 -0.65897758E+01 -0.65897758E+01 -0.66481252E+01
      40  0.00000000E+00 -0.65910450E+01 -0.65910450E+01 -0.66481252E+01
