   0.0000000000   0.0000000000   0.0000000000          30           0
  1        11      -31.09728721          0.2187494323E-15
  1        12      -31.09728721          0.2187494323E-15
  1        13      -31.54874383          0.2869066339E-15
  1        14      -16.77289298          0.7498080103E-16
  1        15      -31.35949609          0.2120955626E-15
  1        16      -31.35949609          0.2120955626E-15
  1        17      -36.57879013          0.2699302064E-15
  1        18      -36.57879013          0.2699302064E-15
  1        19      -37.32943774          0.3004942648E-15
  1        20      -37.32943774          0.3004942648E-15
  1        21      -36.04895776          0.3494201686E-15
  1        22      -25.46432348          0.1310453460E-15
  1        23      -25.46432348          0.1310453460E-15
  1        24      -25.81623531          0.1730299248E-15
  1        25      -26.65832148          0.1581998470E-15
  1        26      -26.65832148          0.1581998470E-15
  1        27      -13.35286096          0.2036687213E-17
  1        28      -13.55616943         -0.1633263956E-16
  1        29      -16.02078402          0.4075498091E-16
  1        30      -12.92901991          0.6690426583E-17
  1        31      -12.92901991          0.6690426583E-17
  1        32      -12.85694565          0.2365627991E-16
  1        33      -13.74367876          0.1522293123E-16
  1        34      -13.74367876          0.1522293123E-16
  1        35      -10.49295622         -0.2596319702E-16
  1        36      -13.40391806          0.4308448463E-16
  1        37      -13.40391806          0.4308448463E-16
  1        38      -10.94360681         -0.3225165141E-17
  1        39      -10.82885214          0.3578637757E-17
  1        40      -10.82885214          0.3578637757E-17
   0.0000000000   0.0000000000   0.3333333330          30           0
  1        11      -23.56889570          0.1716463409E-15
  1        12      -29.04228474          0.2501042860E-15
  1        13      -31.11059842          0.2169998204E-15
  1        14      -31.11059842          0.2169998204E-15
  1        15      -31.23579373          0.2138742624E-15
  1        16      -31.23579373          0.2138742624E-15
  1        17      -36.83473609          0.2770981526E-15
  1        18      -36.83473609          0.2770981526E-15
  1        19      -37.22224733          0.2921407970E-15
  1        20      -37.22224733          0.2921407970E-15
  1        21      -30.04110980          0.2608045608E-15
  1        22      -25.51728583          0.1864767349E-15
  1        23      -25.73985607          0.1384032391E-15
  1        24      -25.73985607          0.1384032391E-15
  1        25      -26.34434162          0.1519565433E-15
  1        26      -26.34434162          0.1519565433E-15
  1        27      -15.68689499          0.1777899410E-16
  1        28      -14.62882951         -0.4954984932E-17
  1        29      -14.42780120          0.3050094504E-16
  1        30      -12.82487864          0.1776931374E-16
  1        31      -12.96288854          0.8853354569E-17
  1        32      -12.96288854          0.8853354569E-17
  1        33      -13.27787375          0.1237756513E-16
  1        34      -13.27787375          0.1237756513E-16
  1        35      -10.65993871         -0.1894327104E-16
  1        36      -10.67910416         -0.1733129577E-16
  1        37      -13.39339494          0.3889453684E-16
  1        38      -13.39339494          0.3889453684E-16
  1        39      -12.18547815          0.1881502762E-16
  1        40      -12.18547815          0.1881502762E-16
   0.0000000000   0.0000000000   0.6666666670          30           0
  1        11      -23.56889570          0.1716463404E-15
  1        12      -29.04228474          0.2501042857E-15
  1        13      -31.11059842          0.2169998214E-15
  1        14      -31.11059842          0.2169998214E-15
  1        15      -31.23579372          0.2138742617E-15
  1        16      -31.23579372          0.2138742617E-15
  1        17      -36.83473609          0.2770981563E-15
  1        18      -36.83473609          0.2770981563E-15
  1        19      -37.22224733          0.2921407934E-15
  1        20      -37.22224733          0.2921407934E-15
  1        21      -30.04110980          0.2608045608E-15
  1        22      -25.51728583          0.1864767349E-15
  1        23      -25.73985607          0.1384032391E-15
  1        24      -25.73985607          0.1384032391E-15
  1        25      -26.34434162          0.1519565433E-15
  1        26      -26.34434162          0.1519565433E-15
  1        27      -15.68689499          0.1777899410E-16
  1        28      -14.62882951         -0.4954984932E-17
  1        29      -14.42780120          0.3050094504E-16
  1        30      -12.82487864          0.1776931374E-16
  1        31      -12.96288854          0.8853354578E-17
  1        32      -12.96288854          0.8853354578E-17
  1        33      -13.27787375          0.1237756513E-16
  1        34      -13.27787375          0.1237756513E-16
  1        35      -10.65993871         -0.1894327104E-16
  1        36      -10.67910416         -0.1733129577E-16
  1        37      -13.39339494          0.3889453685E-16
  1        38      -13.39339494          0.3889453685E-16
  1        39      -12.18547815          0.1881502761E-16
  1        40      -12.18547815          0.1881502761E-16
   0.0000000000   0.2000000000   0.0000000000          30           0
  1        11      -28.19238955          0.2267799211E-15
  1        12      -31.29854140          0.1708681038E-15
  1        13      -30.11170126          0.1995401921E-15
  1        14      -30.50820465          0.2761669175E-15
  1        15      -31.57765929          0.1859142760E-15
  1        16      -21.49184344          0.1423667317E-15
  1        17      -36.16405818          0.2637820471E-15
  1        18      -36.56019521          0.2895231589E-15
  1        19      -37.38912251          0.2917344365E-15
  1        20      -32.88344867          0.2558204191E-15
  1        21      -37.12029954          0.3672138642E-15
  1        22      -25.53285176          0.1458808859E-15
  1        23      -26.18591254          0.1753011177E-15
  1        24      -24.92360100          0.1140142802E-15
  1        25      -25.56064864          0.1635109132E-15
  1        26      -26.21181817          0.1296694643E-15
  1        27      -15.62455140          0.3589245156E-16
  1        28      -14.92356499         -0.7982953380E-17
  1        29      -15.34192059          0.3412700525E-16
  1        30      -13.24668765          0.1499539730E-16
  1        31      -13.62179290         -0.4636675769E-17
  1        32      -13.44472200          0.1133229043E-16
  1        33      -13.05450716          0.3727347431E-16
  1        34      -14.06305227          0.3710904991E-16
  1        35      -12.87002720          0.2635835629E-16
  1        36      -12.59352673          0.3412560444E-16
  1        37      -11.35691334          0.1644538200E-16
  1        38      -12.97057900         -0.8376580314E-17
  1        39      -12.15283225          0.1088695975E-16
  1        40      -11.74742783          0.6952226987E-17
   0.0000000000   0.2000000000   0.3333333330          30           0
  1        11      -26.65411712          0.2036418916E-15
  1        12      -25.27508587          0.1653764944E-15
  1        13      -31.30087168          0.1717893265E-15
  1        14      -30.90264559          0.2478631038E-15
  1        15      -30.11567676          0.2704055769E-15
  1        16      -31.42926393          0.1833003872E-15
  1        17      -36.56844395          0.2923033228E-15
  1        18      -36.80754205          0.3096291528E-15
  1        19      -37.22449936          0.2719138197E-15
  1        20      -37.03335324          0.2908856449E-15
  1        21      -29.72237765          0.2377367673E-15
  1        22      -27.19893485          0.2175311967E-15
  1        23      -25.32458626          0.1307848961E-15
  1        24      -25.27630040          0.1199384870E-15
  1        25      -25.50399283          0.1782180296E-15
  1        26      -25.91567827          0.1249481695E-15
  1        27      -15.39372767          0.4826268074E-17
  1        28      -15.36356047          0.2084136223E-16
  1        29      -14.29221645          0.2694795308E-16
  1        30      -13.54045772          0.6808142259E-17
  1        31      -13.54663044          0.2688993752E-16
  1        32      -13.11443978         -0.2838510899E-17
  1        33      -13.43288086          0.8833498188E-17
  1        34      -13.67218800          0.4274936500E-16
  1        35      -12.26081892          0.4769929026E-16
  1        36      -12.34876243         -0.1546695404E-16
  1        37      -12.93111835          0.7599573363E-17
  1        38      -11.66583490         -0.3093264986E-16
  1        39      -13.01401877          0.6561964096E-16
  1        40      -12.85454332          0.5050508457E-16
   0.0000000000   0.2000000000   0.6666666670          30           0
  1        11      -26.65411692          0.1963222001E-15
  1        12      -25.27508606          0.1731347422E-15
  1        13      -31.30087165          0.1768803273E-15
  1        14      -30.90264536          0.2906776896E-15
  1        15      -30.11567696          0.2295790501E-15
  1        16      -31.42926395          0.1798747582E-15
  1        17      -36.56844385          0.2563557880E-15
  1        18      -36.80754204          0.2703955624E-15
  1        19      -37.22449936          0.3103920880E-15
  1        20      -37.03335333          0.3232735425E-15
  1        21      -29.72237777          0.2569134881E-15
  1        22      -27.19893475          0.1795217879E-15
  1        23      -25.32458627          0.1668651147E-15
  1        24      -25.27630040          0.1167931167E-15
  1        25      -25.50399285          0.1506870600E-15
  1        26      -25.91567828          0.1272824005E-15
  1        27      -15.39372766          0.4062780307E-16
  1        28      -15.36356048         -0.6298038436E-17
  1        29      -14.29221644          0.1893887057E-16
  1        30      -13.54045772         -0.6628723904E-17
  1        31      -13.54663046          0.6419153142E-16
  1        32      -13.11443976          0.2922413663E-17
  1        33      -13.43288085          0.2607237631E-16
  1        34      -13.67218800          0.1501546824E-16
  1        35      -12.26081892          0.1113542306E-16
  1        36      -12.34876242          0.1280978100E-16
  1        37      -12.93111836          0.6259910884E-16
  1        38      -11.66583495         -0.1775716231E-16
  1        39      -13.01401875         -0.7779581108E-17
  1        40      -12.85454330         -0.1008361021E-16
   0.0000000000   0.4000000000   0.0000000000          30           0
  1        11      -25.53035241          0.1753255887E-15
  1        12      -25.16873852          0.1284917497E-15
  1        13      -31.65096603          0.1785721697E-15
  1        14      -29.64036832          0.2608608141E-15
  1        15      -32.44692140          0.1836660722E-15
  1        16      -31.09252761          0.2589496578E-15
  1        17      -35.79046293          0.3442829096E-15
  1        18      -36.97204082          0.2873836892E-15
  1        19      -37.46349759          0.2997962379E-15
  1        20      -35.50578514          0.3136146933E-15
  1        21      -27.73328786          0.1669011102E-15
  1        22      -28.13332718          0.2264038759E-15
  1        23      -26.69610165          0.1538950276E-15
  1        24      -23.47513090          0.1059415139E-15
  1        25      -25.13458952          0.1426637305E-15
  1        26      -25.22768372          0.1258899158E-15
  1        27      -15.16686261          0.2999890925E-16
  1        28      -13.06819913         -0.1382692004E-16
  1        29      -14.69762459          0.3679491702E-17
  1        30      -16.73778531          0.4402304980E-16
  1        31      -15.51017920          0.8403601436E-16
  1        32      -13.22071593          0.1996382229E-16
  1        33      -13.40907276          0.1997526289E-16
  1        34      -14.84635074          0.3028760477E-16
  1        35      -13.25912804          0.3119941834E-16
  1        36      -13.15237068          0.2162527949E-18
  1        37      -13.50655889          0.1637053086E-16
  1        38      -13.77507460          0.3266347102E-16
  1        39      -11.05482351         -0.1710721638E-16
  1        40      -13.54755767          0.6477525490E-17
   0.0000000000   0.4000000000   0.3333333330          30           0
  1        11      -24.11862193          0.1897733398E-15
  1        12      -23.49809509          0.7843279210E-16
  1        13      -31.69461058          0.1768421038E-15
  1        14      -29.91212312          0.2114177473E-15
  1        15      -30.74925141          0.3312364675E-15
  1        16      -32.02663357          0.1821628364E-15
  1        17      -36.26284906          0.4124971473E-15
  1        18      -37.07915300          0.3257871806E-15
  1        19      -37.30317592          0.2586298388E-15
  1        20      -36.59388482          0.2320647593E-15
  1        21      -31.13120321          0.1499002578E-15
  1        22      -29.54634425          0.2896371981E-15
  1        23      -24.66339254          0.1362681879E-15
  1        24      -24.16361361          0.1155339211E-15
  1        25      -24.95294085          0.1221740906E-15
  1        26      -25.03521358          0.1541190407E-15
  1        27      -13.87420723         -0.9968363975E-17
  1        28      -13.75680947          0.3355338033E-16
  1        29      -15.73946778          0.1897351743E-16
  1        30      -16.55396745          0.3913795125E-16
  1        31      -14.19530896          0.5809301607E-16
  1        32      -13.15453840         -0.7015951836E-17
  1        33      -13.73046876          0.2285185523E-16
  1        34      -14.44179525          0.2809722522E-16
  1        35      -12.45004256          0.4851564196E-16
  1        36      -12.64921866          0.2477872608E-17
  1        37      -13.61759472          0.1984628124E-16
  1        38      -13.21629760         -0.1170127968E-16
  1        39      -13.55193613         -0.8782070871E-17
  1        40      -13.13950079          0.4523230285E-16
   0.0000000000   0.4000000000   0.6666666670          30           0
  1        11      -24.11862198          0.1088178553E-15
  1        12      -23.49809505          0.1728113449E-15
  1        13      -31.69461057          0.1809331156E-15
  1        14      -29.91212300          0.3211941982E-15
  1        15      -30.74925165          0.2293262416E-15
  1        16      -32.02663359          0.1796351091E-15
  1        17      -36.26284902          0.1939564691E-15
  1        18      -37.07915299          0.2529302955E-15
  1        19      -37.30317591          0.3311508263E-15
  1        20      -36.59388472          0.3989439709E-15
  1        21      -31.13120329          0.2976119733E-15
  1        22      -29.54634414          0.1698744706E-15
  1        23      -24.66339262          0.1479504386E-15
  1        24      -24.16361362          0.1127035980E-15
  1        25      -24.95294085          0.1238287768E-15
  1        26      -25.03521356          0.1388076521E-15
  1        27      -13.87420724          0.4066855591E-16
  1        28      -13.75680943         -0.2180105825E-16
  1        29      -15.73946790          0.2977800483E-16
  1        30      -16.55396735          0.3160204729E-16
  1        31      -14.19530896          0.5813999038E-16
  1        32      -13.15453839          0.1934556636E-16
  1        33      -13.73046876          0.2196660910E-16
  1        34      -14.44179525          0.2676634491E-16
  1        35      -12.45004257          0.2574082267E-16
  1        36      -12.64921864          0.2114400646E-17
  1        37      -13.61759473          0.4280104702E-16
  1        38      -13.21629759         -0.2897332225E-16
  1        39      -13.55193614          0.9097860774E-17
  1        40      -13.13950077          0.1382797194E-16
   0.2000000000   0.2000000000   0.0000000000          30           0
  1        11      -25.67719224          0.1638585655E-15
  1        12      -29.14137432          0.1930813159E-15
  1        13      -31.03770995          0.2334384277E-15
  1        14      -30.06936666          0.2199729539E-15
  1        15      -32.07733963          0.2462302206E-15
  1        16      -27.02193575          0.1817320158E-15
  1        17      -35.97791129          0.2778223190E-15
  1        18      -36.52411897          0.2874866572E-15
  1        19      -37.39877815          0.2946041143E-15
  1        20      -33.52686261          0.2690178833E-15
  1        21      -31.04831061          0.2398415133E-15
  1        22      -25.28214780          0.1438257834E-15
  1        23      -28.11097124          0.1786584569E-15
  1        24      -24.12372803          0.1428695139E-15
  1        25      -25.59693608          0.1409330071E-15
  1        26      -25.26487883          0.1485433760E-15
  1        27      -15.77104151          0.3987088058E-16
  1        28      -15.47033577          0.1188981966E-16
  1        29      -15.43611385          0.3110037412E-16
  1        30      -14.36751987          0.1530532077E-16
  1        31      -13.35712876          0.1876305348E-16
  1        32      -14.16582267          0.4506147271E-16
  1        33      -13.67351668          0.3042147283E-16
  1        34      -12.97231696          0.6040617110E-17
  1        35      -14.94285951          0.3292816477E-16
  1        36      -13.32503245          0.8349050211E-17
  1        37      -13.65612364          0.4624052877E-16
  1        38      -12.59718606          0.1189760824E-16
  1        39      -11.08146240          0.2498987152E-16
  1        40      -13.86270826          0.2288950118E-16
   0.2000000000   0.2000000000   0.3333333330          30           0
  1        11      -24.68311587          0.1301247132E-15
  1        12      -24.76586196          0.1540341795E-15
  1        13      -30.79498789          0.2667517241E-15
  1        14      -29.65832065          0.2064858220E-15
  1        15      -31.61797137          0.2540991490E-15
  1        16      -31.92542802          0.2471535577E-15
  1        17      -36.43142235          0.2761262776E-15
  1        18      -36.97210014          0.2737796680E-15
  1        19      -37.17061317          0.2734180518E-15
  1        20      -36.73951616          0.2947090660E-15
  1        21      -30.02562394          0.2234317648E-15
  1        22      -29.36976404          0.2165705713E-15
  1        23      -23.60220647          0.1360390100E-15
  1        24      -24.48492561          0.1257324295E-15
  1        25      -25.44734580          0.1264535907E-15
  1        26      -24.99800134          0.1692280822E-15
  1        27      -15.13051015          0.1223251234E-16
  1        28      -15.17268153          0.3759017737E-16
  1        29      -15.40291677          0.4337228023E-16
  1        30      -14.65512987          0.1121290973E-16
  1        31      -14.09000587          0.2619913540E-16
  1        32      -14.12554138          0.4581668209E-16
  1        33      -12.79727338          0.6570069285E-18
  1        34      -13.51940978         -0.4445507452E-17
  1        35      -12.82155148          0.9278732877E-17
  1        36      -13.66987678          0.2302952910E-16
  1        37      -13.07413556          0.4496784690E-16
  1        38      -11.84730632          0.1747911253E-16
  1        39      -13.65167185          0.5111628615E-16
  1        40      -13.81547220         -0.1002168073E-16
   0.2000000000   0.2000000000   0.6666666670          30           0
  1        11      -24.68311586          0.1657672011E-15
  1        12      -24.76586201          0.1273241356E-15
  1        13      -30.79498792          0.2118552924E-15
  1        14      -29.65832057          0.2302072850E-15
  1        15      -31.61797139          0.2714341913E-15
  1        16      -31.92542802          0.2500571074E-15
  1        17      -36.43142232          0.2902664247E-15
  1        18      -36.97210017          0.2583818065E-15
  1        19      -37.17061319          0.2807959369E-15
  1        20      -36.73951615          0.2897516985E-15
  1        21      -30.02562395          0.2211463463E-15
  1        22      -29.36976399          0.2082320891E-15
  1        23      -23.60220648          0.1537482960E-15
  1        24      -24.48492566          0.1405639915E-15
  1        25      -25.44734578          0.1416699170E-15
  1        26      -24.99800133          0.1258221879E-15
  1        27      -15.13051015          0.5068425106E-16
  1        28      -15.17268153          0.4724070716E-17
  1        29      -15.40291677          0.1398026578E-16
  1        30      -14.65512987          0.1879584608E-16
  1        31      -14.09000587          0.5019353550E-16
  1        32      -14.12554138          0.4556988479E-16
  1        33      -12.79727338          0.5682003276E-17
  1        34      -13.51940978          0.2076920824E-16
  1        35      -12.82155149         -0.4068017586E-17
  1        36      -13.66987676          0.2829864206E-16
  1        37      -13.07413557          0.2447019646E-16
  1        38      -11.84730632         -0.2292510185E-16
  1        39      -13.65167185         -0.2161912934E-17
  1        40      -13.81547220          0.5428378366E-16
   0.2000000000   0.4000000000   0.0000000000          30           0
  1        11      -28.51233919          0.1965459006E-15
  1        12      -30.32621701          0.2003713072E-15
  1        13      -21.83930429          0.9482355268E-16
  1        14      -29.77548201          0.2330742272E-15
  1        15      -31.38132813          0.2658302782E-15
  1        16      -32.92238050          0.2162455855E-15
  1        17      -36.27700705          0.3235033474E-15
  1        18      -36.18633772          0.2821535183E-15
  1        19      -35.39047383          0.2739526661E-15
  1        20      -35.94361863          0.2850832734E-15
  1        21      -31.87510539          0.2374544942E-15
  1        22      -27.29510260          0.1927584211E-15
  1        23      -22.87866924          0.1146638974E-15
  1        24      -25.22231919          0.1486561557E-15
  1        25      -24.15713033          0.1229461469E-15
  1        26      -25.49644332          0.1399834579E-15
  1        27      -16.10318232          0.4692163806E-16
  1        28      -15.45159208          0.3548476621E-16
  1        29      -13.15405487         -0.7292601646E-17
  1        30      -16.64898318          0.3146570042E-16
  1        31      -15.59499045          0.9135936758E-16
  1        32      -14.42990922          0.3072219053E-16
  1        33      -13.13592855          0.1223974480E-16
  1        34      -14.06293040         -0.1208282023E-16
  1        35      -14.14434388          0.3550553841E-16
  1        36      -13.86802846         -0.3611946696E-17
  1        37      -14.15926397          0.2787183480E-16
  1        38      -11.94570155          0.1945853649E-16
  1        39      -10.53810097         -0.2231376340E-16
  1        40      -13.88793505          0.9526637006E-16
   0.2000000000   0.4000000000   0.3333333330          30           0
  1        11      -25.61728989          0.1622528210E-15
  1        12      -23.62773167          0.1267444353E-15
  1        13      -30.03030564          0.1948312860E-15
  1        14      -28.70595935          0.2170791033E-15
  1        15      -31.19603578          0.2818156726E-15
  1        16      -31.89666845          0.2255351383E-15
  1        17      -36.46686805          0.2889071057E-15
  1        18      -36.80453049          0.2725242246E-15
  1        19      -36.40132854          0.2792176569E-15
  1        20      -36.56804614          0.3246333433E-15
  1        21      -31.59155468          0.2102367712E-15
  1        22      -29.64266131          0.2126369906E-15
  1        23      -24.69803886          0.1469796969E-15
  1        24      -24.51964874          0.1236111797E-15
  1        25      -24.13858794          0.1184652444E-15
  1        26      -24.61187326          0.1512703074E-15
  1        27      -14.15562377          0.2146289274E-16
  1        28      -14.40296440          0.2881828787E-16
  1        29      -15.65822093          0.3225134803E-16
  1        30      -17.40578584          0.3804969489E-16
  1        31      -14.17907801          0.6804561910E-16
  1        32      -14.36704004          0.1938729686E-16
  1        33      -12.38093971          0.4080010626E-17
  1        34      -14.16340570         -0.9505986431E-17
  1        35      -14.21468335          0.2395024043E-16
  1        36      -12.02506811         -0.1242387746E-17
  1        37      -13.37125148          0.5948231808E-16
  1        38      -13.64112659          0.3670247378E-16
  1        39      -13.64063175          0.1472474324E-16
  1        40      -13.52948581         -0.2014618708E-16
   0.2000000000   0.4000000000   0.6666666670          30           0
  1        11      -25.61728980          0.1595547032E-15
  1        12      -23.62773177          0.1316311762E-15
  1        13      -30.03030559          0.2060588376E-15
  1        14      -28.70595934          0.2224773664E-15
  1        15      -31.19603585          0.2426715308E-15
  1        16      -31.89666837          0.2292985886E-15
  1        17      -36.46686808          0.2842257511E-15
  1        18      -36.80453051          0.2919755535E-15
  1        19      -36.40132856          0.3137920687E-15
  1        20      -36.56804623          0.2976735585E-15
  1        21      -31.59155454          0.2223892021E-15
  1        22      -29.64266135          0.1985511194E-15
  1        23      -24.69803880          0.1223846251E-15
  1        24      -24.51964881          0.1362525780E-15
  1        25      -24.13858800          0.1562881894E-15
  1        26      -24.61187318          0.1216262582E-15
  1        27      -14.15562381          0.2766440501E-16
  1        28      -14.40296438          0.2487888727E-16
  1        29      -15.65822094          0.2847443969E-16
  1        30      -17.40578586          0.4219992217E-16
  1        31      -14.17907799          0.3876513955E-16
  1        32      -14.36704001          0.4814564761E-16
  1        33      -12.38093972         -0.2247237006E-16
  1        34      -14.16340572          0.2095896516E-16
  1        35      -14.21468333          0.3904890303E-16
  1        36      -12.02506808         -0.9233341641E-17
  1        37      -13.37125149          0.2451790452E-16
  1        38      -13.64112660          0.5219641674E-16
  1        39      -13.64063175         -0.3090365933E-17
  1        40      -13.52948582         -0.2711733306E-17
