# spin    band          kx          ky          kz          E(MF)          E(QP)        Delta E
#                        (Cartesian coordinates)             (eV)           (eV)           (eV)
     1       1    -0.00059     0.00059     0.00059   -7.528386573   -7.659239026   -0.130852453
     1       1     0.14644     0.14762    -0.14644   -6.823571707   -6.874688060   -0.051116353
     1       1    -0.29465    -0.29347     0.29465   -5.799379244   -5.805424081   -0.006044837
     1       1    -0.14762    -0.14644     0.14762   -6.820143835   -6.871241634   -0.051097800
     1       1     0.14644    -0.14644     0.14762   -6.823571707   -6.874688060   -0.051116352
     1       1     0.29347     0.00059     0.00059   -6.605013989   -6.651201470   -0.046187480
     1       1     0.44050     0.14762    -0.14644   -5.456951273   -5.428545587    0.028405686
     1       1    -0.00059    -0.29347     0.29465   -5.883282905   -5.856658192    0.026624713
     1       1    -0.29465     0.29465    -0.29347   -5.799379244   -5.805424081   -0.006044837
     1       1     0.44050    -0.14644     0.14762   -5.456951273   -5.428545601    0.028405672
     1       1    -0.58870     0.00059     0.00059   -4.813477535   -4.811413768    0.002063767
     1       1    -0.44168     0.14762    -0.14644   -5.450933595   -5.422405309    0.028528286
     1       1    -0.14762     0.14762    -0.14644   -6.820143835   -6.871241634   -0.051097799
     1       1    -0.00059     0.29465    -0.29347   -5.883282905   -5.856658193    0.026624712
     1       1    -0.44168    -0.14644     0.14762   -5.450933595   -5.422405322    0.028528273
     1       1    -0.29465     0.00059     0.00059   -6.597931257   -6.644063266   -0.046132008
     1       1    -0.14762     0.14762     0.14762   -6.816719454   -6.867798612   -0.051079157
     1       1    -0.00059     0.29465     0.00059   -6.597931257   -6.644063263   -0.046132005
     1       1     0.14644     0.44168    -0.14644   -5.451518073   -5.423063083    0.028454990
     1       1    -0.29465     0.00059     0.29465   -5.878231294   -5.851534525    0.026696769
     1       1    -0.00059     0.00059     0.29465   -6.597931257   -6.644063264   -0.046132007
     1       1     0.14644     0.14762     0.14762   -6.820143835   -6.871241634   -0.051097799
     1       1     0.29347     0.29465     0.00059   -5.883282905   -5.856658200    0.026624706
     1       1    -0.14762    -0.14644     0.44168   -5.450933595   -5.422405309    0.028528286
     1       1     0.14644    -0.14644     0.44168   -5.451518073   -5.423063084    0.028454990
     1       1     0.29347     0.00059     0.29465   -5.883282905   -5.856658195    0.026624710
     1       1     0.44050     0.14762     0.14762   -5.456364133   -5.427885311    0.028478823
     1       1    -0.00059    -0.29347     0.58870   -4.848530486   -4.777554788    0.070975698
     1       1    -0.29465     0.29465     0.00059   -5.878231294   -5.851534520    0.026696773
     1       1    -0.14762     0.44168    -0.14644   -5.450933595   -5.422405322    0.028528273
     1       1    -0.58870     0.00059     0.29465   -4.848530486   -4.777554790    0.070975696
     1       1    -0.44168     0.14762     0.14762   -5.450366561   -5.421764462    0.028602099
     1       1     0.29347    -0.29347    -0.29347   -5.799414427   -5.805458608   -0.006044181
     1       1    -0.14762     0.44168     0.14762   -5.450366561   -5.421764463    0.028602098
     1       1    -0.00059    -0.58753     0.00059   -4.813477535   -4.811413768    0.002063767
     1       1     0.14644    -0.44050    -0.14644   -5.457555772   -5.429222713    0.028333058
     1       1    -0.14762     0.14762     0.44168   -5.450366561   -5.421764454    0.028602107
     1       1    -0.00059     0.29465     0.29465   -5.878231294   -5.851534526    0.026696768
     1       1     0.14644     0.44168     0.14762   -5.450933595   -5.422405309    0.028528286
     1       1    -0.29465     0.00059     0.58870   -4.848530486   -4.777554789    0.070975697
     1       1    -0.00059     0.00059    -0.58753   -4.813477535   -4.811413768    0.002063767
     1       1     0.14644     0.14762     0.44168   -5.450933595   -5.422405311    0.028528285
     1       1    -0.29465    -0.29347    -0.29347   -5.799379244   -5.805424081   -0.006044837
     1       1    -0.14762    -0.14644    -0.44050   -5.456951273   -5.428545596    0.028405677
     1       1     0.14644    -0.14644    -0.44050   -5.457555772   -5.429222715    0.028333057
     1       1    -0.29465     0.58870     0.00059   -4.848530486   -4.777554791    0.070975695
     1       1    -0.14762    -0.44050    -0.14644   -5.456951273   -5.428545586    0.028405686
     1       1    -0.00059    -0.29347    -0.29347   -5.888351911   -5.861798611    0.026553300
     1       1     0.14644    -0.14644    -0.14644   -6.827003053   -6.878137872   -0.051134819
     1       1     0.29347     0.00059    -0.29347   -5.888351911   -5.861798612    0.026553299
     1       1    -0.14762    -0.44050     0.14762   -5.456364133   -5.427885298    0.028478835
     1       1    -0.00059    -0.29347     0.00059   -6.605013989   -6.651201472   -0.046187483
     1       1     0.29347    -0.29347     0.00059   -5.888351911   -5.861798608    0.026553303
     1       1     0.44050    -0.14644    -0.14644   -5.457555772   -5.429222723    0.028333048
     1       1    -0.00059    -0.58753     0.29465   -4.848530486   -4.777554792    0.070975694
     1       1     0.14644    -0.44050     0.14762   -5.456951273   -5.428545596    0.028405676
     1       1    -0.14762     0.14762    -0.44050   -5.456364133   -5.427885309    0.028478824
     1       1     0.58753    -0.29347     0.00059   -4.848530486   -4.777554785    0.070975701
     1       1    -0.44168    -0.14644    -0.14644   -5.451518073   -5.423063082    0.028454991
     1       1    -0.29465     0.00059    -0.29347   -5.883282905   -5.856658192    0.026624713
     1       1    -0.00059     0.00059    -0.29347   -6.605013989   -6.651201470   -0.046187481
     1       1     0.14644     0.14762    -0.44050   -5.456951273   -5.428545598    0.028405674
     1       1    -0.29465    -0.29347     0.00059   -5.883282905   -5.856658194    0.026624711
     1       1    -0.14762    -0.14644    -0.14644   -6.823571707   -6.874688060   -0.051116353
     1       2    -0.00059     0.00059     0.00059    5.551085309    6.289523304    0.738437995
     1       2     0.14644     0.14762    -0.14644    1.219269831    1.611468179    0.392198348
     1       2    -0.29465    -0.29347     0.29465   -1.478063602   -1.384247496    0.093816106
     1       2    -0.14762    -0.14644     0.14762    1.207737236    1.599838465    0.392101230
     1       2     0.14644    -0.14644     0.14762    1.219269831    1.611468179    0.392198349
     1       2     0.29347     0.00059     0.00059    1.357277757    1.740231357    0.382953600
     1       2     0.44050     0.14762    -0.14644   -1.047737741   -0.878503573    0.169234168
     1       2    -0.00059    -0.29347     0.29465   -0.382898870   -0.138364282    0.244534588
     1       2    -0.29465     0.29465    -0.29347   -1.478063602   -1.384247496    0.093816106
     1       2     0.44050    -0.14644     0.14762   -1.047737741   -0.878503571    0.169234169
     1       2    -0.58870     0.00059     0.00059   -1.584206952   -1.512398712    0.071808239
     1       2    -0.44168     0.14762    -0.14644   -1.053256386   -0.884071716    0.169184670
     1       2    -0.14762     0.14762    -0.14644    1.207737236    1.599838465    0.392101229
     1       2    -0.00059     0.29465    -0.29347   -0.382898870   -0.138364281    0.244534589
     1       2    -0.44168    -0.14644     0.14762   -1.053256386   -0.884071715    0.169184671
     1       2    -0.29465     0.00059     0.00059    1.340379772    1.723219998    0.382840226
     1       2    -0.14762     0.14762     0.14762    1.196220579    1.588222540    0.392001961
     1       2    -0.00059     0.29465     0.00059    1.340379772    1.723219998    0.382840225
     1       2     0.14644     0.44168    -0.14644   -1.050052143   -0.880823648    0.169228495
     1       2    -0.29465     0.00059     0.29465   -0.390475993   -0.145972193    0.244503800
     1       2    -0.00059     0.00059     0.29465    1.340379772    1.723219998    0.382840226
     1       2     0.14644     0.14762     0.14762    1.207737236    1.599838465    0.392101229
     1       2     0.29347     0.29465     0.00059   -0.382898870   -0.138364282    0.244534589
     1       2    -0.14762    -0.14644     0.44168   -1.053256386   -0.884071716    0.169184670
     1       2     0.14644    -0.14644     0.44168   -1.050052143   -0.880823641    0.169228502
     1       2     0.29347     0.00059     0.29465   -0.382898870   -0.138364281    0.244534589
     1       2     0.44050     0.14762     0.14762   -1.050994754   -0.881802899    0.169191855
     1       2    -0.00059    -0.29347     0.58870   -1.425645491   -1.255753584    0.169891908
     1       2    -0.29465     0.29465     0.00059   -0.390475993   -0.145972193    0.244503799
     1       2    -0.14762     0.44168    -0.14644   -1.053256386   -0.884071716    0.169184670
     1       2    -0.58870     0.00059     0.29465   -1.425645491   -1.255753581    0.169891910
     1       2    -0.44168     0.14762     0.14762   -1.056459879   -0.887319977    0.169139902
     1       2     0.29347    -0.29347    -0.29347   -1.478019732   -1.384205040    0.093814692
     1       2    -0.14762     0.44168     0.14762   -1.056459879   -0.887319968    0.169139911
     1       2    -0.00059    -0.58753     0.00059   -1.584206952   -1.512398712    0.071808239
     1       2     0.14644    -0.44050    -0.14644   -1.044480008   -0.875204462    0.169275546
     1       2    -0.14762     0.14762     0.44168   -1.056459879   -0.887319966    0.169139913
     1       2    -0.00059     0.29465     0.29465   -0.390475993   -0.145972193    0.244503799
     1       2     0.14644     0.44168     0.14762   -1.053256386   -0.884071716    0.169184670
     1       2    -0.29465     0.00059     0.58870   -1.425645491   -1.255753557    0.169891934
     1       2    -0.00059     0.00059    -0.58753   -1.584206952   -1.512398712    0.071808239
     1       2     0.14644     0.14762     0.44168   -1.053256386   -0.884071708    0.169184678
     1       2    -0.29465    -0.29347    -0.29347   -1.478063602   -1.384247496    0.093816106
     1       2    -0.14762    -0.14644    -0.44050   -1.047737741   -0.878503576    0.169234164
     1       2     0.14644    -0.14644    -0.44050   -1.044480008   -0.875204459    0.169275550
     1       2    -0.29465     0.58870     0.00059   -1.425645491   -1.255753578    0.169891913
     1       2    -0.14762    -0.44050    -0.14644   -1.047737741   -0.878503572    0.169234169
     1       2    -0.00059    -0.29347    -0.29347   -0.375284977   -0.130722150    0.244562827
     1       2     0.14644    -0.14644    -0.14644    1.230818478    1.623111790    0.392293312
     1       2     0.29347     0.00059    -0.29347   -0.375284977   -0.130722150    0.244562827
     1       2    -0.14762    -0.44050     0.14762   -1.050994754   -0.881802898    0.169191856
     1       2    -0.00059    -0.29347     0.00059    1.357277757    1.740231356    0.382953599
     1       2     0.29347    -0.29347     0.00059   -0.375284977   -0.130722149    0.244562828
     1       2     0.44050    -0.14644    -0.14644   -1.044480008   -0.875204468    0.169275540
     1       2    -0.00059    -0.58753     0.29465   -1.425645491   -1.255753557    0.169891934
     1       2     0.14644    -0.44050     0.14762   -1.047737741   -0.878503576    0.169234164
     1       2    -0.14762     0.14762    -0.44050   -1.050994754   -0.881802894    0.169191860
     1       2     0.58753    -0.29347     0.00059   -1.425645491   -1.255753557    0.169891934
     1       2    -0.44168    -0.14644    -0.14644   -1.050052143   -0.880823642    0.169228501
     1       2    -0.29465     0.00059    -0.29347   -0.382898870   -0.138364281    0.244534590
     1       2    -0.00059     0.00059    -0.29347    1.357277757    1.740231357    0.382953600
     1       2     0.14644     0.14762    -0.44050   -1.047737741   -0.878503572    0.169234168
     1       2    -0.29465    -0.29347     0.00059   -0.382898870   -0.138364280    0.244534590
     1       2    -0.14762    -0.14644    -0.14644    1.219269831    1.611468179    0.392198348
     1       3    -0.00059     0.00059     0.00059    5.551595287    6.290033400    0.738438113
     1       3     0.14644     0.14762    -0.14644    4.689863385    5.377593745    0.687730360
     1       3    -0.29465    -0.29347     0.29465    4.144872351    4.781894200    0.637021849
     1       3    -0.14762    -0.14644     0.14762    4.687028032    5.374755901    0.687727869
     1       3     0.14644    -0.14644     0.14762    4.689863385    5.377593745    0.687730360
     1       3     0.29347     0.00059     0.00059    3.563326586    4.174042332    0.610715746
     1       3     0.44050     0.14762    -0.14644    1.975117715    2.346496742    0.371379027
     1       3    -0.00059    -0.29347     0.29465    1.820562571    2.145029438    0.324466867
     1       3    -0.29465     0.29465    -0.29347    4.144872351    4.781894200    0.637021849
     1       3     0.44050    -0.14644     0.14762    1.975117715    2.346496725    0.371379010
     1       3    -0.58870     0.00059     0.00059    2.480336775    2.963338539    0.483001764
     1       3    -0.44168     0.14762    -0.14644    1.964998955    2.335988268    0.370989313
     1       3    -0.14762     0.14762    -0.14644    4.687028032    5.374755901    0.687727869
     1       3    -0.00059     0.29465    -0.29347    1.820562571    2.145029427    0.324466856
     1       3    -0.44168    -0.14644     0.14762    1.964998955    2.335988262    0.370989307
     1       3    -0.29465     0.00059     0.00059    3.554777855    4.165493640    0.610715786
     1       3    -0.14762     0.14762     0.14762    4.688235457    5.375965817    0.687730360
     1       3    -0.00059     0.29465     0.00059    3.554777855    4.165493640    0.610715785
     1       3     0.14644     0.44168    -0.14644    1.965440833    2.336340818    0.370899985
     1       3    -0.29465     0.00059     0.29465    1.814187936    2.138479947    0.324292011
     1       3    -0.00059     0.00059     0.29465    3.554777855    4.165493640    0.610715785
     1       3     0.14644     0.14762     0.14762    4.687028032    5.374755901    0.687727868
     1       3     0.29347     0.29465     0.00059    1.820562571    2.145029440    0.324466869
     1       3    -0.14762    -0.14644     0.44168    1.964998955    2.335988246    0.370989291
     1       3     0.14644    -0.14644     0.44168    1.965440833    2.336340801    0.370899968
     1       3     0.29347     0.00059     0.29465    1.820562571    2.145029428    0.324466857
     1       3     0.44050     0.14762     0.14762    1.974770409    2.346231030    0.371460621
     1       3    -0.00059    -0.29347     0.58870    1.672160723    2.010159765    0.337999042
     1       3    -0.29465     0.29465     0.00059    1.814187936    2.138479943    0.324292007
     1       3    -0.14762     0.44168    -0.14644    1.964998955    2.335988254    0.370989299
     1       3    -0.58870     0.00059     0.29465    1.672160723    2.010159767    0.337999044
     1       3    -0.44168     0.14762     0.14762    1.964620618    2.335692618    0.371072000
     1       3     0.29347    -0.29347    -0.29347    4.144996346    4.782018953    0.637022607
     1       3    -0.14762     0.44168     0.14762    1.964620618    2.335692608    0.371071991
     1       3    -0.00059    -0.58753     0.00059    2.480336775    2.963338539    0.483001764
     1       3     0.14644    -0.44050    -0.14644    1.975529124    2.346819736    0.371290613
     1       3    -0.14762     0.14762     0.44168    1.964620618    2.335692607    0.371071989
     1       3    -0.00059     0.29465     0.29465    1.814187936    2.138479943    0.324292007
     1       3     0.14644     0.44168     0.14762    1.964998955    2.335988266    0.370989311
     1       3    -0.29465     0.00059     0.58870    1.672160723    2.010159764    0.337999041
     1       3    -0.00059     0.00059    -0.58753    2.480336775    2.963338539    0.483001764
     1       3     0.14644     0.14762     0.44168    1.964998955    2.335988254    0.370989299
     1       3    -0.29465    -0.29347    -0.29347    4.144872351    4.781894200    0.637021849
     1       3    -0.14762    -0.14644    -0.44050    1.975117715    2.346496728    0.371379013
     1       3     0.14644    -0.14644    -0.44050    1.975529124    2.346819719    0.371290596
     1       3    -0.29465     0.58870     0.00059    1.672160723    2.010159769    0.337999046
     1       3    -0.14762    -0.44050    -0.14644    1.975117715    2.346496732    0.371379017
     1       3    -0.00059    -0.29347    -0.29347    1.826950755    2.151591435    0.324640679
     1       3     0.14644    -0.14644    -0.14644    4.696480045    5.384210405    0.687730360
     1       3     0.29347     0.00059    -0.29347    1.826950755    2.151591442    0.324640687
     1       3    -0.14762    -0.44050     0.14762    1.974770409    2.346231033    0.371460624
     1       3    -0.00059    -0.29347     0.00059    3.563326586    4.174042332    0.610715746
     1       3     0.29347    -0.29347     0.00059    1.826950755    2.151591439    0.324640683
     1       3     0.44050    -0.14644    -0.14644    1.975529124    2.346819731    0.371290607
     1       3    -0.00059    -0.58753     0.29465    1.672160723    2.010159798    0.337999075
     1       3     0.14644    -0.44050     0.14762    1.975117715    2.346496732    0.371379016
     1       3    -0.14762     0.14762    -0.44050    1.974770409    2.346231023    0.371460614
     1       3     0.58753    -0.29347     0.00059    1.672160723    2.010159797    0.337999074
     1       3    -0.44168    -0.14644    -0.14644    1.965440833    2.336340805    0.370899973
     1       3    -0.29465     0.00059    -0.29347    1.820562571    2.145029434    0.324466863
     1       3    -0.00059     0.00059    -0.29347    3.563326586    4.174042332    0.610715746
     1       3     0.14644     0.14762    -0.44050    1.975117715    2.346496722    0.371379007
     1       3    -0.29465    -0.29347     0.00059    1.820562571    2.145029434    0.324466863
     1       3    -0.14762    -0.14644    -0.14644    4.689863385    5.377593745    0.687730360
     1       4    -0.00059     0.00059     0.00059    5.551595287    6.290033400    0.738438113
     1       4     0.14644     0.14762    -0.14644    4.697459665    5.385187520    0.687727855
     1       4    -0.29465    -0.29347     0.29465    4.144961564    4.781984171    0.637022607
     1       4    -0.14762    -0.14644     0.14762    4.694798946    5.382529306    0.687730360
     1       4     0.14644    -0.14644     0.14762    4.697459665    5.385187520    0.687727855
     1       4     0.29347     0.00059     0.00059    3.563346698    4.174067201    0.610720503
     1       4     0.44050     0.14762    -0.14644    3.158026747    3.718036112    0.560009366
     1       4    -0.00059    -0.29347     0.29465    4.048300764    4.685321606    0.637020842
     1       4    -0.29465     0.29465    -0.29347    4.144961564    4.781984171    0.637022607
     1       4     0.44050    -0.14644     0.14762    3.158026747    3.718036112    0.560009366
     1       4    -0.58870     0.00059     0.00059    2.480388018    2.963390912    0.483002894
     1       4    -0.44168     0.14762    -0.14644    3.154139796    3.714149222    0.560009426
     1       4    -0.14762     0.14762    -0.14644    4.694798946    5.382529306    0.687730360
     1       4    -0.00059     0.29465    -0.29347    4.048300764    4.685321606    0.637020842
     1       4    -0.44168    -0.14644     0.14762    3.154139796    3.714149222    0.560009426
     1       4    -0.29465     0.00059     0.00059    3.554798232    4.165518735    0.610720503
     1       4    -0.14762     0.14762     0.14762    4.688235457    5.375965817    0.687730360
     1       4    -0.00059     0.29465     0.00059    3.554798232    4.165518735    0.610720503
     1       4     0.14644     0.44168    -0.14644    3.150992590    3.711005341    0.560012750
     1       4    -0.29465     0.00059     0.29465    4.043179736    4.680202343    0.637022607
     1       4    -0.00059     0.00059     0.29465    3.554798232    4.165518735    0.610720503
     1       4     0.14644     0.14762     0.14762    4.694798946    5.382529306    0.687730360
     1       4     0.29347     0.29465     0.00059    4.048300764    4.685321606    0.637020842
     1       4    -0.14762    -0.14644     0.44168    3.154139796    3.714149222    0.560009426
     1       4     0.14644    -0.14644     0.44168    3.150992590    3.711005341    0.560012750
     1       4     0.29347     0.00059     0.29465    4.048300764    4.685321606    0.637020842
     1       4     0.44050     0.14762     0.14762    3.161231636    3.721244387    0.560012750
     1       4    -0.00059    -0.29347     0.58870    1.773746837    2.154008519    0.380261682
     1       4    -0.29465     0.29465     0.00059    4.043179736    4.680202343    0.637022607
     1       4    -0.14762     0.44168    -0.14644    3.154139796    3.714149222    0.560009426
     1       4    -0.58870     0.00059     0.29465    1.773746837    2.154008513    0.380261676
     1       4    -0.44168     0.14762     0.14762    3.157351392    3.717364143    0.560012750
     1       4     0.29347    -0.29347    -0.29347    4.144996346    4.782018953    0.637022607
     1       4    -0.14762     0.44168     0.14762    3.157351392    3.717364143    0.560012750
     1       4    -0.00059    -0.58753     0.00059    2.480388018    2.963390912    0.483002894
     1       4     0.14644    -0.44050    -0.14644    3.154885551    3.714898302    0.560012750
     1       4    -0.14762     0.14762     0.44168    3.157351392    3.717364143    0.560012750
     1       4    -0.00059     0.29465     0.29465    4.043179736    4.680202343    0.637022607
     1       4     0.14644     0.44168     0.14762    3.154139796    3.714149222    0.560009426
     1       4    -0.29465     0.00059     0.58870    1.773746837    2.154008507    0.380261670
     1       4    -0.00059     0.00059    -0.58753    2.480388018    2.963390912    0.483002894
     1       4     0.14644     0.14762     0.44168    3.154139796    3.714149222    0.560009426
     1       4    -0.29465    -0.29347    -0.29347    4.144961564    4.781984171    0.637022607
     1       4    -0.14762    -0.14644    -0.44050    3.158026747    3.718036112    0.560009366
     1       4     0.14644    -0.14644    -0.44050    3.154885551    3.714898302    0.560012750
     1       4    -0.29465     0.58870     0.00059    1.773746837    2.154008510    0.380261672
     1       4    -0.14762    -0.44050    -0.14644    3.158026747    3.718036112    0.560009366
     1       4    -0.00059    -0.29347    -0.29347    4.053521726    4.690544333    0.637022607
     1       4     0.14644    -0.14644    -0.14644    4.696480045    5.384210405    0.687730360
     1       4     0.29347     0.00059    -0.29347    4.053521726    4.690544333    0.637022607
     1       4    -0.14762    -0.44050     0.14762    3.161231636    3.721244387    0.560012750
     1       4    -0.00059    -0.29347     0.00059    3.563346698    4.174067201    0.610720503
     1       4     0.29347    -0.29347     0.00059    4.053521726    4.690544333    0.637022607
     1       4     0.44050    -0.14644    -0.14644    3.154885551    3.714898302    0.560012750
     1       4    -0.00059    -0.58753     0.29465    1.773746837    2.154008509    0.380261671
     1       4     0.14644    -0.44050     0.14762    3.158026747    3.718036112    0.560009366
     1       4    -0.14762     0.14762    -0.44050    3.161231636    3.721244387    0.560012750
     1       4     0.58753    -0.29347     0.00059    1.773746837    2.154008511    0.380261674
     1       4    -0.44168    -0.14644    -0.14644    3.150992590    3.711005341    0.560012750
     1       4    -0.29465     0.00059    -0.29347    4.048300764    4.685321606    0.637020842
     1       4    -0.00059     0.00059    -0.29347    3.563346698    4.174067201    0.610720503
     1       4     0.14644     0.14762    -0.44050    3.158026747    3.718036112    0.560009366
     1       4    -0.29465    -0.29347     0.00059    4.048300764    4.685321606    0.637020842
     1       4    -0.14762    -0.14644    -0.14644    4.697459665    5.385187520    0.687727855
     1       5     0.00000     0.00000     0.00000    6.066319441    7.695057700    1.628738259
     1       5     0.14703     0.14703    -0.14703    6.963706553    8.537510304    1.573803751
     1       5    -0.29406    -0.29406     0.29406    6.401965918    7.870300948    1.468335030
     1       5    -0.14703    -0.14703     0.14703    6.963706553    8.537510304    1.573803751
     1       5     0.14703    -0.14703     0.14703    6.963706553    8.537510304    1.573803751
     1       5     0.29406     0.00000     0.00000    7.467479152    8.959279126    1.491799974
     1       5     0.44109     0.14703    -0.14703    7.747557118    9.137181956    1.389624838
     1       5     0.00000    -0.29406     0.29406    8.225570084    9.783410197    1.557840112
     1       5    -0.29406     0.29406    -0.29406    6.401965918    7.870300948    1.468335030
     1       5     0.44109    -0.14703     0.14703    7.747557118    9.137181956    1.389624838
     1       5    -0.58812     0.00000     0.00000    7.230083066    8.356431981    1.126348915
     1       5    -0.44109     0.14703    -0.14703    7.747557118    9.137181955    1.389624837
     1       5    -0.14703     0.14703    -0.14703    6.963706553    8.537510304    1.573803751
     1       5     0.00000     0.29406    -0.29406    8.225570084    9.783410198    1.557840113
     1       5    -0.44109    -0.14703     0.14703    7.747557118    9.137181956    1.389624838
     1       5    -0.29406     0.00000     0.00000    7.467479152    8.959279126    1.491799974
     1       5    -0.14703     0.14703     0.14703    6.963706553    8.537510304    1.573803751
     1       5     0.00000     0.29406     0.00000    7.467479152    8.959279126    1.491799974
     1       5     0.14703     0.44109    -0.14703    7.747557118    9.137181956    1.389624838
     1       5    -0.29406     0.00000     0.29406    8.225570084    9.783410197    1.557840113
     1       5     0.00000     0.00000     0.29406    7.467479152    8.959279126    1.491799974
     1       5     0.14703     0.14703     0.14703    6.963706553    8.537510304    1.573803751
     1       5     0.29406     0.29406     0.00000    8.225570084    9.783410197    1.557840113
     1       5    -0.14703    -0.14703     0.44109    7.747557118    9.137181956    1.389624838
     1       5     0.14703    -0.14703     0.44109    7.747557118    9.137181956    1.389624838
     1       5     0.29406     0.00000     0.29406    8.225570084    9.783410197    1.557840113
     1       5     0.44109     0.14703     0.14703    7.747557118    9.137181956    1.389624838
     1       5     0.00000    -0.29406     0.58812   10.080238749   11.707889935    1.627651187
     1       5    -0.29406     0.29406     0.00000    8.225570084    9.783410197    1.557840113
     1       5    -0.14703     0.44109    -0.14703    7.747557118    9.137181956    1.389624838
     1       5    -0.58812    -0.00000     0.29406   10.080238749   11.707889931    1.627651182
     1       5    -0.44109     0.14703     0.14703    7.747557118    9.137181956    1.389624838
     1       5     0.29406    -0.29406    -0.29406    6.401965918    7.870300948    1.468335030
     1       5    -0.14703     0.44109     0.14703    7.747557118    9.137181956    1.389624838
     1       5     0.00000    -0.58812     0.00000    7.230083066    8.356431981    1.126348915
     1       5     0.14703    -0.44109    -0.14703    7.747557118    9.137181956    1.389624838
     1       5    -0.14703     0.14703     0.44109    7.747557118    9.137181956    1.389624838
     1       5     0.00000     0.29406     0.29406    8.225570084    9.783410197    1.557840112
     1       5     0.14703     0.44109     0.14703    7.747557118    9.137181956    1.389624838
     1       5    -0.29406     0.00000     0.58812   10.080238749   11.707889934    1.627651186
     1       5     0.00000     0.00000    -0.58812    7.230083066    8.356431981    1.126348915
     1       5     0.14703     0.14703     0.44109    7.747557118    9.137181955    1.389624837
     1       5    -0.29406    -0.29406    -0.29406    6.401965918    7.870300948    1.468335030
     1       5    -0.14703    -0.14703    -0.44109    7.747557118    9.137181956    1.389624838
     1       5     0.14703    -0.14703    -0.44109    7.747557118    9.137181956    1.389624838
     1       5    -0.29406     0.58812     0.00000   10.080238749   11.707889934    1.627651185
     1       5    -0.14703    -0.44109    -0.14703    7.747557118    9.137181956    1.389624838
     1       5     0.00000    -0.29406    -0.29406    8.225570084    9.783410198    1.557840113
     1       5     0.14703    -0.14703    -0.14703    6.963706553    8.537510304    1.573803751
     1       5     0.29406     0.00000    -0.29406    8.225570084    9.783410197    1.557840113
     1       5    -0.14703    -0.44109     0.14703    7.747557118    9.137181956    1.389624838
     1       5     0.00000    -0.29406     0.00000    7.467479152    8.959279126    1.491799974
     1       5     0.29406    -0.29406     0.00000    8.225570084    9.783410196    1.557840111
     1       5     0.44109    -0.14703    -0.14703    7.747557118    9.137181956    1.389624838
     1       5    -0.00000    -0.58812     0.29406   10.080238749   11.707889935    1.627651187
     1       5     0.14703    -0.44109     0.14703    7.747557118    9.137181957    1.389624838
     1       5    -0.14703     0.14703    -0.44109    7.747557118    9.137181957    1.389624838
     1       5     0.58812    -0.29406     0.00000   10.080238749   11.707889931    1.627651182
     1       5    -0.44109    -0.14703    -0.14703    7.747557118    9.137181955    1.389624837
     1       5    -0.29406     0.00000    -0.29406    8.225570084    9.783410197    1.557840112
     1       5     0.00000     0.00000    -0.29406    7.467479152    8.959279126    1.491799974
     1       5     0.14703     0.14703    -0.44109    7.747557118    9.137181956    1.389624838
     1       5    -0.29406    -0.29406     0.00000    8.225570084    9.783410197    1.557840113
     1       5    -0.14703    -0.14703    -0.14703    6.963706553    8.537510304    1.573803751
     1       6     0.00000     0.00000     0.00000    9.031801790   10.796191838    1.764390048
     1       6     0.14703     0.14703    -0.14703   10.100404010   11.829897738    1.729493729
     1       6    -0.29406    -0.29406     0.29406   10.324821134   12.019418543    1.694597409
     1       6    -0.14703    -0.14703     0.14703   10.100404010   11.829897738    1.729493729
     1       6     0.14703    -0.14703     0.14703   10.100404010   11.829897738    1.729493729
     1       6     0.29406     0.00000     0.00000    8.805859070   10.212197745    1.406338675
     1       6     0.44109     0.14703    -0.14703   10.220087742   11.615681087    1.395593345
     1       6     0.00000    -0.29406     0.29406   11.040115643   12.468877254    1.428761611
     1       6    -0.29406     0.29406    -0.29406   10.324821134   12.019418543    1.694597409
     1       6     0.44109    -0.14703     0.14703   10.220087742   11.615681088    1.395593347
     1       6    -0.58812     0.00000     0.00000    7.300200379    8.572463878    1.272263499
     1       6    -0.44109     0.14703    -0.14703   10.220087742   11.615681088    1.395593346
     1       6    -0.14703     0.14703    -0.14703   10.100404010   11.829897738    1.729493729
     1       6     0.00000     0.29406    -0.29406   11.040115643   12.468877268    1.428761625
     1       6    -0.44109    -0.14703     0.14703   10.220087742   11.615681086    1.395593344
     1       6    -0.29406     0.00000     0.00000    8.805859070   10.212197745    1.406338675
     1       6    -0.14703     0.14703     0.14703   10.100404010   11.829897738    1.729493729
     1       6     0.00000     0.29406     0.00000    8.805859070   10.212197745    1.406338674
     1       6     0.14703     0.44109    -0.14703   10.220087742   11.615681086    1.395593344
     1       6    -0.29406     0.00000     0.29406   11.040115643   12.468877257    1.428761615
     1       6     0.00000     0.00000     0.29406    8.805859070   10.212197745    1.406338675
     1       6     0.14703     0.14703     0.14703   10.100404010   11.829897738    1.729493729
     1       6     0.29406     0.29406     0.00000   11.040115643   12.468877254    1.428761612
     1       6    -0.14703    -0.14703     0.44109   10.220087742   11.615681084    1.395593342
     1       6     0.14703    -0.14703     0.44109   10.220087742   11.615681088    1.395593346
     1       6     0.29406     0.00000     0.29406   11.040115643   12.468877255    1.428761612
     1       6     0.44109     0.14703     0.14703   10.220087742   11.615681086    1.395593344
     1       6     0.00000    -0.29406     0.58812   10.667939243   12.049797780    1.381858537
     1       6    -0.29406     0.29406     0.00000   11.040115643   12.468877256    1.428761614
     1       6    -0.14703     0.44109    -0.14703   10.220087742   11.615681087    1.395593346
     1       6    -0.58812    -0.00000     0.29406   10.667939243   12.049797780    1.381858537
     1       6    -0.44109     0.14703     0.14703   10.220087742   11.615681088    1.395593346
     1       6     0.29406    -0.29406    -0.29406   10.324821134   12.019418543    1.694597409
     1       6    -0.14703     0.44109     0.14703   10.220087742   11.615681086    1.395593344
     1       6     0.00000    -0.58812     0.00000    7.300200379    8.572463878    1.272263499
     1       6     0.14703    -0.44109    -0.14703   10.220087742   11.615681086    1.395593344
     1       6    -0.14703     0.14703     0.44109   10.220087742   11.615681086    1.395593345
     1       6     0.00000     0.29406     0.29406   11.040115643   12.468877262    1.428761619
     1       6     0.14703     0.44109     0.14703   10.220087742   11.615681087    1.395593345
     1       6    -0.29406     0.00000     0.58812   10.667939243   12.049797779    1.381858536
     1       6     0.00000     0.00000    -0.58812    7.300200379    8.572463878    1.272263499
     1       6     0.14703     0.14703     0.44109   10.220087742   11.615681088    1.395593346
     1       6    -0.29406    -0.29406    -0.29406   10.324821134   12.019418543    1.694597409
     1       6    -0.14703    -0.14703    -0.44109   10.220087742   11.615681089    1.395593347
     1       6     0.14703    -0.14703    -0.44109   10.220087742   11.615681086    1.395593345
     1       6    -0.29406     0.58812     0.00000   10.667939243   12.049797779    1.381858536
     1       6    -0.14703    -0.44109    -0.14703   10.220087742   11.615681088    1.395593346
     1       6     0.00000    -0.29406    -0.29406   11.040115643   12.468877268    1.428761625
     1       6     0.14703    -0.14703    -0.14703   10.100404010   11.829897738    1.729493729
     1       6     0.29406     0.00000    -0.29406   11.040115643   12.468877256    1.428761613
     1       6    -0.14703    -0.44109     0.14703   10.220087742   11.615681088    1.395593346
     1       6     0.00000    -0.29406     0.00000    8.805859070   10.212197744    1.406338674
     1       6     0.29406    -0.29406     0.00000   11.040115643   12.468877256    1.428761613
     1       6     0.44109    -0.14703    -0.14703   10.220087742   11.615681089    1.395593347
     1       6    -0.00000    -0.58812     0.29406   10.667939243   12.049797778    1.381858535
     1       6     0.14703    -0.44109     0.14703   10.220087742   11.615681087    1.395593345
     1       6    -0.14703     0.14703    -0.44109   10.220087742   11.615681087    1.395593346
     1       6     0.58812    -0.29406     0.00000   10.667939243   12.049797778    1.381858536
     1       6    -0.44109    -0.14703    -0.14703   10.220087742   11.615681088    1.395593347
     1       6    -0.29406     0.00000    -0.29406   11.040115643   12.468877255    1.428761613
     1       6     0.00000     0.00000    -0.29406    8.805859070   10.212197745    1.406338675
     1       6     0.14703     0.14703    -0.44109   10.220087742   11.615681088    1.395593346
     1       6    -0.29406    -0.29406     0.00000   11.040115643   12.468877256    1.428761613
     1       6    -0.14703    -0.14703    -0.14703   10.100404010   11.829897738    1.729493729
     1       7     0.00000     0.00000     0.00000    9.031801790   10.796191838    1.764390048
     1       7     0.14703     0.14703    -0.14703   10.100404010   11.829897738    1.729493729
     1       7    -0.29406    -0.29406     0.29406   10.324821134   12.019418543    1.694597409
     1       7    -0.14703    -0.14703     0.14703   10.100404010   11.829897738    1.729493729
     1       7     0.14703    -0.14703     0.14703   10.100404010   11.829897738    1.729493729
     1       7     0.29406     0.00000     0.00000   12.274688426   14.186989776    1.912301350
     1       7     0.44109     0.14703    -0.14703   11.995733164   13.544210373    1.548477209
     1       7     0.00000    -0.29406     0.29406   11.181502346   12.876099755    1.694597409
     1       7    -0.29406     0.29406    -0.29406   10.324821134   12.019418543    1.694597409
     1       7     0.44109    -0.14703     0.14703   11.995733164   13.544210380    1.548477216
     1       7    -0.58812     0.00000     0.00000   15.979539343   18.039751995    2.060212652
     1       7    -0.44109     0.14703    -0.14703   11.995733164   13.544210379    1.548477215
     1       7    -0.14703     0.14703    -0.14703   10.100404010   11.829897738    1.729493729
     1       7     0.00000     0.29406    -0.29406   11.181502346   12.876099755    1.694597409
     1       7    -0.44109    -0.14703     0.14703   11.995733164   13.544210379    1.548477215
     1       7    -0.29406     0.00000     0.00000   12.274688426   14.186989776    1.912301350
     1       7    -0.14703     0.14703     0.14703   10.100404010   11.829897738    1.729493729
     1       7     0.00000     0.29406     0.00000   12.274688426   14.186989776    1.912301350
     1       7     0.14703     0.44109    -0.14703   11.995733164   13.544210377    1.548477213
     1       7    -0.29406     0.00000     0.29406   11.181502346   12.876099755    1.694597409
     1       7     0.00000     0.00000     0.29406   12.274688426   14.186989776    1.912301350
     1       7     0.14703     0.14703     0.14703   10.100404010   11.829897738    1.729493729
     1       7     0.29406     0.29406     0.00000   11.181502346   12.876099755    1.694597409
     1       7    -0.14703    -0.14703     0.44109   11.995733164   13.544210381    1.548477217
     1       7     0.14703    -0.14703     0.44109   11.995733164   13.544210379    1.548477215
     1       7     0.29406     0.00000     0.29406   11.181502346   12.876099755    1.694597409
     1       7     0.44109     0.14703     0.14703   11.995733164   13.544210384    1.548477220
     1       7     0.00000    -0.29406     0.58812   11.115255899   12.664804698    1.549548799
     1       7    -0.29406     0.29406     0.00000   11.181502346   12.876099755    1.694597409
     1       7    -0.14703     0.44109    -0.14703   11.995733164   13.544210391    1.548477227
     1       7    -0.58812    -0.00000     0.29406   11.115255899   12.664804703    1.549548804
     1       7    -0.44109     0.14703     0.14703   11.995733164   13.544210373    1.548477209
     1       7     0.29406    -0.29406    -0.29406   10.324821134   12.019418543    1.694597409
     1       7    -0.14703     0.44109     0.14703   11.995733164   13.544210384    1.548477220
     1       7     0.00000    -0.58812     0.00000   15.979539343   18.039751995    2.060212652
     1       7     0.14703    -0.44109    -0.14703   11.995733164   13.544210377    1.548477213
     1       7    -0.14703     0.14703     0.44109   11.995733164   13.544210382    1.548477218
     1       7     0.00000     0.29406     0.29406   11.181502346   12.876099755    1.694597409
     1       7     0.14703     0.44109     0.14703   11.995733164   13.544210371    1.548477207
     1       7    -0.29406     0.00000     0.58812   11.115255899   12.664804697    1.549548798
     1       7     0.00000     0.00000    -0.58812   15.979539343   18.039751995    2.060212652
     1       7     0.14703     0.14703     0.44109   11.995733164   13.544210378    1.548477214
     1       7    -0.29406    -0.29406    -0.29406   10.324821134   12.019418543    1.694597409
     1       7    -0.14703    -0.14703    -0.44109   11.995733164   13.544210369    1.548477205
     1       7     0.14703    -0.14703    -0.44109   11.995733164   13.544210382    1.548477218
     1       7    -0.29406     0.58812     0.00000   11.115255899   12.664804700    1.549548801
     1       7    -0.14703    -0.44109    -0.14703   11.995733164   13.544210370    1.548477206
     1       7     0.00000    -0.29406    -0.29406   11.181502346   12.876099755    1.694597409
     1       7     0.14703    -0.14703    -0.14703   10.100404010   11.829897738    1.729493729
     1       7     0.29406     0.00000    -0.29406   11.181502346   12.876099755    1.694597409
     1       7    -0.14703    -0.44109     0.14703   11.995733164   13.544210382    1.548477219
     1       7     0.00000    -0.29406     0.00000   12.274688426   14.186989776    1.912301350
     1       7     0.29406    -0.29406     0.00000   11.181502346   12.876099755    1.694597409
     1       7     0.44109    -0.14703    -0.14703   11.995733164   13.544210370    1.548477206
     1       7    -0.00000    -0.58812     0.29406   11.115255899   12.664804696    1.549548797
     1       7     0.14703    -0.44109     0.14703   11.995733164   13.544210374    1.548477210
     1       7    -0.14703     0.14703    -0.44109   11.995733164   13.544210380    1.548477216
     1       7     0.58812    -0.29406     0.00000   11.115255899   12.664804698    1.549548799
     1       7    -0.44109    -0.14703    -0.14703   11.995733164   13.544210376    1.548477212
     1       7    -0.29406     0.00000    -0.29406   11.181502346   12.876099755    1.694597409
     1       7     0.00000     0.00000    -0.29406   12.274688426   14.186989776    1.912301350
     1       7     0.14703     0.14703    -0.44109   11.995733164   13.544210385    1.548477221
     1       7    -0.29406    -0.29406     0.00000   11.181502346   12.876099755    1.694597409
     1       7    -0.14703    -0.14703    -0.14703   10.100404010   11.829897738    1.729493729
     1       8     0.00000     0.00000     0.00000    9.031801790   10.796191838    1.764390048
     1       8     0.14703     0.14703    -0.14703   11.573192178   13.084620543    1.511428365
     1       8    -0.29406    -0.29406     0.29406   13.182130368   14.501047688    1.318917320
     1       8    -0.14703    -0.14703     0.14703   11.573192178   13.084620543    1.511428365
     1       8     0.14703    -0.14703     0.14703   11.573192178   13.084620543    1.511428364
     1       8     0.29406     0.00000     0.00000   12.274688426   14.186989776    1.912301350
     1       8     0.44109     0.14703    -0.14703   12.721294805   14.598699835    1.877405030
     1       8     0.00000    -0.29406     0.29406   11.758710141   13.186476683    1.427766542
     1       8    -0.29406     0.29406    -0.29406   13.182130368   14.501047688    1.318917320
     1       8     0.44109    -0.14703     0.14703   12.721294805   14.598699835    1.877405030
     1       8    -0.58812     0.00000     0.00000   15.979539343   18.039751995    2.060212652
     1       8    -0.44109     0.14703    -0.14703   12.721294805   14.598699835    1.877405030
     1       8    -0.14703     0.14703    -0.14703   11.573192178   13.084620543    1.511428365
     1       8     0.00000     0.29406    -0.29406   11.758710141   13.186476686    1.427766545
     1       8    -0.44109    -0.14703     0.14703   12.721294805   14.598699835    1.877405030
     1       8    -0.29406     0.00000     0.00000   12.274688426   14.186989776    1.912301350
     1       8    -0.14703     0.14703     0.14703   11.573192178   13.084620543    1.511428365
     1       8     0.00000     0.29406     0.00000   12.274688426   14.186989776    1.912301350
     1       8     0.14703     0.44109    -0.14703   12.721294805   14.598699835    1.877405030
     1       8    -0.29406     0.00000     0.29406   11.758710141   13.186476675    1.427766534
     1       8     0.00000     0.00000     0.29406   12.274688426   14.186989776    1.912301350
     1       8     0.14703     0.14703     0.14703   11.573192178   13.084620543    1.511428365
     1       8     0.29406     0.29406     0.00000   11.758710141   13.186476679    1.427766538
     1       8    -0.14703    -0.14703     0.44109   12.721294805   14.598699835    1.877405030
     1       8     0.14703    -0.14703     0.44109   12.721294805   14.598699835    1.877405030
     1       8     0.29406     0.00000     0.29406   11.758710141   13.186476681    1.427766540
     1       8     0.44109     0.14703     0.14703   12.721294805   14.598699835    1.877405030
     1       8     0.00000    -0.29406     0.58812   11.704286924   13.187239381    1.482952457
     1       8    -0.29406     0.29406     0.00000   11.758710141   13.186476678    1.427766537
     1       8    -0.14703     0.44109    -0.14703   12.721294805   14.598699835    1.877405030
     1       8    -0.58812    -0.00000     0.29406   11.704286924   13.187239380    1.482952455
     1       8    -0.44109     0.14703     0.14703   12.721294805   14.598699835    1.877405030
     1       8     0.29406    -0.29406    -0.29406   13.182130368   14.501047688    1.318917320
     1       8    -0.14703     0.44109     0.14703   12.721294805   14.598699835    1.877405030
     1       8     0.00000    -0.58812     0.00000   15.979539343   18.039751995    2.060212652
     1       8     0.14703    -0.44109    -0.14703   12.721294805   14.598699835    1.877405030
     1       8    -0.14703     0.14703     0.44109   12.721294805   14.598699835    1.877405030
     1       8     0.00000     0.29406     0.29406   11.758710141   13.186476679    1.427766538
     1       8     0.14703     0.44109     0.14703   12.721294805   14.598699835    1.877405030
     1       8    -0.29406     0.00000     0.58812   11.704286924   13.187239379    1.482952454
     1       8     0.00000     0.00000    -0.58812   15.979539343   18.039751995    2.060212652
     1       8     0.14703     0.14703     0.44109   12.721294805   14.598699835    1.877405030
     1       8    -0.29406    -0.29406    -0.29406   13.182130368   14.501047688    1.318917320
     1       8    -0.14703    -0.14703    -0.44109   12.721294805   14.598699835    1.877405030
     1       8     0.14703    -0.14703    -0.44109   12.721294805   14.598699835    1.877405030
     1       8    -0.29406     0.58812     0.00000   11.704286924   13.187239381    1.482952456
     1       8    -0.14703    -0.44109    -0.14703   12.721294805   14.598699835    1.877405030
     1       8     0.00000    -0.29406    -0.29406   11.758710141   13.186476675    1.427766533
     1       8     0.14703    -0.14703    -0.14703   11.573192178   13.084620543    1.511428365
     1       8     0.29406     0.00000    -0.29406   11.758710141   13.186476681    1.427766540
     1       8    -0.14703    -0.44109     0.14703   12.721294805   14.598699835    1.877405030
     1       8     0.00000    -0.29406     0.00000   12.274688426   14.186989776    1.912301350
     1       8     0.29406    -0.29406     0.00000   11.758710141   13.186476684    1.427766543
     1       8     0.44109    -0.14703    -0.14703   12.721294805   14.598699835    1.877405030
     1       8    -0.00000    -0.58812     0.29406   11.704286924   13.187239381    1.482952456
     1       8     0.14703    -0.44109     0.14703   12.721294805   14.598699835    1.877405030
     1       8    -0.14703     0.14703    -0.44109   12.721294805   14.598699835    1.877405030
     1       8     0.58812    -0.29406     0.00000   11.704286924   13.187239381    1.482952456
     1       8    -0.44109    -0.14703    -0.14703   12.721294805   14.598699835    1.877405030
     1       8    -0.29406     0.00000    -0.29406   11.758710141   13.186476676    1.427766535
     1       8     0.00000     0.00000    -0.29406   12.274688426   14.186989776    1.912301350
     1       8     0.14703     0.14703    -0.44109   12.721294805   14.598699835    1.877405030
     1       8    -0.29406    -0.29406     0.00000   11.758710141   13.186476678    1.427766537
     1       8    -0.14703    -0.14703    -0.14703   11.573192178   13.084620543    1.511428365
