# k =  0.00000000E+00  0.00000000E+00  0.00000000E+00 spin= 1
 # n1 <i|Sigma_ch|i> (eV), partial sum
 #      nbands   ch(vbm)          ch(cbm)           diff        converged
       1 -0.75097673E+00 -0.10236501E+01 -0.27267335E+00  0.31057463E+00
       2 -0.32930991E+01 -0.19285096E+01  0.13645895E+01  0.31057463E+00
       3 -0.38551381E+01 -0.28541571E+01  0.10009810E+01  0.31057463E+00
       4 -0.51856452E+01 -0.32298482E+01  0.19557970E+01  0.31057463E+00
       5 -0.54864188E+01 -0.49986247E+01  0.48779416E+00  0.31057463E+00
       6 -0.56786128E+01 -0.52788069E+01  0.39980596E+00  0.31057463E+00
       7 -0.60074581E+01 -0.58106186E+01  0.19683947E+00  0.31057463E+00
       8 -0.63961850E+01 -0.60865609E+01  0.30962409E+00  0.31057463E+00
       9 -0.66663406E+01 -0.62779471E+01  0.38839354E+00  0.31057463E+00
      10 -0.68894063E+01 -0.64458516E+01  0.44355468E+00  0.31057463E+00
      11 -0.71450002E+01 -0.66006575E+01  0.54434273E+00  0.31057463E+00
      12 -0.72465910E+01 -0.68399962E+01  0.40659479E+00  0.31057463E+00
      13 -0.73993655E+01 -0.70164323E+01  0.38293319E+00  0.31057463E+00
      14 -0.75981008E+01 -0.71969221E+01  0.40117864E+00  0.31057463E+00
      15 -0.76783989E+01 -0.72965700E+01  0.38182894E+00  0.31057463E+00
      16 -0.77479844E+01 -0.73863300E+01  0.36165436E+00  0.31057463E+00
      17 -0.78273014E+01 -0.74764216E+01  0.35087987E+00  0.31057463E+00
      18 -0.79180910E+01 -0.75667659E+01  0.35132508E+00  0.31057463E+00
      19 -0.79698539E+01 -0.76207692E+01  0.34908472E+00  0.31057463E+00
      20 -0.80108445E+01 -0.76773395E+01  0.33350500E+00  0.31057463E+00
      21 -0.80626861E+01 -0.77289873E+01  0.33369881E+00  0.31057463E+00
      22 -0.81068712E+01 -0.77882533E+01  0.31861790E+00  0.31057463E+00
      23 -0.81466666E+01 -0.78321447E+01  0.31452192E+00  0.31057463E+00
      24 -0.81766378E+01 -0.78737552E+01  0.30288252E+00  0.31057463E+00
      25 -0.82032361E+01 -0.79049074E+01  0.29832869E+00  0.31057463E+00
      26 -0.82331450E+01 -0.79391773E+01  0.29396769E+00  0.31057463E+00
      27 -0.82557451E+01 -0.79625651E+01  0.29318002E+00  0.31057463E+00
      28 -0.82801294E+01 -0.79864254E+01  0.29370401E+00  0.31057463E+00
      29 -0.83062357E+01 -0.80117766E+01  0.29445914E+00  0.31057463E+00
      30 -0.83221822E+01 -0.80321657E+01  0.29001650E+00  0.31057463E+00
      31 -0.83454152E+01 -0.80509111E+01  0.29450407E+00  0.31057463E+00
      32 -0.83654022E+01 -0.80694322E+01  0.29596997E+00  0.31057463E+00
# k =  0.00000000E+00  0.00000000E+00  0.20000000E+00 spin= 1
 # n1 <i|Sigma_ch|i> (eV), partial sum
 #      nbands   ch(vbm)          ch(cbm)           diff        converged
       1 -0.79952145E+00 -0.87276821E+00 -0.73246757E-01  0.98320012E-01
       2 -0.19757678E+01 -0.18000541E+01  0.17571369E+00  0.98320012E-01
       3 -0.32572110E+01 -0.23723707E+01  0.88484036E+00  0.98320012E-01
       4 -0.51303221E+01 -0.27364853E+01  0.23938368E+01  0.98320012E-01
       5 -0.54211269E+01 -0.45406117E+01  0.88051517E+00  0.98320012E-01
       6 -0.57274542E+01 -0.49843597E+01  0.74309447E+00  0.98320012E-01
       7 -0.60481100E+01 -0.56612097E+01  0.38690031E+00  0.98320012E-01
       8 -0.63045628E+01 -0.60431851E+01  0.26137771E+00  0.98320012E-01
       9 -0.65297213E+01 -0.63092625E+01  0.22045880E+00  0.98320012E-01
      10 -0.67510378E+01 -0.65131285E+01  0.23790930E+00  0.98320012E-01
      11 -0.68957317E+01 -0.67469686E+01  0.14876305E+00  0.98320012E-01
      12 -0.70237636E+01 -0.68747646E+01  0.14899899E+00  0.98320012E-01
      13 -0.71333752E+01 -0.70033462E+01  0.13002909E+00  0.98320012E-01
      14 -0.72645422E+01 -0.71365659E+01  0.12797635E+00  0.98320012E-01
      15 -0.73431746E+01 -0.72232551E+01  0.11991958E+00  0.98320012E-01
      16 -0.74123143E+01 -0.73024474E+01  0.10986687E+00  0.98320012E-01
      17 -0.74878414E+01 -0.73839044E+01  0.10393701E+00  0.98320012E-01
      18 -0.75745105E+01 -0.74558780E+01  0.11863247E+00  0.98320012E-01
      19 -0.76340067E+01 -0.75234707E+01  0.11053608E+00  0.98320012E-01
      20 -0.76726573E+01 -0.75713273E+01  0.10133001E+00  0.98320012E-01
      21 -0.77175765E+01 -0.76217960E+01  0.95780504E-01  0.98320012E-01
      22 -0.77611884E+01 -0.76668869E+01  0.94301543E-01  0.98320012E-01
      23 -0.78023994E+01 -0.77128982E+01  0.89501181E-01  0.98320012E-01
      24 -0.78381110E+01 -0.77494949E+01  0.88616080E-01  0.98320012E-01
      25 -0.78692452E+01 -0.77816884E+01  0.87556798E-01  0.98320012E-01
      26 -0.78991053E+01 -0.78137563E+01  0.85348984E-01  0.98320012E-01
      27 -0.79309709E+01 -0.78412675E+01  0.89703327E-01  0.98320012E-01
      28 -0.79529265E+01 -0.78657114E+01  0.87215123E-01  0.98320012E-01
      29 -0.79768767E+01 -0.78905695E+01  0.86307147E-01  0.98320012E-01
      30 -0.79981897E+01 -0.79126532E+01  0.85536451E-01  0.98320012E-01
      31 -0.80222443E+01 -0.79348065E+01  0.87437801E-01  0.98320012E-01
      32 -0.80427038E+01 -0.79552704E+01  0.87433354E-01  0.98320012E-01
# k =  0.00000000E+00  0.00000000E+00  0.40000000E+00 spin= 1
 # n1 <i|Sigma_ch|i> (eV), partial sum
 #      nbands   ch(vbm)          ch(cbm)           diff        converged
       1 -0.89516741E+00 -0.91000184E+00 -0.14834433E-01  0.11712209E+00
       2 -0.17691377E+01 -0.18357246E+01 -0.66586957E-01  0.11712209E+00
       3 -0.28707128E+01 -0.25001809E+01  0.37053190E+00  0.11712209E+00
       4 -0.52083668E+01 -0.27661118E+01  0.24422551E+01  0.11712209E+00
       5 -0.54288724E+01 -0.46945883E+01  0.73428413E+00  0.11712209E+00
       6 -0.57482399E+01 -0.51785746E+01  0.56966530E+00  0.11712209E+00
       7 -0.61271212E+01 -0.57576155E+01  0.36950574E+00  0.11712209E+00
       8 -0.63819729E+01 -0.60938451E+01  0.28812780E+00  0.11712209E+00
       9 -0.66037253E+01 -0.63397708E+01  0.26395443E+00  0.11712209E+00
      10 -0.68196004E+01 -0.65214870E+01  0.29811338E+00  0.11712209E+00
      11 -0.69445900E+01 -0.67349593E+01  0.20963067E+00  0.11712209E+00
      12 -0.70660096E+01 -0.68602598E+01  0.20574980E+00  0.11712209E+00
      13 -0.71529545E+01 -0.69878789E+01  0.16507557E+00  0.11712209E+00
      14 -0.72475020E+01 -0.71133410E+01  0.13416096E+00  0.11712209E+00
      15 -0.73148852E+01 -0.71991190E+01  0.11576623E+00  0.11712209E+00
      16 -0.73955397E+01 -0.72757048E+01  0.11983493E+00  0.11712209E+00
      17 -0.74547059E+01 -0.73551268E+01  0.99579082E-01  0.11712209E+00
      18 -0.75312902E+01 -0.74244837E+01  0.10680644E+00  0.11712209E+00
      19 -0.75914070E+01 -0.74889853E+01  0.10242165E+00  0.11712209E+00
      20 -0.76368119E+01 -0.75354045E+01  0.10140739E+00  0.11712209E+00
      21 -0.76793387E+01 -0.75866180E+01  0.92720638E-01  0.11712209E+00
      22 -0.77298085E+01 -0.76310128E+01  0.98795775E-01  0.11712209E+00
      23 -0.77733686E+01 -0.76743695E+01  0.98999116E-01  0.11712209E+00
      24 -0.78062755E+01 -0.77099037E+01  0.96371868E-01  0.11712209E+00
      25 -0.78438509E+01 -0.77411713E+01  0.10267967E+00  0.11712209E+00
      26 -0.78687519E+01 -0.77712166E+01  0.97535345E-01  0.11712209E+00
      27 -0.79009489E+01 -0.77987601E+01  0.10218880E+00  0.11712209E+00
      28 -0.79212672E+01 -0.78228891E+01  0.98378137E-01  0.11712209E+00
      29 -0.79412764E+01 -0.78458220E+01  0.95454458E-01  0.11712209E+00
      30 -0.79644937E+01 -0.78663587E+01  0.98134989E-01  0.11712209E+00
      31 -0.79875128E+01 -0.78885103E+01  0.99002469E-01  0.11712209E+00
      32 -0.80068764E+01 -0.79093906E+01  0.97485799E-01  0.11712209E+00
# k =  0.00000000E+00  0.20000000E+00  0.20000000E+00 spin= 1
 # n1 <i|Sigma_ch|i> (eV), partial sum
 #      nbands   ch(vbm)          ch(cbm)           diff        converged
       1 -0.83957567E+00 -0.72173090E+00  0.11784477E+00  0.48566228E+00
       2 -0.20033802E+01 -0.13336702E+01  0.66971000E+00  0.48566228E+00
       3 -0.31925043E+01 -0.20508758E+01  0.11416285E+01  0.48566228E+00
       4 -0.50137130E+01 -0.24733021E+01  0.25404109E+01  0.48566228E+00
       5 -0.53470512E+01 -0.43346097E+01  0.10124415E+01  0.48566228E+00
       6 -0.57323414E+01 -0.48634959E+01  0.86884549E+00  0.48566228E+00
       7 -0.60028984E+01 -0.54509471E+01  0.55195136E+00  0.48566228E+00
       8 -0.62638676E+01 -0.57428568E+01  0.52101080E+00  0.48566228E+00
       9 -0.64849244E+01 -0.59469840E+01  0.53794041E+00  0.48566228E+00
      10 -0.66758658E+01 -0.61337598E+01  0.54210596E+00  0.48566228E+00
      11 -0.67982426E+01 -0.63294316E+01  0.46881106E+00  0.48566228E+00
      12 -0.69100928E+01 -0.64597122E+01  0.45038058E+00  0.48566228E+00
      13 -0.70039638E+01 -0.65828444E+01  0.42111946E+00  0.48566228E+00
      14 -0.71201993E+01 -0.66897810E+01  0.43041831E+00  0.48566228E+00
      15 -0.71897333E+01 -0.67713100E+01  0.41842329E+00  0.48566228E+00
      16 -0.72515676E+01 -0.68425677E+01  0.40899989E+00  0.48566228E+00
      17 -0.73137330E+01 -0.69133362E+01  0.40039680E+00  0.48566228E+00
      18 -0.73798150E+01 -0.69718837E+01  0.40793129E+00  0.48566228E+00
      19 -0.74330557E+01 -0.70274933E+01  0.40556238E+00  0.48566228E+00
      20 -0.74755007E+01 -0.70753284E+01  0.40017231E+00  0.48566228E+00
      21 -0.75156355E+01 -0.71171243E+01  0.39851129E+00  0.48566228E+00
      22 -0.75610871E+01 -0.71560033E+01  0.40508377E+00  0.48566228E+00
      23 -0.75987507E+01 -0.71951144E+01  0.40363631E+00  0.48566228E+00
      24 -0.76299216E+01 -0.72304593E+01  0.39946228E+00  0.48566228E+00
      25 -0.76604751E+01 -0.72592321E+01  0.40124293E+00  0.48566228E+00
      26 -0.76876138E+01 -0.72852885E+01  0.40232527E+00  0.48566228E+00
      27 -0.77154510E+01 -0.73093071E+01  0.40614388E+00  0.48566228E+00
      28 -0.77381204E+01 -0.73328543E+01  0.40526608E+00  0.48566228E+00
      29 -0.77613747E+01 -0.73549535E+01  0.40642121E+00  0.48566228E+00
      30 -0.77838270E+01 -0.73745204E+01  0.40930663E+00  0.48566228E+00
      31 -0.78053479E+01 -0.73927431E+01  0.41260486E+00  0.48566228E+00
      32 -0.78234011E+01 -0.74095511E+01  0.41385006E+00  0.48566228E+00
# k =  0.00000000E+00  0.20000000E+00  0.40000000E+00 spin= 1
 # n1 <i|Sigma_ch|i> (eV), partial sum
 #      nbands   ch(vbm)          ch(cbm)           diff        converged
       1 -0.89497591E+00 -0.67923557E+00  0.21574034E+00  0.42549386E+00
       2 -0.18668755E+01 -0.12790264E+01  0.58784909E+00  0.42549386E+00
       3 -0.29832653E+01 -0.19270165E+01  0.10562488E+01  0.42549386E+00
       4 -0.50964143E+01 -0.23955533E+01  0.27008610E+01  0.42549386E+00
       5 -0.53870459E+01 -0.42034271E+01  0.11836188E+01  0.42549386E+00
       6 -0.57263159E+01 -0.48266372E+01  0.89967875E+00  0.42549386E+00
       7 -0.60409596E+01 -0.53006337E+01  0.74032589E+00  0.42549386E+00
       8 -0.62668516E+01 -0.56371413E+01  0.62971028E+00  0.42549386E+00
       9 -0.64765200E+01 -0.58672753E+01  0.60924470E+00  0.42549386E+00
      10 -0.66569608E+01 -0.60782833E+01  0.57867747E+00  0.42549386E+00
      11 -0.67778117E+01 -0.62587974E+01  0.51901431E+00  0.42549386E+00
      12 -0.68900460E+01 -0.63910057E+01  0.49904031E+00  0.42549386E+00
      13 -0.69881229E+01 -0.65134382E+01  0.47468469E+00  0.42549386E+00
      14 -0.70866717E+01 -0.66205462E+01  0.46612553E+00  0.42549386E+00
      15 -0.71535312E+01 -0.67113541E+01  0.44217709E+00  0.42549386E+00
      16 -0.72176664E+01 -0.67878057E+01  0.42986064E+00  0.42549386E+00
      17 -0.72816328E+01 -0.68544262E+01  0.42720663E+00  0.42549386E+00
      18 -0.73491179E+01 -0.69144667E+01  0.43465120E+00  0.42549386E+00
      19 -0.74035815E+01 -0.69701102E+01  0.43347125E+00  0.42549386E+00
      20 -0.74434942E+01 -0.70205243E+01  0.42296986E+00  0.42549386E+00
      21 -0.74841027E+01 -0.70644649E+01  0.41963786E+00  0.42549386E+00
      22 -0.75243407E+01 -0.71045848E+01  0.41975595E+00  0.42549386E+00
      23 -0.75612086E+01 -0.71418326E+01  0.41937599E+00  0.42549386E+00
      24 -0.75920420E+01 -0.71760702E+01  0.41597184E+00  0.42549386E+00
      25 -0.76218628E+01 -0.72056069E+01  0.41625586E+00  0.42549386E+00
      26 -0.76464409E+01 -0.72322136E+01  0.41422733E+00  0.42549386E+00
      27 -0.76739268E+01 -0.72580805E+01  0.41584634E+00  0.42549386E+00
      28 -0.76950976E+01 -0.72820110E+01  0.41308659E+00  0.42549386E+00
      29 -0.77150276E+01 -0.73032222E+01  0.41180539E+00  0.42549386E+00
      30 -0.77351074E+01 -0.73229051E+01  0.41220236E+00  0.42549386E+00
      31 -0.77553503E+01 -0.73418118E+01  0.41353845E+00  0.42549386E+00
      32 -0.77725033E+01 -0.73594146E+01  0.41308869E+00  0.42549386E+00
# k =  0.00000000E+00  0.20000000E+00  0.60000000E+00 spin= 1
 # n1 <i|Sigma_ch|i> (eV), partial sum
 #      nbands   ch(vbm)          ch(cbm)           diff        converged
       1 -0.87709713E+00 -0.69895931E+00  0.17813782E+00  0.45615831E+00
       2 -0.17932761E+01 -0.13005763E+01  0.49269986E+00  0.45615831E+00
       3 -0.28196693E+01 -0.19263104E+01  0.89335894E+00  0.45615831E+00
       4 -0.51251405E+01 -0.23765873E+01  0.27485532E+01  0.45615831E+00
       5 -0.53984064E+01 -0.41777558E+01  0.12206506E+01  0.45615831E+00
       6 -0.57151524E+01 -0.47465608E+01  0.96859163E+00  0.45615831E+00
       7 -0.60578586E+01 -0.52999503E+01  0.75790831E+00  0.45615831E+00
       8 -0.63080842E+01 -0.56558677E+01  0.65221650E+00  0.45615831E+00
       9 -0.65193905E+01 -0.58928790E+01  0.62651150E+00  0.45615831E+00
      10 -0.67032415E+01 -0.61100423E+01  0.59319913E+00  0.45615831E+00
      11 -0.68228315E+01 -0.62871138E+01  0.53571778E+00  0.45615831E+00
      12 -0.69377862E+01 -0.64222951E+01  0.51549108E+00  0.45615831E+00
      13 -0.70387451E+01 -0.65492536E+01  0.48949151E+00  0.45615831E+00
      14 -0.71385304E+01 -0.66561675E+01  0.48236295E+00  0.45615831E+00
      15 -0.72083177E+01 -0.67529159E+01  0.45540180E+00  0.45615831E+00
      16 -0.72739721E+01 -0.68317510E+01  0.44222112E+00  0.45615831E+00
      17 -0.73397111E+01 -0.68995703E+01  0.44014086E+00  0.45615831E+00
      18 -0.74102157E+01 -0.69603225E+01  0.44989324E+00  0.45615831E+00
      19 -0.74659031E+01 -0.70181685E+01  0.44773462E+00  0.45615831E+00
      20 -0.75068718E+01 -0.70708212E+01  0.43605052E+00  0.45615831E+00
      21 -0.75495701E+01 -0.71163894E+01  0.43318067E+00  0.45615831E+00
      22 -0.75913993E+01 -0.71570903E+01  0.43430895E+00  0.45615831E+00
      23 -0.76289049E+01 -0.71939045E+01  0.43500045E+00  0.45615831E+00
      24 -0.76603980E+01 -0.72280386E+01  0.43235944E+00  0.45615831E+00
      25 -0.76911977E+01 -0.72581524E+01  0.43304525E+00  0.45615831E+00
      26 -0.77163008E+01 -0.72856256E+01  0.43067518E+00  0.45615831E+00
      27 -0.77452439E+01 -0.73120044E+01  0.43323941E+00  0.45615831E+00
      28 -0.77672205E+01 -0.73365949E+01  0.43062559E+00  0.45615831E+00
      29 -0.77873065E+01 -0.73575856E+01  0.42972088E+00  0.45615831E+00
      30 -0.78080210E+01 -0.73773590E+01  0.43066199E+00  0.45615831E+00
      31 -0.78292235E+01 -0.73966440E+01  0.43257950E+00  0.45615831E+00
      32 -0.78471567E+01 -0.74149573E+01  0.43219939E+00  0.45615831E+00
# k =  0.00000000E+00  0.20000000E+00  0.80000000E+00 spin= 1
 # n1 <i|Sigma_ch|i> (eV), partial sum
 #      nbands   ch(vbm)          ch(cbm)           diff        converged
       1 -0.81249640E+00 -0.78851392E+00  0.23982478E-01  0.18353578E+00
       2 -0.18427918E+01 -0.14884106E+01  0.35438117E+00  0.18353578E+00
       3 -0.28743664E+01 -0.20904736E+01  0.78389274E+00  0.18353578E+00
       4 -0.51539027E+01 -0.25797573E+01  0.25741454E+01  0.18353578E+00
       5 -0.53963503E+01 -0.42846976E+01  0.11116528E+01  0.18353578E+00
       6 -0.57011794E+01 -0.47530863E+01  0.94809308E+00  0.18353578E+00
       7 -0.60487443E+01 -0.54540827E+01  0.59466161E+00  0.18353578E+00
       8 -0.63490765E+01 -0.58785522E+01  0.47052431E+00  0.18353578E+00
       9 -0.65693154E+01 -0.61619591E+01  0.40735630E+00  0.18353578E+00
      10 -0.67815931E+01 -0.63915252E+01  0.39006789E+00  0.18353578E+00
      11 -0.69118887E+01 -0.65951722E+01  0.31671654E+00  0.18353578E+00
      12 -0.70373061E+01 -0.67467420E+01  0.29056411E+00  0.18353578E+00
      13 -0.71433151E+01 -0.68866768E+01  0.25663833E+00  0.18353578E+00
      14 -0.72583851E+01 -0.70109736E+01  0.24741148E+00  0.18353578E+00
      15 -0.73306824E+01 -0.71121780E+01  0.21850438E+00  0.18353578E+00
      16 -0.73985068E+01 -0.71959893E+01  0.20251745E+00  0.18353578E+00
      17 -0.74708775E+01 -0.72771159E+01  0.19376154E+00  0.18353578E+00
      18 -0.75495817E+01 -0.73471161E+01  0.20246562E+00  0.18353578E+00
      19 -0.76106662E+01 -0.74140552E+01  0.19661099E+00  0.18353578E+00
      20 -0.76516895E+01 -0.74685225E+01  0.18316696E+00  0.18353578E+00
      21 -0.76987989E+01 -0.75194480E+01  0.17935082E+00  0.18353578E+00
      22 -0.77441074E+01 -0.75640833E+01  0.18002406E+00  0.18353578E+00
      23 -0.77855076E+01 -0.76072688E+01  0.17823879E+00  0.18353578E+00
      24 -0.78190957E+01 -0.76447840E+01  0.17431170E+00  0.18353578E+00
      25 -0.78519033E+01 -0.76774193E+01  0.17448398E+00  0.18353578E+00
      26 -0.78798874E+01 -0.77088641E+01  0.17102337E+00  0.18353578E+00
      27 -0.79122499E+01 -0.77374310E+01  0.17481890E+00  0.18353578E+00
      28 -0.79360710E+01 -0.77645101E+01  0.17156087E+00  0.18353578E+00
      29 -0.79574101E+01 -0.77878533E+01  0.16955682E+00  0.18353578E+00
      30 -0.79798643E+01 -0.78096672E+01  0.17019716E+00  0.18353578E+00
      31 -0.80032509E+01 -0.78317516E+01  0.17149925E+00  0.18353578E+00
      32 -0.80232821E+01 -0.78524147E+01  0.17086735E+00  0.18353578E+00
# k =  0.00000000E+00  0.40000000E+00  0.40000000E+00 spin= 1
 # n1 <i|Sigma_ch|i> (eV), partial sum
 #      nbands   ch(vbm)          ch(cbm)           diff        converged
       1 -0.99427405E+00 -0.69338036E+00  0.30089369E+00  0.59021751E+00
       2 -0.18563977E+01 -0.12754927E+01  0.58090497E+00  0.59021751E+00
       3 -0.31137539E+01 -0.20264665E+01  0.10872874E+01  0.59021751E+00
       4 -0.51075236E+01 -0.23235778E+01  0.27839459E+01  0.59021751E+00
       5 -0.54583329E+01 -0.43365992E+01  0.11217337E+01  0.59021751E+00
       6 -0.57560149E+01 -0.49841931E+01  0.77182182E+00  0.59021751E+00
       7 -0.60345463E+01 -0.53348358E+01  0.69971052E+00  0.59021751E+00
       8 -0.62602944E+01 -0.56106619E+01  0.64963247E+00  0.59021751E+00
       9 -0.64427629E+01 -0.57939287E+01  0.64883415E+00  0.59021751E+00
      10 -0.66032315E+01 -0.59659895E+01  0.63724194E+00  0.59021751E+00
      11 -0.67094787E+01 -0.61280936E+01  0.58138511E+00  0.59021751E+00
      12 -0.68225941E+01 -0.62421030E+01  0.58049112E+00  0.59021751E+00
      13 -0.69222723E+01 -0.63586220E+01  0.56365035E+00  0.59021751E+00
      14 -0.70304149E+01 -0.64502529E+01  0.58016208E+00  0.59021751E+00
      15 -0.70951156E+01 -0.65291932E+01  0.56592240E+00  0.59021751E+00
      16 -0.71546603E+01 -0.65997770E+01  0.55488323E+00  0.59021751E+00
      17 -0.72121330E+01 -0.66586886E+01  0.55344433E+00  0.59021751E+00
      18 -0.72720704E+01 -0.67113740E+01  0.56069643E+00  0.59021751E+00
      19 -0.73221355E+01 -0.67622780E+01  0.55985750E+00  0.59021751E+00
      20 -0.73645715E+01 -0.68073694E+01  0.55720218E+00  0.59021751E+00
      21 -0.74012482E+01 -0.68453594E+01  0.55588877E+00  0.59021751E+00
      22 -0.74404422E+01 -0.68811352E+01  0.55930695E+00  0.59021751E+00
      23 -0.74754833E+01 -0.69142684E+01  0.56121486E+00  0.59021751E+00
      24 -0.75031249E+01 -0.69448025E+01  0.55832245E+00  0.59021751E+00
      25 -0.75303352E+01 -0.69712048E+01  0.55913039E+00  0.59021751E+00
      26 -0.75542349E+01 -0.69948314E+01  0.55940350E+00  0.59021751E+00
      27 -0.75794150E+01 -0.70174859E+01  0.56192918E+00  0.59021751E+00
      28 -0.75992549E+01 -0.70385671E+01  0.56068775E+00  0.59021751E+00
      29 -0.76180991E+01 -0.70580222E+01  0.56007688E+00  0.59021751E+00
      30 -0.76366027E+01 -0.70754180E+01  0.56118464E+00  0.59021751E+00
      31 -0.76547922E+01 -0.70918753E+01  0.56291692E+00  0.59021751E+00
      32 -0.76702480E+01 -0.71073455E+01  0.56290257E+00  0.59021751E+00
# k =  0.00000000E+00  0.40000000E+00  0.60000000E+00 spin= 1
 # n1 <i|Sigma_ch|i> (eV), partial sum
 #      nbands   ch(vbm)          ch(cbm)           diff        converged
       1 -0.95729507E+00 -0.65966515E+00  0.29762991E+00  0.64167225E+00
       2 -0.18244769E+01 -0.12335898E+01  0.59088710E+00  0.64167225E+00
       3 -0.29435731E+01 -0.18937683E+01  0.10498048E+01  0.64167225E+00
       4 -0.51185699E+01 -0.22509931E+01  0.28675768E+01  0.64167225E+00
       5 -0.54135864E+01 -0.41363692E+01  0.12772172E+01  0.64167225E+00
       6 -0.57383298E+01 -0.48679361E+01  0.87039368E+00  0.64167225E+00
       7 -0.60472531E+01 -0.52377779E+01  0.80947514E+00  0.64167225E+00
       8 -0.62681381E+01 -0.55352818E+01  0.73285628E+00  0.64167225E+00
       9 -0.64616589E+01 -0.57383233E+01  0.72333562E+00  0.64167225E+00
      10 -0.66296940E+01 -0.59300626E+01  0.69963139E+00  0.64167225E+00
      11 -0.67414150E+01 -0.60848126E+01  0.65660238E+00  0.64167225E+00
      12 -0.68468531E+01 -0.62038937E+01  0.64295934E+00  0.64167225E+00
      13 -0.69421895E+01 -0.63255840E+01  0.61660559E+00  0.64167225E+00
      14 -0.70347777E+01 -0.64171886E+01  0.61758904E+00  0.64167225E+00
      15 -0.70985521E+01 -0.65016795E+01  0.59687257E+00  0.64167225E+00
      16 -0.71605552E+01 -0.65724572E+01  0.58809797E+00  0.64167225E+00
      17 -0.72239389E+01 -0.66342509E+01  0.58968808E+00  0.64167225E+00
      18 -0.72881443E+01 -0.66878997E+01  0.60024468E+00  0.64167225E+00
      19 -0.73402033E+01 -0.67397577E+01  0.60044561E+00  0.64167225E+00
      20 -0.73800733E+01 -0.67868700E+01  0.59320331E+00  0.64167225E+00
      21 -0.74182510E+01 -0.68270514E+01  0.59119961E+00  0.64167225E+00
      22 -0.74569226E+01 -0.68643507E+01  0.59257192E+00  0.64167225E+00
      23 -0.74913036E+01 -0.68960850E+01  0.59521865E+00  0.64167225E+00
      24 -0.75204048E+01 -0.69258983E+01  0.59450643E+00  0.64167225E+00
      25 -0.75498285E+01 -0.69539683E+01  0.59586023E+00  0.64167225E+00
      26 -0.75722441E+01 -0.69779842E+01  0.59425992E+00  0.64167225E+00
      27 -0.75986002E+01 -0.70014246E+01  0.59717561E+00  0.64167225E+00
      28 -0.76188268E+01 -0.70233149E+01  0.59551182E+00  0.64167225E+00
      29 -0.76376708E+01 -0.70423937E+01  0.59527705E+00  0.64167225E+00
      30 -0.76569507E+01 -0.70602645E+01  0.59668618E+00  0.64167225E+00
      31 -0.76762323E+01 -0.70768838E+01  0.59934848E+00  0.64167225E+00
      32 -0.76924193E+01 -0.70927927E+01  0.59962660E+00  0.64167225E+00
# k =  0.20000000E+00  0.40000000E+00  0.60000000E+00 spin= 1
 # n1 <i|Sigma_ch|i> (eV), partial sum
 #      nbands   ch(vbm)          ch(cbm)           diff        converged
       1 -0.93019257E+00 -0.63986761E+00  0.29032496E+00 -0.33645126E+00
       2 -0.17786285E+01 -0.12028103E+01  0.57581824E+00 -0.33645126E+00
       3 -0.29329036E+01 -0.17957728E+01  0.11371307E+01 -0.33645126E+00
       4 -0.49106068E+01 -0.24045875E+01  0.25060194E+01 -0.33645126E+00
       5 -0.53250688E+01 -0.40839850E+01  0.12410838E+01 -0.33645126E+00
       6 -0.56495869E+01 -0.47468665E+01  0.90272037E+00 -0.33645126E+00
       7 -0.59217182E+01 -0.52465535E+01  0.67516461E+00 -0.33645126E+00
       8 -0.61294808E+01 -0.56703701E+01  0.45911076E+00 -0.33645126E+00
       9 -0.63030223E+01 -0.59207182E+01  0.38230414E+00 -0.33645126E+00
      10 -0.64643272E+01 -0.61663460E+01  0.29798122E+00 -0.33645126E+00
      11 -0.65740718E+01 -0.63583545E+01  0.21571730E+00 -0.33645126E+00
      12 -0.66754318E+01 -0.65155783E+01  0.15985349E+00 -0.33645126E+00
      13 -0.67642832E+01 -0.66637192E+01  0.10056401E+00 -0.33645126E+00
      14 -0.68504584E+01 -0.67864994E+01  0.63958941E-01 -0.33645126E+00
      15 -0.69156722E+01 -0.68819097E+01  0.33762519E-01 -0.33645126E+00
      16 -0.69736040E+01 -0.69680532E+01  0.55508494E-02 -0.33645126E+00
      17 -0.70306004E+01 -0.70473893E+01 -0.16788925E-01 -0.33645126E+00
      18 -0.70881822E+01 -0.71223174E+01 -0.34135172E-01 -0.33645126E+00
      19 -0.71356024E+01 -0.71877886E+01 -0.52186196E-01 -0.33645126E+00
      20 -0.71739150E+01 -0.72429092E+01 -0.68994249E-01 -0.33645126E+00
      21 -0.72109684E+01 -0.72916847E+01 -0.80716297E-01 -0.33645126E+00
      22 -0.72451200E+01 -0.73386598E+01 -0.93539827E-01 -0.33645126E+00
      23 -0.72765847E+01 -0.73824781E+01 -0.10589340E+00 -0.33645126E+00
      24 -0.73040996E+01 -0.74212322E+01 -0.11713257E+00 -0.33645126E+00
      25 -0.73300776E+01 -0.74565748E+01 -0.12649718E+00 -0.33645126E+00
      26 -0.73513387E+01 -0.74865751E+01 -0.13523632E+00 -0.33645126E+00
      27 -0.73753004E+01 -0.75173036E+01 -0.14200328E+00 -0.33645126E+00
      28 -0.73944787E+01 -0.75433283E+01 -0.14884964E+00 -0.33645126E+00
      29 -0.74117838E+01 -0.75678347E+01 -0.15605089E+00 -0.33645126E+00
      30 -0.74291352E+01 -0.75905583E+01 -0.16142308E+00 -0.33645126E+00
      31 -0.74465805E+01 -0.76138352E+01 -0.16725472E+00 -0.33645126E+00
      32 -0.74614674E+01 -0.76344308E+01 -0.17296342E+00 -0.33645126E+00
