 # Column 1: omega
 # Column 2: eps2(omega)
 # Column 3: eps1(omega)
 # Column 4: JDOS(omega)
     0.000000000     0.000000000     3.339611509     0.000000000
     0.010000000     0.000000000     3.339652567     0.000000000
     0.020000000     0.000000000     3.339775752     0.000000000
     0.030000000     0.000000000     3.339981091     0.000000000
     0.040000000     0.000000000     3.340268637     0.000000000
     0.050000000     0.000000000     3.340638457     0.000000000
     0.060000000     0.000000000     3.341090641     0.000000000
     0.070000000     0.000000000     3.341625298     0.000000000
     0.080000000     0.000000000     3.342242557     0.000000000
     0.090000000     0.000000000     3.342942569     0.000000000
     0.100000000     0.000000000     3.343725502     0.000000000
     0.110000000     0.000000000     3.344591546     0.000000000
     0.120000000     0.000000000     3.345540912     0.000000000
     0.130000000     0.000000000     3.346573832     0.000000000
     0.140000000     0.000000000     3.347690556     0.000000000
     0.150000000     0.000000000     3.348891358     0.000000000
     0.160000000     0.000000000     3.350176532     0.000000000
     0.170000000     0.000000000     3.351546393     0.000000000
     0.180000000     0.000000000     3.353001278     0.000000000
     0.190000000     0.000000000     3.354541546     0.000000000
     0.200000000     0.000000000     3.356167576     0.000000000
     0.210000000     0.000000000     3.357879774     0.000000000
     0.220000000     0.000000000     3.359678564     0.000000000
     0.230000000     0.000000000     3.361564394     0.000000000
     0.240000000     0.000000000     3.363537738     0.000000000
     0.250000000     0.000000000     3.365599090     0.000000000
     0.260000000     0.000000000     3.367748970     0.000000000
     0.270000000     0.000000000     3.369987922     0.000000000
     0.280000000     0.000000000     3.372316514     0.000000000
     0.290000000     0.000000000     3.374735340     0.000000000
     0.300000000     0.000000000     3.377245019     0.000000000
     0.310000000     0.000000000     3.379846197     0.000000000
     0.320000000     0.000000000     3.382539545     0.000000000
     0.330000000     0.000000000     3.385325763     0.000000000
     0.340000000     0.000000000     3.388205577     0.000000000
     0.350000000     0.000000000     3.391179743     0.000000000
     0.360000000     0.000000000     3.394249043     0.000000000
     0.370000000     0.000000000     3.397414290     0.000000000
     0.380000000     0.000000000     3.400676328     0.000000000
     0.390000000     0.000000000     3.404036029     0.000000000
     0.400000000     0.000000000     3.407494300     0.000000000
     0.410000000     0.000000000     3.411052077     0.000000000
     0.420000000     0.000000000     3.414710330     0.000000000
     0.430000000     0.000000000     3.418470063     0.000000000
     0.440000000     0.000000000     3.422332314     0.000000000
     0.450000000     0.000000000     3.426298158     0.000000000
     0.460000000     0.000000000     3.430368703     0.000000000
     0.470000000     0.000000000     3.434545098     0.000000000
     0.480000000     0.000000000     3.438828528     0.000000000
     0.490000000     0.000000000     3.443220218     0.000000000
     0.500000000     0.000000000     3.447721433     0.000000000
     0.510000000     0.000000000     3.452333481     0.000000000
     0.520000000     0.000000000     3.457057712     0.000000000
     0.530000000     0.000000000     3.461895519     0.000000000
     0.540000000     0.000000000     3.466848341     0.000000000
     0.550000000     0.000000000     3.471917664     0.000000000
     0.560000000     0.000000000     3.477105023     0.000000000
     0.570000000     0.000000000     3.482412001     0.000000000
     0.580000000     0.000000000     3.487840232     0.000000000
     0.590000000     0.000000000     3.493391404     0.000000000
     0.600000000     0.000000000     3.499067259     0.000000000
     0.610000000     0.000000000     3.504869595     0.000000000
     0.620000000     0.000000000     3.510800269     0.000000000
     0.630000000     0.000000000     3.516861198     0.000000000
     0.640000000     0.000000000     3.523054359     0.000000000
     0.650000000     0.000000000     3.529381796     0.000000000
     0.660000000     0.000000000     3.535845619     0.000000000
     0.670000000     0.000000000     3.542448006     0.000000000
     0.680000000     0.000000000     3.549191206     0.000000000
     0.690000000     0.000000000     3.556077544     0.000000000
     0.700000000     0.000000000     3.563109421     0.000000000
     0.710000000     0.000000000     3.570289315     0.000000000
     0.720000000     0.000000000     3.577619790     0.000000000
     0.730000000     0.000000000     3.585103494     0.000000000
     0.740000000     0.000000000     3.592743165     0.000000000
     0.750000000     0.000000000     3.600541632     0.000000000
     0.760000000     0.000000000     3.608501822     0.000000000
     0.770000000     0.000000000     3.616626761     0.000000000
     0.780000000     0.000000000     3.624919579     0.000000000
     0.790000000     0.000000000     3.633383516     0.000000000
     0.800000000     0.000000000     3.642021922     0.000000000
     0.810000000     0.000000000     3.650838268     0.000000000
     0.820000000     0.000000000     3.659836145     0.000000000
     0.830000000     0.000000000     3.669019275     0.000000000
     0.840000000     0.000000000     3.678391511     0.000000000
     0.850000000     0.000000000     3.687956846     0.000000000
     0.860000000     0.000000000     3.697719422     0.000000000
     0.870000000     0.000000000     3.707683529     0.000000000
     0.880000000     0.000000000     3.717853619     0.000000000
     0.890000000     0.000000000     3.728234311     0.000000000
     0.900000000     0.000000000     3.738830400     0.000000000
     0.910000000     0.000000000     3.749646861     0.000000000
     0.920000000     0.000000000     3.760688864     0.000000000
     0.930000000     0.000000000     3.771961780     0.000000000
     0.940000000     0.000000000     3.783471192     0.000000000
     0.950000000     0.000000000     3.795222904     0.000000000
     0.960000000     0.000000000     3.807222956     0.000000000
     0.970000000     0.000000000     3.819477631     0.000000000
     0.980000000     0.000000000     3.831993475     0.000000000
     0.990000000     0.000000000     3.844777303     0.000000000
     1.000000000     0.000000000     3.857836218     0.000000000
     1.010000000     0.000000000     3.871177628     0.000000000
     1.020000000     0.000000000     3.884809259     0.000000000
     1.030000000     0.000000000     3.898739178     0.000000000
     1.040000000     0.000000000     3.912975805     0.000000000
     1.050000000     0.000000000     3.927527943     0.000000000
     1.060000000     0.000000000     3.942404792     0.000000000
     1.070000000     0.000000000     3.957615979     0.000000000
     1.080000000     0.000000000     3.973171580     0.000000000
     1.090000000     0.000000000     3.989082150     0.000000000
     1.100000000     0.000000000     4.005358752     0.000000000
     1.110000000     0.000000000     4.022012988     0.000000000
     1.120000000     0.000000000     4.039057039     0.000000000
     1.130000000     0.000000000     4.056503697     0.000000000
     1.140000000     0.000000000     4.074366410     0.000000000
     1.150000000     0.000000000     4.092659323     0.000000000
     1.160000000     0.000000000     4.111397331     0.000000000
     1.170000000     0.000000000     4.130596127     0.000000000
     1.180000000     0.000000000     4.150272265     0.000000000
     1.190000000     0.000000000     4.170443216     0.000000000
     1.200000000     0.000000000     4.191127439     0.000000000
     1.210000000     0.000000000     4.212344460     0.000000000
     1.220000000     0.000000000     4.234114947     0.000000000
     1.230000000     0.000000000     4.256460804     0.000000000
     1.240000000     0.000000000     4.279405271     0.000000000
     1.250000000     0.000000000     4.302973029     0.000000000
     1.260000000     0.000000000     4.327190324     0.000000000
     1.270000000     0.000000000     4.352085098     0.000000000
     1.280000000     0.000000000     4.377687138     0.000000000
     1.290000000     0.000000000     4.404028237     0.000000000
     1.300000000     0.000000000     4.431142377     0.000000000
     1.310000000     0.000000000     4.459065936     0.000000000
     1.320000000     0.000000000     4.487837907     0.000000000
     1.330000000     0.000000000     4.517500158     0.000000000
     1.340000000     0.000000000     4.548097713     0.000000000
     1.350000000     0.000000000     4.579679079     0.000000000
     1.360000000     0.000000000     4.612296599     0.000000000
     1.370000000     0.000000000     4.646006872     0.000000000
     1.380000000     0.000000000     4.680871210     0.000000000
     1.390000000     0.000000000     4.716956175     0.000000000
     1.400000000     0.000000000     4.754334181     0.000000000
     1.410000000     0.000000000     4.793084191     0.000000000
     1.420000000     0.000000000     4.833292513     0.000000000
     1.430000000     0.000000000     4.875053726     0.000000000
     1.440000000     0.000000000     4.918471751     0.000000000
     1.450000000     0.000000000     4.963661094     0.000000000
     1.460000000     0.000000000     5.010748304     0.000000000
     1.470000000     0.000000000     5.059873689     0.000000000
     1.480000000     0.000000000     5.111193330     0.000000000
     1.490000000     0.000000000     5.164881489     0.000000000
     1.500000000     0.000000000     5.221133463     0.000000000
     1.510000000     0.000000000     5.280169029     0.000000000
     1.520000000     0.000000000     5.342236589     0.000000000
     1.530000000     0.000000000     5.407618219     0.000000000
     1.540000000     0.000000000     5.476635849     0.000000000
     1.550000000     0.000000000     5.549658888     0.000000000
     1.560000000     0.000000000     5.627113708     0.000000000
     1.570000000     0.000000000     5.709495539     0.000000000
     1.580000000     0.000000000     5.797383532     0.000000000
     1.590000000     0.000000000     5.891460020     0.000000000
     1.600000000     0.000000000     5.992535400     0.000000000
     1.610000000     0.000000000     6.101580661     0.000000000
     1.620000000     0.000000000     6.219770392     0.000000000
     1.630000000     0.000000000     6.348540393     0.000000000
     1.640000000     0.000000000     6.489665873     0.000000001
     1.650000000     0.000000011     6.645369016     0.000000008
     1.660000000     0.000000231     6.818468961     0.000000093
     1.670000000     0.000003805     7.012593387     0.000000842
     1.680000000     0.000048937     7.232479482     0.000005984
     1.690000000     0.000491740     7.484401680     0.000033415
     1.700000000     0.003865657     7.776765722     0.000147160
     1.710000000     0.023811090     8.120865733     0.000513546
     1.720000000     0.115154441     8.531561148     0.001429594
     1.730000000     0.438347948     9.026574741     0.003203954
     1.740000000     1.317333644     9.618643661     0.005852628
     1.750000000     3.135993882    10.276013270     0.008849818
     1.760000000     5.934388752    10.759734964     0.011270361
     1.770000000     8.955718990    10.224330241     0.012275755
     1.780000000    10.804985496     7.812063838     0.011531253
     1.790000000    10.435214309     4.769037080     0.009319225
     1.800000000     8.065910129     2.968149027     0.006401369
     1.810000000     4.981788636     2.981730832     0.003673790
     1.820000000     2.452057815     3.717117841     0.001733611
     1.830000000     0.959089911     4.567003047     0.000676652
     1.840000000     0.301062731     5.400481427     0.000282601
     1.850000000     0.101477850     6.224403985     0.000362619
     1.860000000     0.162099226     7.077179348     0.000975654
     1.870000000     0.596089851     8.003842506     0.002391147
     1.880000000     1.877988516     9.042156496     0.004796665
     1.890000000     4.695177150    10.172131483     0.007911738
     1.900000000     9.313147922    11.099923788     0.010868757
     1.910000000    14.694083631    10.614368402     0.012581711
     1.920000000    18.479643765     6.826916889     0.012358393
     1.930000000    18.545874623     1.160513511     0.010298086
     1.940000000    14.852663567    -2.753556069     0.007226714
     1.950000000     9.481307930    -3.355073101     0.004219732
     1.960000000     4.814314378    -2.504399139     0.002022585
     1.970000000     1.939261313    -1.458032209     0.000785849
     1.980000000     0.617878778    -0.531858675     0.000244932
     1.990000000     0.155271880     0.241840786     0.000060762
     2.000000000     0.030695848     0.888311167     0.000012117
     2.010000000     0.004763816     1.437438533     0.000003560
     2.020000000     0.000585120     1.913756494     0.000011759
     2.030000000     0.000099021     2.335993996     0.000061039
     2.040000000     0.000253825     2.718369492     0.000255206
     2.050000000     0.001106253     3.071900266     0.000847071
     2.060000000     0.003819372     3.405418378     0.002241137
     2.070000000     0.010302007     3.726263897     0.004754214
     2.080000000     0.021821355     4.040504623     0.008157278
     2.090000000     0.036916634     4.351991762     0.011491197
     2.100000000     0.052482452     4.660786379     0.013672876
     2.110000000     0.070813993     4.975074776     0.014501268
     2.120000000     0.106338150     5.318106822     0.014920478
     2.130000000     0.182869133     5.695576009     0.016102560
     2.140000000     0.334864678     6.097745601     0.018274243
     2.150000000     0.650868564     6.493581076     0.020481392
     2.160000000     1.340602587     6.897462386     0.021466372
     2.170000000     2.659553356     7.385050393     0.020731049
     2.180000000     4.551009534     7.769660429     0.018782532
     2.190000000     6.314074648     7.308243719     0.016538335
     2.200000000     6.926923551     5.235978959     0.014755347
     2.210000000     5.958518557     3.463659176     0.013975630
     2.220000000     4.014427516     3.312595375     0.014453512
     2.230000000     2.134436214     3.844853470     0.015782685
     2.240000000     0.940078677     4.508144535     0.017111831
     2.250000000     0.446874980     5.175372996     0.018290515
     2.260000000     0.419694646     5.824785120     0.020416996
     2.270000000     0.707067936     6.436790953     0.024528927
     2.280000000     1.352939005     6.998531919     0.029882408
     2.290000000     2.523840375     7.546780917     0.034242050
     2.300000000     4.233663331     7.969994906     0.035894173
     2.310000000     6.001515583     7.897722006     0.034819455
     2.320000000     6.922798727     6.531864217     0.032082335
     2.330000000     6.373211606     4.588002240     0.028811421
     2.340000000     4.643126603     4.111846193     0.025753813
     2.350000000     2.674848108     4.651923243     0.023349361
     2.360000000     1.233406432     5.438326730     0.022181419
     2.370000000     0.495019019     6.262984165     0.023230616
     2.380000000     0.294571457     7.107780466     0.027385836
     2.390000000     0.524466812     7.983017253     0.034896110
     2.400000000     1.289643829     8.898032712     0.045379308
     2.410000000     2.752128840     9.808201083     0.057497442
     2.420000000     4.751370843    10.500091655     0.067976042
     2.430000000     6.545427706    10.338303704     0.072161909
     2.440000000     7.163037254     8.863710002     0.067725516
     2.450000000     6.241464947     7.663403668     0.058184405
     2.460000000     4.418989093     8.099829456     0.051083619
     2.470000000     2.785311243     9.406279510     0.051868913
     2.480000000     2.133383618    10.969482500     0.060362224
     2.490000000     2.872413583    12.645213957     0.073007113
     2.500000000     5.372549389    14.431492421     0.086520308
     2.510000000     9.938963160    16.202159231     0.098563465
     2.520000000    16.298575241    17.025023746     0.106937553
     2.530000000    23.360779993    15.246419752     0.110315986
     2.540000000    29.622097848    11.276171352     0.109465223
     2.550000000    33.504983959     7.462120429     0.106550503
     2.560000000    33.448430879     1.694598640     0.103459850
     2.570000000    28.785761289    -5.854617163     0.101192733
     2.580000000    21.055451754    -8.720900615     0.099948019
     2.590000000    13.552277507    -7.479789903     0.099259248
     2.600000000     8.933924017    -5.168220989     0.098728081
     2.610000000     7.492016633    -3.174940467     0.098924400
     2.620000000     7.679280671    -2.567844808     0.101550474
     2.630000000     7.841201590    -3.011576266     0.108887326
     2.640000000     7.386583003    -2.646513534     0.122204535
     2.650000000     6.744346296    -1.906905562     0.139587751
     2.660000000     6.697589956    -1.160342855     0.155804377
     2.670000000     7.766516441    -0.072733518     0.165354853
     2.680000000     9.729123384     0.838792016     0.166296845
     2.690000000    11.551326676     0.064483454     0.161852117
     2.700000000    12.191996347    -2.301707713     0.158245451
     2.710000000    11.617164507    -3.248606317     0.159722997
     2.720000000    10.681381828    -2.984535902     0.165329418
     2.730000000    10.044210450    -3.111011310     0.171232971
     2.740000000     9.617098035    -3.700543197     0.175561237
     2.750000000     9.019510349    -4.276131430     0.179682892
     2.760000000     8.137131529    -4.577180469     0.185363084
     2.770000000     7.137822105    -4.526425489     0.192214281
     2.780000000     6.210807618    -4.446976972     0.198073655
     2.790000000     5.447525310    -4.271808380     0.201169017
     2.800000000     4.879114033    -3.892627076     0.201904928
     2.810000000     4.507694148    -3.545866154     0.202767054
     2.820000000     4.311235958    -3.243049106     0.206104347
     2.830000000     4.265176264    -2.898131195     0.211663621
     2.840000000     4.348137800    -2.633105637     0.216690282
     2.850000000     4.500105586    -2.408926608     0.218915917
     2.860000000     4.583624133    -2.297123826     0.219378150
     2.870000000     4.438099809    -2.391713040     0.222169691
     2.880000000     4.032321243    -2.435952057     0.231385004
     2.890000000     3.562691755    -2.136599735     0.247844793
     2.900000000     3.348975830    -1.575890108     0.267980955
     2.910000000     3.600061353    -0.957824167     0.285513204
     2.920000000     4.270775708    -0.573058669     0.294852803
     2.930000000     5.124071760    -0.524924516     0.294350880
     2.940000000     5.900592185    -0.698966364     0.287273259
     2.950000000     6.418155285    -0.991757806     0.279286861
     2.960000000     6.559539607    -1.326112841     0.274152166
     2.970000000     6.282740057    -1.792724082     0.271713092
     2.980000000     5.725718088    -2.108283655     0.270081338
     2.990000000     5.241124507    -1.849135153     0.268912248
     3.000000000     5.209864784    -1.392522907     0.269865750
     3.010000000     5.774589122    -1.096990402     0.274714751
     3.020000000     6.731828043    -1.008690613     0.283897640
     3.030000000     7.657298286    -1.415332461     0.296123855
     3.040000000     8.195945041    -2.304555486     0.308634469
     3.050000000     8.297716634    -2.960761796     0.318819541
     3.060000000     8.137302279    -3.288541293     0.326292865
     3.070000000     7.815349383    -3.758180548     0.332645284
     3.080000000     7.261348513    -4.419593501     0.339056940
     3.090000000     6.457053267    -4.898329814     0.345184949
     3.100000000     5.623258817    -4.992854369     0.350677185
     3.110000000     5.078162765    -4.720942269     0.356892153
     3.120000000     4.922935960    -4.474509901     0.366129820
     3.130000000     4.933650474    -4.594592453     0.378883625
     3.140000000     4.795975716    -5.005731649     0.392505503
     3.150000000     4.404098064    -5.201467845     0.403179776
     3.160000000     3.885340965    -5.134045003     0.409101541
     3.170000000     3.395790979    -5.041990690     0.412003723
     3.180000000     2.997094760    -5.004069697     0.416155890
     3.190000000     2.711849693    -4.882686482     0.425284900
     3.200000000     2.569818069    -4.655007038     0.439517940
     3.210000000     2.539493904    -4.467326602     0.455474328
     3.220000000     2.484123331    -4.503471026     0.469814758
     3.230000000     2.266047469    -4.652761415     0.482540558
     3.240000000     1.887414297    -4.613934423     0.496493234
     3.250000000     1.489251918    -4.408767430     0.513956636
     3.260000000     1.224404595    -4.141053468     0.534619152
     3.270000000     1.152388259    -3.863154022     0.556984139
     3.280000000     1.226615834    -3.647990307     0.580984127
     3.290000000     1.345371360    -3.549106037     0.609075594
     3.300000000     1.420229408    -3.530917604     0.645263617
     3.310000000     1.415866663    -3.486592017     0.692952453
     3.320000000     1.338691223    -3.433647373     0.753697654
     3.330000000     1.210141091    -3.403947127     0.828259689
     3.340000000     1.065522256    -3.324549169     0.917668581
     3.350000000     0.959926805    -3.182649692     1.021098288
     3.360000000     0.946973369    -3.018867218     1.131887850
     3.370000000     1.039102985    -2.873769526     1.236486312
     3.380000000     1.184353637    -2.788021790     1.319006890
     3.390000000     1.289579824    -2.815228949     1.368735338
     3.400000000     1.290429822    -2.912595715     1.384084038
     3.410000000     1.209927311    -2.924761518     1.370110109
     3.420000000     1.134534437    -2.837444162     1.335416596
     3.430000000     1.125948096    -2.756295056     1.292653699
     3.440000000     1.165222984    -2.745463339     1.256001155
     3.450000000     1.179719166    -2.786842921     1.232718913
     3.460000000     1.111564004    -2.861268777     1.219956034
     3.470000000     0.962322141    -2.898413836     1.212677728
     3.480000000     0.783586868    -2.852134699     1.211212020
     3.490000000     0.630795522    -2.769894392     1.218991064
     3.500000000     0.526680368    -2.689415676     1.236876055
     3.510000000     0.462080103    -2.612160152     1.262471741
     3.520000000     0.418355730    -2.540491526     1.292227367
     3.530000000     0.383350472    -2.473323690     1.321162309
     3.540000000     0.352807634    -2.402771291     1.341786037
     3.550000000     0.325665008    -2.337432522     1.346591046
     3.560000000     0.302042137    -2.278067660     1.333167537
     3.570000000     0.284020412    -2.213697925     1.306218645
     3.580000000     0.273932075    -2.149430275     1.273570545
     3.590000000     0.270398835    -2.093614682     1.240254666
     3.600000000     0.268146639    -2.046586755     1.207194638
     3.610000000     0.262891159    -2.004671097     1.175640475
     3.620000000     0.255169405    -1.963107749     1.150841486
     3.630000000     0.247751293    -1.917013131     1.138227068
     3.640000000     0.239655442    -1.875876073     1.135339937
     3.650000000     0.225673246    -1.847219833     1.130639544
     3.660000000     0.203464207    -1.817343101     1.113470619
     3.670000000     0.178366488    -1.774112545     1.085330083
     3.680000000     0.158698560    -1.725063869     1.058840078
     3.690000000     0.148307664    -1.681577588     1.043729530
     3.700000000     0.145296658    -1.641123680     1.035879356
     3.710000000     0.145181739    -1.601825451     1.023290806
     3.720000000     0.143261087    -1.568408034     1.000651809
     3.730000000     0.136541962    -1.540968360     0.974050020
     3.740000000     0.125909144    -1.508542476     0.952645663
     3.750000000     0.115538507    -1.472444187     0.938470774
     3.760000000     0.109011182    -1.436624095     0.924170373
     3.770000000     0.106204194    -1.402506894     0.900679812
     3.780000000     0.104029766    -1.372708145     0.867681061
     3.790000000     0.099955989    -1.346496471     0.834668447
     3.800000000     0.094654444    -1.316599771     0.810018319
     3.810000000     0.091123719    -1.284555968     0.792199515
     3.820000000     0.091621360    -1.255294027     0.775506863
     3.830000000     0.095515948    -1.227500428     0.760689897
     3.840000000     0.099210879    -1.202908323     0.752981005
     3.850000000     0.098207835    -1.185963762     0.750660902
     3.860000000     0.090618393    -1.168474122     0.743155031
     3.870000000     0.078930066    -1.145238758     0.723163676
     3.880000000     0.067787327    -1.118709722     0.695636112
     3.890000000     0.060538984    -1.092135296     0.671122662
     3.900000000     0.058124584    -1.066334223     0.654097145
     3.910000000     0.059628413    -1.040846773     0.642010412
     3.920000000     0.062432124    -1.017757514     0.632512872
     3.930000000     0.062817062    -1.000502629     0.625736735
     3.940000000     0.058419516    -0.984694755     0.619393816
     3.950000000     0.050519897    -0.965174094     0.606458213
     3.960000000     0.043159042    -0.942191680     0.581244265
     3.970000000     0.039718792    -0.918025932     0.547131261
     3.980000000     0.040326346    -0.895840730     0.515898908
     3.990000000     0.042164037    -0.877094464     0.498625322
     4.000000000     0.042020831    -0.861749166     0.497396554
     4.010000000     0.038704904    -0.845709812     0.505178126
     4.020000000     0.033303335    -0.827485772     0.512676050
     4.030000000     0.027639716    -0.809220871     0.515085902
     4.040000000     0.022933971    -0.790243282     0.513190718
     4.050000000     0.019604872    -0.771218946     0.510140011
     4.060000000     0.017566847    -0.752572796     0.508837444
     4.070000000     0.016396811    -0.734373492     0.510732831
     4.080000000     0.015432468    -0.717166456     0.512954661
     4.090000000     0.014037928    -0.700689391     0.505516262
     4.100000000     0.011974980    -0.684583030     0.475666097
     4.110000000     0.009534986    -0.667935942     0.418943143
     4.120000000     0.007268875    -0.651228636     0.345124362
     4.130000000     0.005588753    -0.634591364     0.271926261
     4.140000000     0.004573753    -0.618135559     0.213595992
     4.150000000     0.004035736    -0.602264835     0.174736855
     4.160000000     0.003716013    -0.586951363     0.151467070
     4.170000000     0.003426262    -0.571798656     0.135340413
     4.180000000     0.003039521    -0.557060507     0.117163785
     4.190000000     0.002467969    -0.542846131     0.091750793
     4.200000000     0.001738622    -0.528692064     0.061551492
     4.210000000     0.001018633    -0.514495695     0.034140343
     4.220000000     0.000483156    -0.500487038     0.015332607
     4.230000000     0.000182722    -0.486761172     0.005509215
     4.240000000     0.000054639    -0.473325318     0.001572709
     4.250000000     0.000012859    -0.460165547     0.000355139
     4.260000000     0.000002375    -0.447265673     0.000063251
     4.270000000     0.000000344    -0.434611132     0.000008866
     4.280000000     0.000000039    -0.422189373     0.000000976
     4.290000000     0.000000003    -0.409989564     0.000000084
     4.300000000     0.000000000    -0.398002237     0.000000006
     4.310000000     0.000000000    -0.386218998     0.000000000
     4.320000000     0.000000000    -0.374632307     0.000000000
     4.330000000     0.000000000    -0.363235314     0.000000000
     4.340000000     0.000000000    -0.352021743     0.000000000
     4.350000000     0.000000000    -0.340985789     0.000000000
     4.360000000     0.000000000    -0.330122057     0.000000000
     4.370000000     0.000000000    -0.319425499     0.000000000
     4.380000000     0.000000000    -0.308891374     0.000000000
     4.390000000     0.000000000    -0.298515210     0.000000000
     4.400000000     0.000000000    -0.288292775     0.000000000
     4.410000000     0.000000000    -0.278220052     0.000000000
     4.420000000     0.000000000    -0.268293219     0.000000000
     4.430000000     0.000000000    -0.258508631     0.000000000
     4.440000000     0.000000000    -0.248862805     0.000000000
     4.450000000     0.000000000    -0.239352409     0.000000000
     4.460000000     0.000000000    -0.229974248     0.000000000
     4.470000000     0.000000000    -0.220725253     0.000000000
     4.480000000     0.000000000    -0.211602478     0.000000000
     4.490000000     0.000000000    -0.202603085     0.000000000
     4.500000000     0.000000000    -0.193724341     0.000000000
     4.510000000     0.000000000    -0.184963612     0.000000000
     4.520000000     0.000000000    -0.176318355     0.000000000
     4.530000000     0.000000000    -0.167786114     0.000000000
     4.540000000     0.000000000    -0.159364516     0.000000000
     4.550000000     0.000000000    -0.151051265     0.000000000
     4.560000000     0.000000000    -0.142844139     0.000000000
     4.570000000     0.000000000    -0.134740986     0.000000000
     4.580000000     0.000000000    -0.126739721     0.000000000
     4.590000000     0.000000000    -0.118838322     0.000000000
     4.600000000     0.000000000    -0.111034829     0.000000000
     4.610000000     0.000000000    -0.103327338     0.000000000
     4.620000000     0.000000000    -0.095714002     0.000000000
     4.630000000     0.000000000    -0.088193025     0.000000000
     4.640000000     0.000000000    -0.080762663     0.000000000
     4.650000000     0.000000000    -0.073421222     0.000000000
     4.660000000     0.000000000    -0.066167053     0.000000000
     4.670000000     0.000000000    -0.058998550     0.000000000
     4.680000000     0.000000000    -0.051914154     0.000000000
     4.690000000     0.000000000    -0.044912345     0.000000000
     4.700000000     0.000000000    -0.037991643     0.000000000
     4.710000000     0.000000000    -0.031150606     0.000000000
     4.720000000     0.000000000    -0.024387831     0.000000000
     4.730000000     0.000000000    -0.017701948     0.000000000
     4.740000000     0.000000000    -0.011091623     0.000000000
     4.750000000     0.000000000    -0.004555554     0.000000000
     4.760000000     0.000000000     0.001907528     0.000000000
     4.770000000     0.000000000     0.008298861     0.000000000
     4.780000000     0.000000000     0.014619654     0.000000000
     4.790000000     0.000000000     0.020871086     0.000000000
     4.800000000     0.000000000     0.027054310     0.000000000
     4.810000000     0.000000000     0.033170450     0.000000000
     4.820000000     0.000000000     0.039220605     0.000000000
     4.830000000     0.000000000     0.045205847     0.000000000
     4.840000000     0.000000000     0.051127226     0.000000000
     4.850000000     0.000000000     0.056985767     0.000000000
     4.860000000     0.000000000     0.062782471     0.000000000
     4.870000000     0.000000000     0.068518318     0.000000000
     4.880000000     0.000000000     0.074194266     0.000000000
     4.890000000     0.000000000     0.079811251     0.000000000
     4.900000000     0.000000000     0.085370191     0.000000000
     4.910000000     0.000000000     0.090871981     0.000000000
     4.920000000     0.000000000     0.096317499     0.000000000
     4.930000000     0.000000000     0.101707603     0.000000000
     4.940000000     0.000000000     0.107043134     0.000000000
     4.950000000     0.000000000     0.112324916     0.000000000
     4.960000000     0.000000000     0.117553753     0.000000000
     4.970000000     0.000000000     0.122730434     0.000000000
     4.980000000     0.000000000     0.127855732     0.000000000
     4.990000000     0.000000000     0.132930405     0.000000000
     5.000000000     0.000000000     0.137955193     0.000000000
